f_0082926.png f_0082452.png
3 144
51 306
56 215
62 134
64 32
71 141
90 158
91 56
116 159
144 421
177 319
210 63
238 175
265 167
289 708
294 118
298 12
342 489
345 157
354 62
366 514
369 190
390 233
399 213
400 181
453 851
454 842
457 245
460 188
461 192
474 266
477 329
494 298
501 317
517 246
529 701
571 760
580 704
603 724
641 685
647 304
665 946
674 1108
692 618
730 627
732 571
736 741
778 299
798 1008
826 668
842 1114
844 398
865 916
880 393
888 762
890 1165
907 733
908 572
909 473
920 636
935 713
936 645
944 756
955 660
980 813
981 732
982 646
1003 1047
1004 923
1011 590
1018 1080
1031 1277
1044 809
1048 735
1078 730
1126 750
1132 1205
1166 1410
1188 785
1208 1102
1218 1158
1219 1061
1221 931
1232 1025
1235 1485
1244 810
1266 924
1304 990
1307 969
1308 862
1330 1028
1343 850
1347 939
1368 1037
1385 1166
1395 1161
1399 1241
1400 1187
1401 1021
1406 1178
1423 1191
1446 1159
1456 1147
1460 1195
1489 1084
1525 1506
1546 1216
1588 1167
1597 1542
1606 1263
1613 1510
1640 1533
1714 1265
1715 1258
1757 1395
1758 1296
1773 1350
1806 1441
1852 1336
1865 1411
1899 1401
1918 1444
1927 1456
1930 1427
1931 1433
1934 1453
1935 1434
2008 1476
2013 1472
2020 1556
2054 1523
2076 1649
2110 1544
2218 1631
2316 1520
2323 1538
2341 1511
2557 1623
2570 1624
