f_0082926.png f_0082492.png
1 885
17 619
24 520
40 523
41 922
62 534
70 837
79 946
91 369
94 353
98 565
105 450
110 737
116 562
149 38
177 758
188 607
201 675
206 647
224 474
234 741
238 572
264 843
294 513
302 819
306 767
313 708
332 586
341 992
342 888
344 609
345 475
367 919
368 648
369 601
383 677
397 1019
400 610
405 597
408 787
416 924
428 818
440 1233
457 656
460 651
471 702
494 693
505 1150
506 953
507 497
517 684
529 1135
563 1136
564 985
571 1209
572 978
587 850
595 866
625 1228
642 1094
646 990
649 636
653 1259
657 1483
658 1027
666 1268
679 1569
690 1318
703 1260
716 1239
721 912
725 686
739 1074
743 1182
744 1139
747 1319
757 1334
763 1061
771 1193
774 779
783 1371
789 1537
793 1674
794 1082
806 1219
808 1298
816 1460
822 1103
823 1097
825 1532
826 1087
830 1384
844 856
860 1515
865 1372
909 954
911 1424
913 1006
919 1185
920 1059
921 894
923 1716
928 1801
936 1075
940 1479
944 1202
948 1535
953 945
955 1079
967 1098
981 1152
982 1105
1009 1734
1010 1566
1019 1145
1022 1009
1027 1195
1037 1776
1060 1567
1063 1554
1066 1969
1110 1607
1111 1257
1136 1256
1140 2034
1155 1254
1187 1249
1188 1269
1193 1545
1202 1295
1205 2081
1206 1786
1209 1433
1214 1699
1227 1339
1232 1458
1241 2096
1252 1251
1265 1486
1269 1366
1298 1902
1307 1375
1325 1452
1347 1393
1353 1856
1368 1495
1399 1754
1406 1693
1445 1698
1455 1783
1456 1633
1460 1728
1475 1712
1485 2089
1488 1596
1489 1526
1505 2115
1521 1636
1540 1967
1541 1787
1555 1645
1581 1626
1610 1903
1641 1824
1668 2351
1680 1852
1708 1879
1732 1888
1758 1847
1773 1901
1774 1882
1781 2134
1791 1895
1821 2161
1847 1972
1866 1977
1876 1980
1931 2027
1992 2188
2094 2231
2115 2363
2340 2336
