f_0064886.png f_0064962.png
7 1155
11 1510
13 1026
16 560
21 1323
26 1051
41 1331
46 1354
50 1639
55 796
56 824
72 1407
73 1445
76 1011
81 459
85 1507
95 1047
97 1759
107 1840
110 1369
112 1552
117 1349
119 1550
120 1589
122 1551
126 1403
127 1418
129 1661
133 1489
136 1406
139 2017
142 592
146 1337
151 1071
156 1545
157 2087
159 597
162 1373
163 1396
165 1673
177 1310
195 1517
196 1929
197 1525
198 1564
201 1549
202 1616
213 1660
215 1363
217 1120
221 646
224 1099
226 468
227 590
228 1506
229 1565
230 683
232 472
238 1625
239 1728
243 945
245 1480
251 1119
252 1342
262 322
266 1619
270 654
271 1633
274 678
276 1710
277 1717
280 1793
283 1610
284 1839
285 1941
287 1531
288 2010
289 1179
296 719
300 1453
301 1596
303 743
305 1651
307 1457
308 1405
316 758
322 815
323 1560
325 1138
330 1472
332 1146
333 1602
334 1875
335 778
336 1607
337 1632
340 1394
341 1399
345 1137
347 1709
348 1746
351 1128
352 1871
358 1098
359 1538
362 858
363 1798
364 806
366 1069
367 1572
368 1820
369 2000
370 1845
373 1064
374 857
376 895
377 1046
380 2115
385 1700
386 616
387 954
389 1013
390 1031
391 1828
392 1056
396 1939
398 2096
399 1536
400 1899
401 2034
404 1643
405 1874
409 2012
414 2243
415 480
418 1678
421 632
428 454
430 1964
444 1644
445 2069
447 422
448 738
451 1444
452 1646
454 1078
455 1468
459 1914
464 1803
469 2193
470 783
471 1487
475 1788
477 1715
481 1159
483 812
484 1624
487 1856
489 1774
491 2135
492 1991
493 2318
495 1867
498 1827
499 1145
500 1849
505 1297
507 1508
508 1730
509 1888
516 2033
518 1176
522 925
523 1002
525 2125
528 2026
532 1496
535 2260
537 737
538 913
545 1328
548 2057
552 1430
554 1698
557 947
559 959
562 1474
563 1116
564 2133
570 1855
572 1928
574 2025
575 1909
576 2009
577 752
580 2183
583 2044
584 2233
587 1583
590 1041
591 1010
594 1548
596 2094
599 2228
604 2063
609 1977
613 1807
614 1953
616 1523
619 2215
621 1558
627 2020
628 2154
631 1952
634 1882
638 1794
642 2153
643 2333
645 1695
650 1376
653 2043
655 1623
656 1976
658 1416
659 1594
660 1595
665 1819
666 1908
667 1742
669 1691
673 1556
674 2082
691 1986
699 1629
700 2060
701 2259
704 2141
705 2219
708 1764
711 2024
712 2046
717 1825
723 1450
724 1676
726 1806
727 1943
730 2158
737 2003
740 1381
749 1792
750 1936
756 1972
757 1999
758 2386
760 1074
762 1599
763 2074
765 1303
770 2258
775 1656
782 2218
785 1640
789 1879
791 2118
792 2182
793 1702
798 1975
799 1980
801 1654
815 2023
817 2170
821 1392
825 2402
827 1083
828 1559
829 1834
830 1971
833 1675
840 1569
841 1580
842 1769
844 1902
845 2109
846 2203
851 978
853 1612
855 2308
857 1132
865 2217
868 2168
873 2099
879 1694
881 2077
897 2287
922 1842
923 2242
928 2226
929 2279
938 1816
939 1785
944 2107
945 2306
948 866
949 1805
950 2214
955 2252
956 2327
964 1076
965 2286
968 1949
980 2007
988 2175
995 2269
1002 2256
1008 2189
1009 1326
1011 1756
1022 1948
1026 1942
1029 2381
1032 2079
1042 1912
1044 1170
1059 1989
1080 1115
1082 2086
1091 2032
1094 2352
1099 1314
1103 2209
1109 1933
1113 2311
1120 2413
1134 2181
1135 1539
1136 2062
1144 2213
1150 1686
1153 1471
1156 1920
1166 2089
1167 2310
1173 2201
1184 2022
1188 1772
1190 2292
1192 2366
1200 2036
1207 1872
1208 2092
1220 1713
1221 1841
1227 1901
1250 1225
1257 2084
1262 2001
1291 2290
1302 2179
1311 2348
1316 1926
1333 1997
1336 2369
1339 1655
1340 2265
1355 2015
1363 2156
1373 1878
1376 2326
1377 2380
1383 2155
1384 2271
1387 2411
1391 2198
1392 2289
1393 2395
1410 2412
1428 1809
1431 1740
1434 1969
1435 2161
1447 2055
1465 2083
1472 2394
1480 2244
1481 2393
1484 2365
1491 2048
1498 1931
1520 2150
1521 2399
1547 2143
1557 2235
1578 2200
1586 2379
1590 1996
1607 2146
1614 2363
1621 2351
1796 2264
1815 2407
1817 2184
1818 2288
1822 2331
1825 2350
1839 2336
1863 2278
1946 2377
2004 2405
