f_0064636.png f_0064886.png
632 4
651 14
653 3
655 7
659 9
660 10
673 54
675 20
676 21
695 61
719 30
720 41
734 59
741 45
758 48
761 58
764 72
776 73
777 78
779 82
780 77
801 83
802 79
805 115
810 142
821 154
829 96
833 124
848 167
863 106
874 117
875 60
879 143
881 136
892 125
904 242
917 162
934 176
942 179
943 197
948 190
949 177
952 121
954 230
960 209
962 192
968 194
975 225
976 153
984 214
990 215
992 218
1002 208
1008 158
1018 245
1019 266
1021 206
1022 244
1029 248
1036 252
1046 283
1058 267
1064 253
1066 241
1068 276
1069 279
1070 280
1077 292
1096 301
1097 285
1098 220
1104 299
1111 300
1112 320
1115 246
1116 296
1119 233
1120 235
1133 308
1135 269
1138 312
1142 323
1143 315
1145 310
1148 302
1149 335
1157 362
1160 342
1161 331
1162 294
1163 325
1165 336
1168 303
1175 333
1179 365
1181 330
1182 352
1186 341
1187 337
1193 348
1200 360
1204 345
1209 366
1213 351
1217 368
1221 373
1229 370
1244 382
1248 387
1259 391
1260 396
1269 398
1270 326
1272 389
1273 390
1274 392
1277 400
1288 409
1298 404
1299 411
1300 401
1306 418
1312 424
1315 350
1320 434
1333 415
1344 445
1350 436
1359 452
1360 453
1366 435
1378 428
1380 443
1382 477
1385 410
1387 472
1390 442
1393 394
1395 429
1397 475
1405 484
1406 489
1414 403
1419 490
1420 433
1421 492
1428 478
1431 461
1434 467
1436 498
1437 495
1439 501
1444 521
1453 503
1458 509
1459 516
1464 519
1469 520
1471 486
1475 449
1483 440
1502 533
1506 537
1507 470
1516 548
1517 502
1523 534
1530 531
1531 554
1539 517
1544 556
1548 564
1549 558
1556 543
1559 603
1561 553
1564 570
1573 545
1574 523
1578 580
1583 589
1587 576
1588 604
1590 600
1597 530
1623 618
1633 628
1641 627
1649 632
1655 591
1657 593
1663 663
1665 666
1674 656
1679 641
1691 675
1695 665
1701 655
1709 678
1711 693
1719 691
1721 714
1726 673
1737 711
1738 719
1746 717
1749 710
1750 712
1751 713
1752 633
1756 728
1757 705
1769 741
1772 724
1773 735
1780 738
1781 776
1787 759
1790 748
1791 756
1798 750
1804 763
1808 794
1820 746
1821 757
1822 790
1824 798
1829 766
1830 779
1835 803
1839 791
1846 815
1848 837
1853 813
1854 789
1856 807
1863 740
1864 796
1874 825
1875 824
1883 847
1885 875
1889 845
1902 838
1908 934
1910 865
1917 881
1925 832
1936 854
1940 852
1941 892
1942 890
1945 864
1946 927
1947 898
1961 878
1962 887
1980 933
1981 913
1987 925
1990 886
1993 923
1997 879
1998 910
2000 908
2005 964
2012 924
2017 946
2019 935
2026 938
2028 936
2033 945
2035 931
2036 928
2050 930
2057 955
2060 965
2063 954
2064 942
2073 922
2076 969
2082 939
2096 984
2097 983
2106 995
2108 996
2110 959
2129 1011
2133 961
2138 978
2140 971
2141 1005
2155 974
2156 1012
2169 1015
2174 1029
2177 999
2187 1069
2190 994
2191 1045
2195 1060
2197 1023
2200 1072
2204 1032
2211 1049
2218 1046
2221 1017
2222 1075
2232 1147
2233 1018
2234 1074
2249 1062
2259 1103
2261 1071
2263 1206
2266 1105
2267 1130
2290 1127
2292 1120
2295 1164
2296 1126
2297 1151
2306 1091
2313 1102
2314 1142
2321 1144
2325 1025
2329 1156
2335 1194
2338 1167
2345 1204
2348 1187
2351 1202
2360 1189
2363 1215
2365 1136
2371 1109
2372 1173
2379 1190
2380 1237
2385 1267
2388 1232
2397 1219
2415 1220
2416 1209
2421 1225
2427 1275
2431 1266
2432 1294
2435 1241
2445 1263
2452 1244
2453 1184
2464 1273
2469 1279
2471 1208
2472 1272
2477 1256
2479 1352
2484 1243
2486 1311
2491 1346
2495 1207
2499 1351
2506 1264
2508 1283
2511 1297
2514 1324
2521 1370
2523 1319
2526 1369
2527 1262
2529 1287
2533 1290
2535 1372
2538 1403
2543 1293
2544 1334
2552 1381
2557 1402
2558 1345
2560 1327
2562 1350
2563 1441
2567 1412
2568 1410
2569 1422
2572 1376
2581 1330
2588 1310
2589 1439
2594 1408
2596 1444
2599 1463
2601 1359
2602 1364
2606 1329
2607 1452
2610 1391
2612 1333
2615 1392
2618 1384
2619 1409
2624 1468
2626 1469
2628 1429
2629 1437
2632 1461
2637 1362
2640 1385
2641 1383
2643 1460
2644 1493
2646 1450
2650 1490
2652 1485
2662 1497
2669 1500
2674 1487
2679 1476
2680 1509
2693 1481
2694 1508
2697 1535
2700 1462
2704 1522
2709 1516
2713 1515
2716 1521
2717 1541
2718 1542
2719 1543
2736 1551
2737 1545
