-3.942986712651323777e-02 -1.124013100218479666e+00 3.568635326039438116e+00
1.462057256747585798e+00 -1.275571002365666118e+00 4.188922769080482666e+00
-3.888191339962206866e-02 -8.700483568061121442e-01 3.581798161643235279e+00
1.389787570087065438e+00 -6.448963258222779604e-01 4.132787753423405874e+00
-5.364846736245581366e-02 -4.280530778587686713e-01 3.613903838739836338e+00
-5.319250920529246252e-02 -3.095963892201917811e-01 3.613134415696701573e+00
-5.306834169188109213e-02 -2.780160790881372468e-01 3.612924998674341914e+00
-5.238330554316967397e-02 -1.505993421472417437e-01 3.611138309008476543e+00
-5.454775408203312720e-02 -1.069445240136311231e-01 3.615403655120726256e+00
1.313860324355967002e+00 -1.234076458292867884e-01 4.100504407308442900e+00
1.287375500488975311e+00 1.823558137541842622e-02 4.088086748511208235e+00
-1.717222193133062236e-01 1.510381490775489499e-01 3.584490389931201282e+00
-6.671876106516547167e-02 1.584419336960960489e-01 3.617531170323488254e+00
-7.304844447233825588e-02 2.515230937904849307e-01 3.617654597266639627e+00
-7.572546600052812438e-02 2.851078040589375417e-01 3.621259733144557735e+00
-7.010756581570309898e-02 3.569843276246876251e-01 3.612807294688308524e+00
-1.153610125420560184e+00 4.571776805145981726e-01 3.768296699724038135e+00
-5.331568240373320000e-01 4.450903023028460193e-01 3.499425541026498720e+00
-3.760172204026345222e-01 4.474843708637211148e-01 3.496757611853209102e+00
-4.489464293869733780e-01 4.514862947299208562e-01 3.506770968290031654e+00
-3.056832614669744985e-01 4.508202124809577716e-01 3.506531208204384242e+00
-2.316080184855959234e-01 4.533873093325840875e-01 3.532633304770975702e+00
-1.552866842927547453e-01 4.535393358694042032e-01 3.536002525139970043e+00
-8.167032480926254834e-02 4.543774556081730531e-01 3.547088378877664816e+00
6.758660148875346614e-03 4.505819669093069080e-01 3.563512644837468990e+00
-4.504306183337142833e-01 5.289070155052862932e-01 3.500383052174927734e+00
-3.798782549916748241e-01 5.294073197421416133e-01 3.502062501385843074e+00
-3.054932964645382110e-01 5.324636619072271593e-01 3.502934989714546088e+00
-2.303277329400671980e-01 5.330858853812560083e-01 3.505562604600363397e+00
-1.568004610076334515e-01 5.357013275348959658e-01 3.527180690155154341e+00
-8.324813395398464322e-02 5.371362327365288847e-01 3.538022790994923117e+00
4.813529058286285939e-03 5.394968943905986691e-01 3.555202746204791264e+00
-5.357318986017735041e-01 6.040341213170780099e-01 3.482175899957380860e+00
-4.518189779798403860e-01 5.992857879578507019e-01 3.479725639070948784e+00
-3.807824341040053628e-01 6.016691133857998697e-01 3.492901967749928449e+00
-2.097477273088148020e-01 6.014207952342655039e-01 3.472100652905839357e+00
-7.947449737854594964e-02 6.121102036735095453e-01 3.531546380759992054e+00
3.548090830448038299e-03 6.145241813140858156e-01 3.544790816799358257e+00
1.665910781415874398e-01 6.452632421988937494e-01 3.659240786780366683e+00
1.196199640984902057e+00 7.488530102720941661e-01 4.040642192097309682e+00
-5.332018312923956227e-01 6.736685198929832641e-01 3.483384861276144218e+00
-4.550037758740003713e-01 6.724280640944817478e-01 3.482793736884305602e+00
-3.815607215656402484e-01 6.736707795095827622e-01 3.483149980159063741e+00
-3.073389076253161267e-01 6.750731848008537650e-01 3.484485970498738983e+00
1.194871558629466479e+00 7.840589030150741934e-01 4.040205795282453494e+00
-8.051322785351046341e-02 6.890605717988732559e-01 3.521997920376379820e+00
4.297511721946476078e-03 6.881524253040335326e-01 3.543367057192749581e+00
-5.368269852412616006e-01 7.421495607930873595e-01 3.475541326654591590e+00
-4.558488573748328831e-01 7.413081635642096989e-01 3.474432739030373973e+00
-2.131669435064686702e-01 7.418855249922456929e-01 3.452951123948924117e+00
-1.594400137710128840e-01 7.539997709738378573e-01 3.498072158566763790e+00
-8.465422985216129736e-02 7.580464456488484881e-01 3.514006343360709828e+00
1.165514364492298505e+00 9.080629640345635467e-01 4.002710000178377747e+00
-5.372328789259472881e-01 8.140570760332099809e-01 3.465534667696099635e+00
-4.525218539923396843e-01 8.129392980505870669e-01 3.455479903678736253e+00
-2.897587060838771600e-01 8.092963359798129863e-01 3.441472868833765020e+00
-2.333912273656793823e-01 8.239651387825244200e-01 3.480909869230318865e+00
-1.568423243063572503e-01 8.264640165751232503e-01 3.481120606941890294e+00
-8.581752048910623598e-02 8.318959365879412537e-01 3.504093173349440260e+00
-1.688856178839138892e-03 8.376011605353407274e-01 3.527113120188572370e+00
-5.335625297283369539e-01 8.861512217977286499e-01 3.446999264537209395e+00
-4.520071340612045740e-01 8.848951763449331986e-01 3.455643215602476115e+00
-3.584898075408413098e-01 8.769098472749994322e-01 3.419246835262172546e+00
-3.161824025954194095e-01 8.839972753323782628e-01 3.424897215487794355e+00
-2.370293829599162405e-01 8.940407418208029533e-01 3.471432655386058386e+00
-1.458091087715903400e-01 8.985821481501493624e-01 3.460270658123208776e+00
-8.556797548372251094e-02 9.070702019387495429e-01 3.503964906365875098e+00
-2.865339948426904888e-03 9.128794574690412000e-01 3.517826943911262383e+00
-4.528086386312304423e-01 9.534229907598549270e-01 3.447144873771107676e+00
3.818215741636995508e-01 1.036734904145147462e+00 3.734864353136856607e+00
-5.333655962240432258e-01 9.593114855989317569e-01 3.448501084134227401e+00
-3.794007101849035113e-01 9.586794521255398438e-01 3.445487551132740300e+00
-3.056003165595729265e-01 9.609405470192610155e-01 3.446711746855615210e+00
-2.367761808711705274e-01 9.679539360897214673e-01 3.471318550322807894e+00
-1.648359398908436080e-01 9.725659467837873828e-01 3.481854546922265037e+00
-8.644830240935844068e-02 9.754846442638237525e-01 3.495253193840684780e+00
-2.384498108637873523e-03 9.824522877027838108e-01 3.517635228957395555e+00
-6.667296886749483065e-01 1.000368561038629478e+00 3.505058767784568374e+00
-4.539108737686849970e-01 1.034083680145494455e+00 3.439127393993493431e+00
-3.804258278907046154e-01 1.033423661279303518e+00 3.437044165607185509e+00
-3.070164830128810918e-01 1.043478811486312718e+00 3.440105913862869347e+00
-2.391205087979851596e-01 1.046343142128382198e+00 3.451800933118226666e+00
-1.661559496952518533e-01 1.053260231878085929e+00 3.472232726067308928e+00
-9.293997377575435870e-02 1.056041700136290062e+00 3.482850372664083149e+00
-4.108550300406508572e-03 1.072042452940431545e+00 3.509599708019823794e+00
-6.834765737103112304e-01 1.072091638345758380e+00 3.255524906918997541e+00
-1.350690628157812156e+00 1.050273585264538623e+00 3.090576390256938311e+00
-1.827033740750291679e+00 9.568832736363762637e-01 2.637074677324532157e+00
-9.492231175914478403e-01 1.107574468742416496e+00 3.005354576286962676e+00
-3.525348870626306419e-01 1.157595603797294537e+00 3.138419050206771477e+00
-9.274993517937811793e-01 1.142127301739948697e+00 2.903103722831617883e+00
-1.053104683454952006e+00 1.134453154524388774e+00 2.861069563699152329e+00
-4.527932721089935608e-01 1.177159290803873715e+00 2.932078635880572381e+00
-9.494191604779598226e-01 1.158550819341893856e+00 2.804836565812763638e+00
-4.097650226361990722e-01 1.183674101717357319e+00 2.870686608319992672e+00
-1.333288621040198185e+00 1.149804834373974849e+00 2.759188286417741942e+00
-8.377499506772194682e-01 1.164746680851943994e+00 2.795106294650266054e+00
-1.313190110465510818e+00 1.156439170430199725e+00 2.723132039714511787e+00
-1.138700225886565720e+00 1.172271111285476897e+00 2.733862455520324808e+00
-1.511954780321560277e+00 1.137891471294112611e+00 2.580274935670906267e+00
-1.214808917441320357e+00 1.177925353014885212e+00 2.671654820935227104e+00
-7.003501035484794857e-01 1.183743367547935410e+00 2.621754793987194798e+00
-4.413818747559460909e-01 1.258951198533088567e+00 2.611141108845866476e+00
