f_0064722.png f_0064962.png
10 796
24 678
41 971
79 1173
154 1101
155 1086
178 1286
193 1354
194 1563
223 1630
306 1595
310 1014
314 1880
331 671
348 1927
364 2125
367 999
369 1872
378 1540
401 1939
431 1516
432 1613
493 2151
501 1992
528 2015
565 1087
594 2292
602 2269
613 1625
622 2208
626 1740
632 1644
635 1231
638 1923
673 1991
704 2268
708 1883
738 1973
743 1577
748 1570
752 2652
755 1544
780 1505
814 1836
815 2061
827 1430
829 2436
855 2068
856 2343
874 1845
875 2006
881 2373
905 978
918 2582
946 2382
947 2716
955 2920
964 2463
969 2363
978 1120
992 2398
1006 1943
1016 2945
1048 1254
1050 2248
1067 2423
1070 2424
1110 2512
1119 2836
1140 1948
1145 2740
1176 1988
1185 2684
1197 2995
1235 2495
1236 2496
1257 2033
1266 2879
1280 2078
1308 2765
1320 2615
1345 2440
1361 1932
1372 2882
1377 2775
1381 2739
1403 2954
1409 2655
1416 2985
1425 2978
1442 1718
1454 3180
1459 2968
1461 1730
1466 2869
1482 2317
1498 2815
1507 2887
1536 2881
1540 2613
1542 3325
1547 3257
1599 2434
1607 3336
1611 3282
1647 3382
1660 2019
1672 2639
1673 2830
1680 3330
1685 2551
1709 3404
1738 2807
1757 3040
1765 3285
1852 3155
1864 2528
1884 2665
1934 2514
1961 2958
1974 2990
2018 3250
2048 2965
2076 3378
2156 3260
2194 3549
2296 3148
2304 3339
2387 3322
2416 3534
2420 3129
2423 3448
2426 3090
2429 3327
2481 3504
2504 3477
2518 3527
2620 3008
2662 3397
2716 3423
2783 3247
3047 3391
