f_0064556.png f_0064886.png
1079 9
1657 21
1700 473
1794 116
1866 173
1909 145
1977 140
1998 377
2014 184
2059 65
2102 84
2119 78
2168 344
2194 364
2226 395
2247 495
2291 450
2296 463
2325 438
2360 235
2401 243
2452 322
2502 549
2521 381
2540 665
2603 638
2608 752
2630 241
2748 519
2814 614
2821 852
2843 423
2862 712
2876 741
2927 942
2928 1009
2931 874
2941 936
2947 524
2962 947
2986 476
3004 963
3067 994
3140 1119
3385 925
3400 1202
3401 1239
3417 1095
3421 1627
3433 1221
3452 1250
3467 985
3488 1334
3512 1005
3535 1582
3557 1515
3594 1397
3595 1917
3695 1646
3720 1478
3740 1044
3755 1257
3760 1163
3872 1440
3888 1849
3923 1319
3950 1687
3993 1905
4084 1510
4085 2101
4116 2094
4129 2136
4143 1527
4149 1950
4212 2200
4232 1703
4278 1792
4279 1805
