f_0064636.png f_0064722.png
500 211
513 136
655 315
680 69
690 158
698 74
776 32
877 102
894 241
920 112
946 56
998 402
1035 306
1054 356
1085 412
1099 127
1108 28
1135 443
1183 502
1225 710
1242 527
1244 279
1246 549
1272 406
1295 431
1300 343
1306 616
1346 572
1352 563
1371 513
1464 683
1535 682
1539 289
1540 758
1562 768
1582 819
1600 414
1617 776
1623 1012
1645 937
1663 541
1669 478
1693 744
1699 421
1714 795
1767 655
1774 913
1779 565
1785 1000
1790 922
1793 964
1794 984
1799 727
1804 667
1805 855
1808 924
1809 929
1812 487
1828 804
1840 993
1853 1035
1857 756
1859 875
1871 1023
1881 693
1894 736
1898 1054
1909 654
1912 992
1929 928
1933 803
1965 1090
1966 579
1972 927
1979 1022
2006 1146
2010 735
2012 991
2066 1015
2078 1233
2082 904
2087 1044
2091 732
2098 753
2100 1021
2116 786
2133 1050
2134 1144
2161 1143
2182 1103
2208 1310
2218 1303
2223 1240
2234 1241
2237 1347
2246 1261
2289 1276
2308 1169
2354 1013
2356 1207
2405 1076
2418 1300
2433 1019
2451 1029
2473 1392
2487 1179
2493 1415
2501 1032
2520 1260
2522 1459
2549 1433
2639 1298
2668 1528
2712 1271
2751 1338
2763 1497
2771 1505
2780 2021
2784 1494
2797 1536
2806 1517
2831 1446
2880 1713
2892 1361
2939 1746
2980 1534
3048 1828
3069 1400
3070 1546
3077 1431
3114 1949
3117 1866
3123 1436
3157 1712
3203 1544
3241 1768
3269 1662
3275 1910
3343 2083
3357 1711
3370 2163
3454 2300
3468 2521
3494 2036
3514 2212
3518 2100
3523 1826
3563 2309
3667 2183
3691 2292
3698 2047
3710 2351
3713 2334
3752 2410
3776 2094
3781 2400
3782 2442
3803 2464
3824 2409
3867 2408
3916 2200
3998 2572
4048 2752
4054 2353
4083 2448
4106 2379
4111 2452
4113 2623
4116 2935
4131 2888
4132 2895
