f_0064556.png f_0064962.png
11 798
406 698
523 1016
709 1011
816 836
864 385
1021 99
1068 1003
1072 487
1100 525
1138 331
1171 512
1186 944
1218 1002
1257 955
1266 976
1305 577
1342 384
1408 649
1454 660
1481 1089
1570 1546
1609 1647
1654 1062
1685 587
1728 724
1737 873
1755 647
1865 1385
1879 969
1901 706
1902 1046
1993 1009
2009 974
2019 819
2031 911
2032 934
2065 2364
2072 778
2087 677
2121 882
2199 777
2210 869
2272 1471
2289 1500
2337 1485
2338 1516
2345 1282
2382 2671
2400 894
2425 1273
2436 2450
2497 2634
2507 2112
2512 1280
2546 1045
2560 921
2598 2232
2608 3113
2652 2363
2672 1403
2703 1093
2726 2498
2740 1949
2767 2630
2800 2414
2809 1020
2863 2617
2880 2633
2893 2683
2905 959
2987 1434
3083 1087
3090 359
3113 2640
3350 2900
3442 2852
3443 2787
3636 1248
3813 1169
3814 1642
