f_0064636.png f_0064962.png
17 487
42 900
64 486
73 454
85 766
101 399
155 1003
214 566
248 611
281 633
303 1154
325 648
365 640
368 1653
377 1351
413 1487
443 187
454 479
466 536
475 1886
500 1450
518 1564
578 582
601 970
684 397
707 984
717 678
752 1276
753 1771
883 2051
894 1791
895 1880
935 1736
954 842
967 1107
977 608
985 2044
1056 1968
1084 1783
1165 2083
1183 1986
1195 2105
1207 1500
1232 1906
1263 910
1275 2090
1305 2022
1323 2229
1331 1637
1367 2021
1381 1272
1397 1761
1405 2031
1418 2087
1422 1281
1439 1291
1446 1018
1502 2070
1510 1403
1529 2586
1543 1651
1569 2415
1599 908
1603 1372
1673 1525
1755 2450
1758 1087
1773 2321
1775 2519
1788 1114
1791 2388
1809 2348
1812 1053
1826 1141
1832 2486
1853 2611
1857 1570
1861 1339
1865 2314
1881 1366
1894 1412
1898 2634
1905 1457
1912 2398
1914 2547
1915 2668
1929 2249
1943 2356
1968 1250
1969 1295
1974 2355
1990 2618
2001 1698
2087 2309
2094 2475
2097 2573
2128 1977
2131 2610
2143 2555
2148 2684
2161 2517
2166 3136
2172 2641
2217 2602
2246 2712
2280 1943
2315 996
2338 3187
2371 1671
2382 1417
2385 2192
2397 2765
2435 2840
2471 1803
2484 3192
2485 1669
2502 3191
2520 2396
2522 2968
2552 1853
2553 1984
2561 2854
2567 3126
2574 2010
2593 2745
2600 2505
2616 1079
2623 3179
2625 1833
2631 2984
2664 2779
2671 3385
2692 1882
2697 3074
2704 2629
2713 3012
2724 2078
2734 2862
2735 3032
2737 2511
2742 1488
2755 2002
2758 2886
2766 3111
2795 2371
2829 1225
2857 2510
2909 1933
2926 3221
3032 3305
3058 3315
3096 1976
3097 2383
3104 2868
3107 1462
3118 3155
3169 3328
3173 2696
3201 3499
3225 3427
3249 3296
3266 2009
3307 2919
3426 2941
3460 3540
3508 2990
3512 2262
3537 2872
3553 2256
3556 2466
3612 2234
3614 2785
3619 3455
3653 2971
3713 3411
3765 3374
3789 3339
3791 3528
3801 3091
3839 3538
3867 3370
3874 2102
3982 3447
3983 3477
4020 3523
4046 2479
4072 2649
4127 3503
