f_0064722.png f_0064886.png
182 209
209 134
236 194
254 409
271 320
316 398
328 366
333 195
390 269
427 422
509 76
566 478
586 491
592 400
644 537
689 249
697 142
733 632
779 652
809 234
828 364
856 432
876 444
889 479
895 745
923 766
989 888
1007 773
1008 758
1012 482
1035 583
1036 891
1043 834
1061 464
1079 511
1088 736
1090 634
1126 940
1134 990
1136 716
1146 681
1156 659
1168 902
1185 759
1201 782
1203 621
1213 786
1219 1157
1239 1042
1277 760
1278 731
1303 814
1308 872
1319 960
1332 732
1335 1352
1342 991
1352 821
1354 804
1371 1047
1387 1060
1391 948
1395 858
1397 954
1405 830
1419 1235
1422 1048
1423 1045
1450 1273
1459 988
1462 1348
1465 1097
1479 1098
1508 1127
1510 1079
1529 937
1533 1340
1540 1305
1547 1002
1551 1263
1606 1149
1616 1513
1641 1102
1646 1328
1658 1103
1663 1144
1666 1361
1690 1642
1709 1177
1729 1324
1739 1296
1747 1232
1755 1680
1758 1211
1759 1180
1762 1625
1763 1542
1765 1335
1770 1528
1773 1459
1774 1269
1778 1681
1782 1243
1803 1166
1806 1343
1831 1363
1833 1298
1851 1535
1872 1478
1896 1252
1910 1568
1926 1918
1932 1536
1947 1743
1952 1860
1955 1593
1961 1761
1962 1664
1976 1500
1983 1841
1994 1824
2005 1524
2007 1767
2028 1604
2031 1412
2045 2041
2049 1745
2117 1582
2118 1534
2127 2209
2133 1560
2140 1653
2144 1646
2146 1608
2149 1822
2161 2104
2170 1702
2175 1757
2180 2131
2207 2028
2211 1924
2219 1711
2221 2170
2234 2222
2253 2123
2254 2043
2255 2015
2268 1638
2269 1621
2284 2059
2287 1766
2290 2202
2302 1693
2312 1791
2315 1820
2338 1769
2348 1811
2351 2046
2376 2194
2383 1915
2387 2177
2399 2133
2405 1858
2406 2349
2412 1988
2435 1926
2461 2462
2482 1984
2511 2115
2522 2433
2532 2546
2536 2094
2547 2359
2557 2095
2558 1882
2579 2085
2583 2280
2642 2173
2644 1964
2654 2261
2687 2402
2690 2216
2706 2203
2711 2517
2738 2281
2739 2162
2745 2255
2770 2770
2798 2350
2801 2971
2857 2873
2868 2713
2873 2823
2876 2372
2878 2218
2893 2901
2927 2681
2928 2528
2944 2825
2953 2917
2965 2538
2980 2602
2984 2409
3003 2894
3008 2946
3028 2947
3035 2698
3037 3034
3057 2929
3059 2607
3072 2968
3078 2502
3093 3059
3095 2969
3100 2921
3101 2773
3110 3072
3123 2986
3131 2922
3132 2896
3136 3098
3141 3248
3191 3142
3202 3276
3211 2799
3217 3186
3235 3197
3246 3289
3259 3235
3267 3108
3278 3026
3298 3243
3333 3209
3334 3201
3350 3125
3353 2898
3356 3165
3357 3317
3371 3253
3381 3403
3386 3131
