f_0064722.png f_0064886.png
182 209
209 134
236 194
254 409
271 320
316 398
328 366
333 195
390 269
427 422
509 76
566 478
586 491
592 400
644 537
689 249
697 142
733 632
779 652
809 234
828 364
856 432
876 444
889 479
895 745
923 766
989 888
1007 773
1008 758
1012 482
1035 583
1036 891
1043 834
1061 464
1079 511
1088 736
1090 634
1126 940
1134 990
1136 716
1146 681
1156 659
1168 902
1185 759
1201 782
1203 621
1213 786
1219 1157
1239 1042
1277 760
1278 731
1303 814
1308 872
1319 960
1332 732
1335 1352
1342 991
1352 821
1354 804
1371 1047
1387 1060
1391 948
1395 858
1397 954
1405 830
1419 1235
1422 1048
1423 1045
1450 1273
1459 988
1462 1348
1465 1097
1479 1098
1508 1127
1510 1079
1529 937
1533 1340
1540 1305
1547 1002
1551 1263
1606 1149
1616 1513
1641 1102
1646 1328
1658 1103
1663 1144
1666 1361
1690 1642
1709 1177
1729 1324
1739 1296
1747 1232
1755 1680
1758 1211
1759 1180
1762 1625
1763 1542
1765 1335
1770 1528
1773 1459
1774 1269
1778 1681
1782 1243
1803 1166
1806 1343
1831 1363
1833 1298
1851 1535
1872 1478
1896 1252
1910 1568
1926 1918
1932 1536
1947 1743
1952 1860
1955 1593
1961 1761
1962 1664
1976 1500
1983 1841
1994 1824
2005 1524
2007 1767
2028 1604
2031 1412
2045 2041
2049 1745
2117 1582
2118 1534
2127 2209
2133 1560
2140 1653
2144 1646
2146 1608
2149 1822
2161 2104
2170 1702
2175 1757
2180 2131
2207 2028
2211 1924
2219 1711
2221 2170
2234 2222
2253 2123
2254 2043
2255 2015
2268 1638
2269 1621
2284 2059
2287 1766
2290 2202
2302 1693
2312 1791
2315 1820
2338 1769
2348 1811
2351 2046
2376 2194
2383 1915
2387 2177
2399 2133
2405 1858
2406 2349
2412 1988
2435 1926
2461 2462
2482 1984
2511 2115
2522 2433
2532 2546
2536 2094
2547 2359
2557 2095
2558 1882
2579 2085
2583 2280
2642 2173
2644 1964
2654 2261
2687 2402
2690 2216
2706 2203
2711 2517
2738 2281
2739 2162
2745 2255
2770 2770
2798 2350
2801 2971
2857 2873
2868 2713
2873 2823
2876 2372
2878 2218
2893 2901
2927 2681
2928 2528
2944 2825
2953 2917
2965 2538
2980 2602
2984 2409
3003 2894
3008 2946
3028 2947
3035 2698
3037 3034
3057 2929
3059 2607
3072 2968
3078 2502
3093 3059
3095 2969
3100 2921
3101 2773
3110 3072
3123 2986
3131 2922
3132 2896
3136 3098
3141 3248
3191 3142
3202 3276
3211 2799
3217 3186
3235 3197
3246 3289
3259 3235
3267 3108
3278 3026
3298 3243
3333 3209
3334 3201
3350 3125
3353 2898
3356 3165
3357 3317
3371 3253
3381 3403
3386 3131

f_0064636.png f_0064962.png
17 487
42 900
64 486
73 454
85 766
101 399
155 1003
214 566
248 611
281 633
303 1154
325 648
365 640
368 1653
377 1351
413 1487
443 187
454 479
466 536
475 1886
500 1450
518 1564
578 582
601 970
684 397
707 984
717 678
752 1276
753 1771
883 2051
894 1791
895 1880
935 1736
954 842
967 1107
977 608
985 2044
1056 1968
1084 1783
1165 2083
1183 1986
1195 2105
1207 1500
1232 1906
1263 910
1275 2090
1305 2022
1323 2229
1331 1637
1367 2021
1381 1272
1397 1761
1405 2031
1418 2087
1422 1281
1439 1291
1446 1018
1502 2070
1510 1403
1529 2586
1543 1651
1569 2415
1599 908
1603 1372
1673 1525
1755 2450
1758 1087
1773 2321
1775 2519
1788 1114
1791 2388
1809 2348
1812 1053
1826 1141
1832 2486
1853 2611
1857 1570
1861 1339
1865 2314
1881 1366
1894 1412
1898 2634
1905 1457
1912 2398
1914 2547
1915 2668
1929 2249
1943 2356
1968 1250
1969 1295
1974 2355
1990 2618
2001 1698
2087 2309
2094 2475
2097 2573
2128 1977
2131 2610
2143 2555
2148 2684
2161 2517
2166 3136
2172 2641
2217 2602
2246 2712
2280 1943
2315 996
2338 3187
2371 1671
2382 1417
2385 2192
2397 2765
2435 2840
2471 1803
2484 3192
2485 1669
2502 3191
2520 2396
2522 2968
2552 1853
2553 1984
2561 2854
2567 3126
2574 2010
2593 2745
2600 2505
2616 1079
2623 3179
2625 1833
2631 2984
2664 2779
2671 3385
2692 1882
2697 3074
2704 2629
2713 3012
2724 2078
2734 2862
2735 3032
2737 2511
2742 1488
2755 2002
2758 2886
2766 3111
2795 2371
2829 1225
2857 2510
2909 1933
2926 3221
3032 3305
3058 3315
3096 1976
3097 2383
3104 2868
3107 1462
3118 3155
3169 3328
3173 2696
3201 3499
3225 3427
3249 3296
3266 2009
3307 2919
3426 2941
3460 3540
3508 2990
3512 2262
3537 2872
3553 2256
3556 2466
3612 2234
3614 2785
3619 3455
3653 2971
3713 3411
3765 3374
3789 3339
3791 3528
3801 3091
3839 3538
3867 3370
3874 2102
3982 3447
3983 3477
4020 3523
4046 2479
4072 2649
4127 3503

f_0064556.png f_0064962.png
11 798
406 698
523 1016
709 1011
816 836
864 385
1021 99
1068 1003
1072 487
1100 525
1138 331
1171 512
1186 944
1218 1002
1257 955
1266 976
1305 577
1342 384
1408 649
1454 660
1481 1089
1570 1546
1609 1647
1654 1062
1685 587
1728 724
1737 873
1755 647
1865 1385
1879 969
1901 706
1902 1046
1993 1009
2009 974
2019 819
2031 911
2032 934
2065 2364
2072 778
2087 677
2121 882
2199 777
2210 869
2272 1471
2289 1500
2337 1485
2338 1516
2345 1282
2382 2671
2400 894
2425 1273
2436 2450
2497 2634
2507 2112
2512 1280
2546 1045
2560 921
2598 2232
2608 3113
2652 2363
2672 1403
2703 1093
2726 2498
2740 1949
2767 2630
2800 2414
2809 1020
2863 2617
2880 2633
2893 2683
2905 959
2987 1434
3083 1087
3090 359
3113 2640
3350 2900
3442 2852
3443 2787
3636 1248
3813 1169
3814 1642

f_0064556.png f_0064886.png
1079 9
1657 21
1700 473
1794 116
1866 173
1909 145
1977 140
1998 377
2014 184
2059 65
2102 84
2119 78
2168 344
2194 364
2226 395
2247 495
2291 450
2296 463
2325 438
2360 235
2401 243
2452 322
2502 549
2521 381
2540 665
2603 638
2608 752
2630 241
2748 519
2814 614
2821 852
2843 423
2862 712
2876 741
2927 942
2928 1009
2931 874
2941 936
2947 524
2962 947
2986 476
3004 963
3067 994
3140 1119
3385 925
3400 1202
3401 1239
3417 1095
3421 1627
3433 1221
3452 1250
3467 985
3488 1334
3512 1005
3535 1582
3557 1515
3594 1397
3595 1917
3695 1646
3720 1478
3740 1044
3755 1257
3760 1163
3872 1440
3888 1849
3923 1319
3950 1687
3993 1905
4084 1510
4085 2101
4116 2094
4129 2136
4143 1527
4149 1950
4212 2200
4232 1703
4278 1792
4279 1805

f_0064886.png f_0064962.png
6 1563
10 2281
24 1253
58 2209
74 1738
89 2452
127 2056
141 2296
142 2679
164 1516
167 2389
183 2090
191 2662
202 2207
203 1866
222 1979
226 2557
227 2088
243 981
247 2285
270 1892
272 2030
273 2055
281 1999
301 1699
302 2027
303 2364
317 2124
323 2335
334 2222
344 2436
359 1657
362 2186
364 2415
377 2850
401 2054
419 2568
425 2521
432 2343
447 2451
459 1662
463 2582
481 2799
541 1577
583 2642
587 2825
605 1728
612 3137
617 1353
633 2604
638 2693
644 2498
653 2803
660 2995
662 1795
679 1520
680 2079
688 2424
711 2166
712 2475
713 2740
716 2630
724 2610
741 2555
745 1555
766 1650
782 2683
786 2713
797 2616
809 2201
828 1671
834 1956
850 1670
866 1061
900 3149
926 2840
929 1378
930 2242
932 2821
944 1763
946 2300
957 3191
960 2532
969 2912
979 2347
984 2075
999 2770
1013 2869
1040 3483
1049 2779
1072 2674
1075 3271
1079 2967
1088 2900
1102 3306
1108 2593
1114 2609
1118 3228
1124 2544
1193 2033
1196 2758
1200 2773
1207 2881
1210 3281
1218 3330
1222 3237
1228 2460
1229 2592
1232 3372
1234 2263
1248 2302
1283 2504
1290 2376
1295 3160
1334 3153
1348 2294
1390 3475
1407 2531
1416 2383
1431 3529
1437 3492
1467 2638
1481 1244
1500 3550
1505 2587
1521 1337
1529 3304
1552 3505
1556 1424
1618 2270
1625 2575
1632 3043
1644 2941
1671 2695
1685 2358
1718 3400
1743 2894
1745 3167
1753 2873
1761 2958
1765 3549
1783 2983
1793 3124
1817 3540
1821 2794
1822 3360
1869 3434
1886 3037
1889 3455
1912 2835
2010 3004
2060 3411
2160 3321
2213 3490
2307 3129
2385 3235
2386 3524
2412 3523
2426 3110
2433 3265
2447 2705
2455 3244
2559 3377
2591 3154
2673 3347
2702 3312
2813 3247
2901 3333

f_0064636.png f_0064886.png
914 172
935 7
1034 44
1048 56
1071 88
1102 87
1131 194
1167 236
1178 137
1245 140
1252 174
1295 164
1305 182
1383 217
1385 222
1396 280
1463 270
1516 504
1528 297
1540 333
1632 401
1655 419
1759 436
1761 479
1769 495
1773 494
1776 482
1808 527
1819 493
1849 518
1865 559
1902 498
1932 610
1935 604
1973 614
1998 599
2061 676
2072 689
2073 681
2094 712
2118 716
2150 760
2151 732
2166 753
2182 750
2186 759
2197 769
2208 762
2296 838
2312 851
2313 842
2335 811
2341 846
2347 845
2348 858
2366 873
2379 875
2419 906
2425 899
2442 883
2446 932
2474 1010
2522 988
2554 991
2560 999
2561 1013
2594 1036
2620 1102
2622 1028
2623 1081
2629 1050
2630 1064
2632 1080
2642 1074
2659 1144
2666 1062
2678 1150
2694 1097
2707 1098
2713 1142
2719 1060
2734 1140
2739 1112
2745 1047
2797 1207
2798 1222
2809 1278
2834 1238
2836 1303
2856 1170
2898 1332
2903 1376
2904 1399
2924 1276
2990 1437
2994 1397
2996 1424
3039 1387
3044 1359
3091 1515
3095 1460
3098 1489
3102 1467
3104 1440
3172 1483
3174 1595
3207 1559
3218 1558
3229 1509
3230 1606
3295 1677
3343 1688
3417 1717
3449 1755
3466 1843
3508 1709
3563 1896
3565 1983
3597 2036
3601 1988
3607 1962
3628 2017
3632 1933
3638 1924
3667 1968
3692 2100
3710 2046
3728 2206
3738 2083
3751 2099
3753 2255
3762 2244
3766 2236
3767 2243
3781 2134
3797 2261
3802 2172
3812 2215
3844 1870
3878 2312
3881 2341
3907 2301
3910 2387
3942 2340
3968 2461
3969 2489
3984 2388
3985 2402
4009 2441
4022 2457
4036 2485
4039 2528
4045 2612
4097 2580
4136 2725

f_0064556.png f_0064636.png
645 43
818 352
849 643
1134 128
1172 185
1176 672
1293 256
1355 238
1441 240
1454 331
1465 388
1509 405
1548 427
1560 671
1565 336
1656 797
1678 454
1694 1196
1702 520
1711 760
1720 1209
1744 732
1766 934
1784 1190
1825 1137
1826 1354
1843 333
1853 819
1897 913
1962 387
1978 1254
1982 717
2014 1275
2057 1529
2111 639
2168 1518
2173 920
2253 1584
2274 1216
2278 1294
2283 1330
2295 1303
2326 1810
2336 1382
2349 978
2396 1492
2441 1490
2442 1834
2453 1540
2473 1872
2478 1627
2488 1110
2498 1992
2507 1652
2514 1506
2516 1939
2521 1422
2564 1958
2569 1682
2584 1509
2585 1505
2644 1771
2667 2150
2681 2013
2702 1912
2706 1929
2708 2050
2712 1943
2744 1957
2745 1974
2780 2088
2782 1693
2785 2162
2819 1712
2824 2043
2829 2219
2870 2101
2871 2186
2875 1799
2879 1783
2883 2176
2890 1478
2902 1302
2916 2142
2930 1732
2969 1846
2970 1847
2971 2100
2982 1845
2995 2542
3007 1453
3011 2140
3021 2273
3029 2182
3033 1662
3047 2378
3057 1709
3067 2517
3084 1891
3092 1744
3098 2222
3103 2595
3115 1708
3124 1779
3166 2049
3180 2505
3195 2057
3214 2461
3239 1608
3246 2492
3254 2612
3284 2117
3287 2641
3292 2374
3315 1997
3338 2354
3362 2658
3376 2664
3377 2735
3382 2245
3394 1978
3397 2384
3426 2211
3429 2600
3433 2773
3441 2704
3443 2772
3447 2963
3468 2835
3513 2901
3515 2127
3525 2739
3547 2806
3555 2814
3564 2872
3601 2796
3636 2293
3652 2727
3664 2726
3683 2751
3726 2684
3755 2949
3766 3056
3777 2638
3779 2900
3796 3045
3843 2979
3882 2545
3887 3211
3894 3111
3904 2655
3906 2999
3914 2675
3936 3360
3950 3275
3953 2966
3956 3054
3975 2844
4022 3592
4025 3035
4032 2606
4055 3576
4072 3538
4074 3602
4082 3124
4085 3659
4091 3601
4102 3078
4110 3805
4115 3563
4141 3826
4160 3619
4174 3138
4178 3692
4189 3137
4207 3405
4227 3508
4231 3260
4235 3970
4263 3372
4264 3382
4281 3144

f_0064722.png f_0064962.png
10 796
24 678
41 971
79 1173
154 1101
155 1086
178 1286
193 1354
194 1563
223 1630
306 1595
310 1014
314 1880
331 671
348 1927
364 2125
367 999
369 1872
378 1540
401 1939
431 1516
432 1613
493 2151
501 1992
528 2015
565 1087
594 2292
602 2269
613 1625
622 2208
626 1740
632 1644
635 1231
638 1923
673 1991
704 2268
708 1883
738 1973
743 1577
748 1570
752 2652
755 1544
780 1505
814 1836
815 2061
827 1430
829 2436
855 2068
856 2343
874 1845
875 2006
881 2373
905 978
918 2582
946 2382
947 2716
955 2920
964 2463
969 2363
978 1120
992 2398
1006 1943
1016 2945
1048 1254
1050 2248
1067 2423
1070 2424
1110 2512
1119 2836
1140 1948
1145 2740
1176 1988
1185 2684
1197 2995
1235 2495
1236 2496
1257 2033
1266 2879
1280 2078
1308 2765
1320 2615
1345 2440
1361 1932
1372 2882
1377 2775
1381 2739
1403 2954
1409 2655
1416 2985
1425 2978
1442 1718
1454 3180
1459 2968
1461 1730
1466 2869
1482 2317
1498 2815
1507 2887
1536 2881
1540 2613
1542 3325
1547 3257
1599 2434
1607 3336
1611 3282
1647 3382
1660 2019
1672 2639
1673 2830
1680 3330
1685 2551
1709 3404
1738 2807
1757 3040
1765 3285
1852 3155
1864 2528
1884 2665
1934 2514
1961 2958
1974 2990
2018 3250
2048 2965
2076 3378
2156 3260
2194 3549
2296 3148
2304 3339
2387 3322
2416 3534
2420 3129
2423 3448
2426 3090
2429 3327
2481 3504
2504 3477
2518 3527
2620 3008
2662 3397
2716 3423
2783 3247
3047 3391

f_0064556.png f_0064722.png
1140 480
1235 130
1720 623
1785 664
1825 464
1875 53
1908 248
2154 450
2212 970
2285 679
2295 514
2333 881
2381 1073
2400 338
2402 1132
2424 519
2444 367
2462 317
2464 490
2479 298
2539 976
2540 1119
2558 1156
2565 1251
2608 1304
2683 571
2811 1128
2845 1374
2853 678
2857 1303
2883 1195
3103 1504
3401 1601
3614 1031
3819 1335
3908 1589

f_0064636.png f_0064722.png
500 211
513 136
655 315
680 69
690 158
698 74
776 32
877 102
894 241
920 112
946 56
998 402
1035 306
1054 356
1085 412
1099 127
1108 28
1135 443
1183 502
1225 710
1242 527
1244 279
1246 549
1272 406
1295 431
1300 343
1306 616
1346 572
1352 563
1371 513
1464 683
1535 682
1539 289
1540 758
1562 768
1582 819
1600 414
1617 776
1623 1012
1645 937
1663 541
1669 478
1693 744
1699 421
1714 795
1767 655
1774 913
1779 565
1785 1000
1790 922
1793 964
1794 984
1799 727
1804 667
1805 855
1808 924
1809 929
1812 487
1828 804
1840 993
1853 1035
1857 756
1859 875
1871 1023
1881 693
1894 736
1898 1054
1909 654
1912 992
1929 928
1933 803
1965 1090
1966 579
1972 927
1979 1022
2006 1146
2010 735
2012 991
2066 1015
2078 1233
2082 904
2087 1044
2091 732
2098 753
2100 1021
2116 786
2133 1050
2134 1144
2161 1143
2182 1103
2208 1310
2218 1303
2223 1240
2234 1241
2237 1347
2246 1261
2289 1276
2308 1169
2354 1013
2356 1207
2405 1076
2418 1300
2433 1019
2451 1029
2473 1392
2487 1179
2493 1415
2501 1032
2520 1260
2522 1459
2549 1433
2639 1298
2668 1528
2712 1271
2751 1338
2763 1497
2771 1505
2780 2021
2784 1494
2797 1536
2806 1517
2831 1446
2880 1713
2892 1361
2939 1746
2980 1534
3048 1828
3069 1400
3070 1546
3077 1431
3114 1949
3117 1866
3123 1436
3157 1712
3203 1544
3241 1768
3269 1662
3275 1910
3343 2083
3357 1711
3370 2163
3454 2300
3468 2521
3494 2036
3514 2212
3518 2100
3523 1826
3563 2309
3667 2183
3691 2292
3698 2047
3710 2351
3713 2334
3752 2410
3776 2094
3781 2400
3782 2442
3803 2464
3824 2409
3867 2408
3916 2200
3998 2572
4048 2752
4054 2353
4083 2448
4106 2379
4111 2452
4113 2623
4116 2935
4131 2888
4132 2895

