f_0064636.png f_0064886.png
914 172
935 7
1034 44
1048 56
1071 88
1102 87
1131 194
1167 236
1178 137
1245 140
1252 174
1295 164
1305 182
1383 217
1385 222
1396 280
1463 270
1516 504
1528 297
1540 333
1632 401
1655 419
1759 436
1761 479
1769 495
1773 494
1776 482
1808 527
1819 493
1849 518
1865 559
1902 498
1932 610
1935 604
1973 614
1998 599
2061 676
2072 689
2073 681
2094 712
2118 716
2150 760
2151 732
2166 753
2182 750
2186 759
2197 769
2208 762
2296 838
2312 851
2313 842
2335 811
2341 846
2347 845
2348 858
2366 873
2379 875
2419 906
2425 899
2442 883
2446 932
2474 1010
2522 988
2554 991
2560 999
2561 1013
2594 1036
2620 1102
2622 1028
2623 1081
2629 1050
2630 1064
2632 1080
2642 1074
2659 1144
2666 1062
2678 1150
2694 1097
2707 1098
2713 1142
2719 1060
2734 1140
2739 1112
2745 1047
2797 1207
2798 1222
2809 1278
2834 1238
2836 1303
2856 1170
2898 1332
2903 1376
2904 1399
2924 1276
2990 1437
2994 1397
2996 1424
3039 1387
3044 1359
3091 1515
3095 1460
3098 1489
3102 1467
3104 1440
3172 1483
3174 1595
3207 1559
3218 1558
3229 1509
3230 1606
3295 1677
3343 1688
3417 1717
3449 1755
3466 1843
3508 1709
3563 1896
3565 1983
3597 2036
3601 1988
3607 1962
3628 2017
3632 1933
3638 1924
3667 1968
3692 2100
3710 2046
3728 2206
3738 2083
3751 2099
3753 2255
3762 2244
3766 2236
3767 2243
3781 2134
3797 2261
3802 2172
3812 2215
3844 1870
3878 2312
3881 2341
3907 2301
3910 2387
3942 2340
3968 2461
3969 2489
3984 2388
3985 2402
4009 2441
4022 2457
4036 2485
4039 2528
4045 2612
4097 2580
4136 2725
