f_0064556.png f_0064962.png
7 72
156 404
216 60
406 698
444 1391
454 1293
476 501
481 281
510 298
545 351
616 690
652 497
657 1104
670 1480
688 823
735 428
738 1175
746 1494
816 836
853 517
881 375
942 176
957 471
969 1537
1021 99
1038 1266
1056 1155
1057 1299
1077 1700
1085 209
1086 584
1117 1047
1122 462
1133 285
1135 1528
1138 331
1158 1620
1186 944
1188 1386
1218 1002
1226 1873
1240 454
1252 982
1257 955
1265 806
1266 976
1299 421
1333 845
1342 384
1345 1564
1349 1942
1354 409
1355 612
1371 576
1374 1450
1383 1083
1389 119
1394 1134
1411 524
1415 835
1425 1133
1426 1618
1440 382
1447 1315
1455 773
1494 1219
1501 541
1503 1305
1514 1510
1517 307
1522 1638
1531 648
1541 1015
1560 1397
1562 1885
1566 565
1568 971
1580 361
1581 688
1595 1103
1616 1026
1622 1118
1632 640
1633 1826
1639 1534
1654 1062
1667 725
1673 610
1674 632
1686 673
1693 1925
1719 1596
1745 1442
1765 913
1771 1912
1774 961
1810 805
1812 1572
1816 2319
1817 2419
1824 739
1840 1563
1841 1630
1846 984
1852 624
1858 1101
1860 2056
1866 2105
1871 44
1874 872
1881 1606
1892 1736
1898 1738
1901 706
1908 1645
1935 476
1942 816
1943 826
1948 2410
1973 192
1995 1276
2004 721
2005 1486
2010 1694
2018 764
2019 819
2030 871
2053 2016
2072 778
2083 1946
2087 677
2097 1839
2098 1871
2100 2203
2123 1850
2153 1406
2154 1448
2155 1879
2160 518
2166 1993
2173 784
2199 777
2209 815
2211 2022
2222 1405
2247 2507
2256 1717
2257 1866
2258 1979
2266 2365
2272 1471
2284 1748
2289 1500
2322 1923
2332 1674
2333 2373
2335 1190
2338 1516
2340 2343
2341 2476
2349 702
2355 474
2359 608
2362 1637
2365 2944
2371 1814
2373 1899
2396 1985
2400 894
2411 1562
2417 1341
2421 1931
2424 1138
2441 1585
2442 2521
2444 981
2452 1973
2453 2042
2466 2568
2497 2634
2502 2534
2507 2112
2538 2139
2552 2635
2556 1781
2564 2722
2603 2693
2628 1348
2645 2275
2652 2363
2698 960
2705 2081
2721 2170
2726 2498
2727 2596
2735 794
2749 2754
2767 2630
2785 2783
2800 2414
2804 1029
2811 2545
2838 998
2841 1439
2843 1111
2846 1855
2850 738
2854 1836
2868 2205
2886 2243
2890 938
2893 2683
2925 1684
2938 1679
2954 3192
2966 1617
2982 1577
2998 1570
3002 1257
3015 1544
3036 1251
3037 1279
3058 1328
3059 1557
3068 2909
3075 2832
3083 1087
3103 2879
3108 917
3112 2483
3115 1261
3118 3271
3124 1295
3138 2595
3155 3290
3174 3239
3202 1394
3232 2313
3244 1760
3297 3350
3334 2888
3337 904
3349 2667
3358 2655
3360 3385
3387 2878
3441 2494
3443 2787
3453 782
3492 1770
3517 2225
3540 2246
3566 847
3600 2299
3636 1248
3643 2706
3645 860
3647 1126
3650 2060
3659 1984
3663 1445
3692 1622
3718 2078
3772 1061
3813 1169
3851 1131
3884 1802
3904 1415
3940 2322
4024 1383
4030 3039
4173 3220
4221 2184
4228 3269
