f_0082620.png f_0082642.png
160 22
206 17
217 7
219 49
222 78
223 51
229 70
242 58
243 72
246 121
248 36
251 43
252 50
258 106
265 90
274 147
283 210
285 129
290 150
291 130
293 101
294 122
295 87
297 111
307 187
311 140
319 183
320 132
324 145
325 172
327 115
331 168
340 160
350 161
359 189
361 159
364 153
365 203
368 228
381 223
383 191
390 267
394 190
401 205
402 261
407 201
419 209
426 213
428 242
433 221
435 246
438 273
439 274
442 305
443 281
444 233
449 337
457 258
460 308
465 263
466 255
478 373
482 319
483 329
490 342
491 344
494 296
495 321
507 302
509 312
513 335
514 381
516 331
518 330
524 345
529 391
530 377
531 366
532 346
534 443
535 399
539 374
554 393
557 407
559 370
565 352
569 421
572 394
573 444
575 420
581 462
583 423
585 521
594 454
595 458
596 435
601 460
613 452
617 488
618 438
620 526
623 440
625 487
626 482
646 478
651 572
653 522
654 470
657 500
659 486
660 497
663 547
665 567
668 545
669 515
674 501
676 537
677 538
678 546
686 531
688 649
693 513
703 584
705 557
709 592
710 542
713 571
720 543
722 662
727 646
728 618
732 659
736 669
737 679
738 560
743 647
745 694
746 586
747 640
749 637
750 574
752 663
756 691
758 644
760 656
762 697
764 597
765 602
766 610
767 607
768 703
769 660
771 608
785 732
787 720
790 687
792 715
797 605
800 713
801 684
807 789
811 735
819 750
822 805
837 758
838 700
846 790
849 869
850 770
852 701
856 708
857 710
865 717
867 794
868 731
874 849
877 900
878 826
879 782
880 825
887 868
895 830
902 910
903 867
904 816
907 879
908 858
909 820
913 891
915 875
928 889
930 881
931 877
937 915
938 876
939 813
943 840
944 823
960 911
963 852
966 940
967 973
968 904
969 901
972 926
975 935
980 970
987 927
990 924
991 969
999 937
1004 979
1007 938
1008 887
1009 958
1010 962
1011 963
1013 960
1017 953
1020 974
1021 913
1022 932
1030 976
1032 978
1033 959
1040 1002
1042 984
1044 961
1046 1023
1047 980
1051 1079
1052 1055
1053 1026
1058 1006
1060 972
1063 1039
1064 1077
1066 1086
1068 992
1071 1022
1074 964
1082 1096
1083 1091
1084 1028
1086 1066
1087 989
1088 983
1093 1059
1099 1057
1102 1115
1103 1099
1104 1123
1105 1082
1109 1169
1110 1093
1111 1130
1113 1089
1121 1083
1123 1139
1124 1109
1126 1076
1127 1069
1128 1061
1133 1171
1134 1131
1136 1098
1137 1146
1138 1126
1139 1056
1141 1122
1142 1155
1143 1161
1145 1124
1146 1125
1147 1110
1148 1020
1149 1044
1153 1213
1154 1156
1158 1173
1165 1157
1169 1062
1177 1138
1178 1186
1179 1159
1181 1132
1182 1128
1183 1111
1189 1192
1194 1188
1196 1176
1199 1233
1201 1193
1204 1229
1205 1215
1208 1226
1209 1194
1213 1163
1214 1196
1215 1160
1217 1263
1222 1244
1226 1310
1231 1270
1233 1281
1234 1289
1235 1266
1237 1248
1239 1206
1242 1290
1245 1344
1248 1326
1250 1322
1251 1283
1253 1277
1256 1319
1260 1232
1261 1380
1262 1335
1263 1336
1264 1268
1272 1329
1273 1279
1279 1328
1280 1392
1282 1354
1286 1298
1288 1443
1289 1370
1291 1391
1293 1402
1294 1408
1304 1448
1305 1474
1306 1395
1307 1424
1308 1405
1311 1308
1312 1445
1313 1357
1314 1384
1318 1430
1322 1331
1324 1436
1327 1447
1330 1506
1332 1432
1334 1427
1336 1480
1339 1484
1341 1352
1343 1434
1344 1413
1347 1481
1349 1470
1351 1486
1358 1463
1360 1468
1364 1564
1370 1498
1372 1488
1374 1594
1376 1512
1380 1551
1381 1562
1382 1553
1385 1571
1387 1563
1388 1573
1393 1554
1395 1538
1398 1567
1400 1490
1404 1631
1421 1627
1422 1581
1424 1600
1430 1632
1431 1613
1432 1624
1437 1638
1441 1649
1448 1687
1451 1665
1454 1654
1456 1671
1458 1673
1460 1742
1461 1718
1464 1620
1466 1743
1468 1663
1469 1735
1472 1634
1479 1713
1488 1801
1492 1756
1496 1760
1503 1741
1504 1670
1511 1817
1524 1791
1533 1824
1534 1809
1537 1772
1541 1865
1543 1789
1544 1778
1547 1798
1555 1805
1558 1804
1559 1774
1561 1913
1565 1810
1566 1910
1567 1819
1573 1872
1574 1870
1575 1891
1576 1902
1577 1882
1579 1851
1582 1895
1585 1955
1587 1794
1588 1856
1595 1934
1602 1907
1604 1880
1605 1926
1606 1899
1608 1965
1610 1886
1611 1976
1618 1887
1619 1864
1620 1941
1622 1916
1624 1982
1630 1950
1632 1945
1634 1918
1638 2042
1641 1928
1642 1929
1648 1922
1650 2006
1651 1951
1656 2023
1657 1958
1658 1952
1662 1949
1665 1980
1671 1972
1672 2070
1673 2011
1674 1969
1677 2036
1678 2034
1679 1985
1681 2031
1691 1975
1698 2082
1712 2012
1713 1997
1724 2052
1726 2075
1727 2096
1731 2128
1732 2061
1738 2025
1740 2129
1742 2069
1750 2157
1758 2086
1759 2077
1762 2123
1763 2095
1767 2109
1770 2147
1772 2094
1776 2170
1778 2151
1780 2118
1792 2201
1801 2107
1807 2112
1809 2098
1821 2161
1836 2192
1837 2152
1840 2255
1842 2141
1846 2259
1847 2142
1851 2211
1867 2289
1868 2304
1874 2286
1875 2241
1876 2210
1880 2290
1882 2357
1883 2325
1888 2244
1889 2344
1890 2291
1893 2284
1898 2309
1901 2265
1906 2280
1915 2301
1917 2417
1921 2350
1928 2395
1934 2425
1940 2329
1954 2338
1957 2432
1972 2365
1975 2488
1976 2458
1983 2483
1985 2473
1987 2434
1988 2429
1991 2493
1992 2439
1993 2411
1995 2514
2004 2521
2017 2517
2026 2507
2027 2508
2028 2524
2029 2484
2033 2494
2048 2562
2054 2491
2057 2538
2058 2509
2063 2518
2067 2539
2072 2569
2093 2602
2096 2676
2097 2633
2101 2579
2106 2624
2107 2546
2110 2603
2114 2634
2119 2548
2129 2626
2135 2661
2139 2683
2145 2574
2154 2631
2155 2549
2156 2716
2157 2668
2159 2642
2161 2592
2168 2652
2175 2684
2177 2704
2183 2711
2187 2690
2190 2599
2192 2738
2196 2737
2199 2754
2201 2724
2205 2745
2206 2734
2210 2707
2217 2756
2218 2763
2223 2739
2231 2752
2234 2649
2237 2761
2248 2757
2261 2746
2268 2718
2269 2777
2270 2778
2279 2809
2287 2824
2288 2860
2297 2806
2298 2721
2301 2817
2309 2789
2310 2758
2315 2822
2321 2821
2326 2878
2333 2856
2336 2818
2344 2823
2348 2877
2356 2848
2357 2766
2360 2895
2362 2843
2365 2904
2367 2920
2368 2924
2371 2894
2375 2829
2378 2773
2380 2925
2381 2872
2391 2873
2403 2791
2411 2885
2413 2845
2420 2889
2421 2810
2423 2928
2434 2950
2437 2859
2447 2958
2457 2962
2460 2951
2468 2916
2474 2898
2497 2903
2502 2946
2503 2942
