f_0082868.png f_0082872.png
6 5
17 0
19 3
21 14
24 16
26 31
27 7
28 19
37 4
38 24
44 63
45 8
48 32
52 46
53 72
58 57
61 45
62 38
69 96
71 53
74 60
77 59
81 56
94 80
96 95
97 92
98 79
100 91
103 99
111 77
112 119
118 141
122 100
125 117
127 118
128 108
129 137
130 128
134 88
136 101
144 139
145 156
148 107
155 148
157 163
158 142
160 127
163 121
165 130
166 131
167 147
168 149
169 167
170 172
171 173
176 140
178 114
191 166
194 150
195 187
197 204
200 184
204 186
215 197
217 215
218 168
219 192
223 198
225 226
226 244
227 225
230 189
232 219
239 228
240 191
241 195
243 213
248 227
249 238
250 181
252 258
261 224
262 229
263 248
268 179
270 255
272 234
273 289
274 290
277 288
278 271
279 272
286 218
289 269
291 281
292 291
296 287
300 250
303 267
312 294
318 212
319 300
322 301
323 317
326 284
327 293
335 319
338 329
347 312
348 292
350 322
351 323
352 332
358 299
361 277
366 316
367 328
369 326
370 285
371 363
372 308
377 309
382 327
387 334
388 335
389 351
390 371
393 356
394 369
395 393
396 382
397 392
398 370
403 346
405 420
407 361
408 355
409 337
410 350
411 376
412 439
415 348
416 349
423 390
424 429
428 389
429 413
439 410
440 412
444 404
449 406
450 437
455 418
457 431
459 457
460 387
461 381
462 388
463 426
465 444
468 379
469 411
471 456
472 469
476 440
478 417
479 446
480 454
490 399
491 445
493 448
494 367
497 396
500 455
505 476
507 465
508 451
513 483
519 458
521 434
522 435
524 467
525 473
528 475
532 459
534 471
535 460
537 513
538 499
546 480
549 477
551 481
555 509
556 490
557 512
560 507
561 504
562 532
570 474
571 529
575 496
577 572
582 527
584 505
588 508
591 553
605 564
606 635
608 540
610 536
614 531
617 578
619 565
621 539
623 534
625 518
626 559
628 544
629 586
632 550
633 535
634 541
635 567
636 569
637 560
640 561
642 611
643 515
645 551
650 610
653 576
654 571
664 589
665 585
666 604
667 601
672 619
675 594
676 649
678 577
680 627
682 629
686 603
688 630
689 639
690 634
698 584
699 599
700 647
708 625
710 618
715 641
719 588
725 687
729 608
730 644
733 646
734 642
740 662
741 670
746 685
751 675
755 674
758 697
765 684
766 703
767 676
769 714
770 719
773 720
776 690
777 655
778 718
791 702
797 681
803 742
808 679
811 683
812 701
814 765
815 789
816 757
819 699
822 745
823 764
829 727
830 763
836 721
837 760
838 728
839 747
840 755
841 807
844 738
845 739
847 779
849 766
850 725
853 744
854 753
855 759
857 761
858 771
865 762
867 772
868 782
869 797
873 778
876 780
877 788
878 799
886 794
887 834
888 795
894 803
895 781
896 831
897 872
899 821
903 804
904 827
905 820
908 838
913 774
914 809
915 843
917 826
918 829
919 822
920 847
926 814
927 802
930 823
932 849
936 825
937 835
938 917
943 845
944 851
945 863
947 818
949 810
951 833
952 906
956 846
957 837
961 860
963 862
965 877
971 858
972 832
973 870
974 881
977 855
978 844
979 890
984 866
987 887
988 900
995 874
997 875
998 880
1000 904
1004 878
1007 885
1008 899
1010 894
1017 876
1024 905
1025 941
1030 909
1032 938
1044 933
1049 929
1051 930
1054 945
1055 997
1056 985
1061 916
1062 959
1064 914
1067 943
1068 936
1069 922
1072 931
1073 984
1076 937
1077 981
1080 972
1081 974
1087 1006
1090 995
1091 1052
1098 970
1099 988
1103 1007
1106 1048
1110 989
1111 956
1115 1039
1119 990
1120 1062
1121 980
1129 1004
1131 1005
1136 999
1138 1032
1139 992
1140 1034
1141 1023
1142 1036
1144 1046
1145 1025
1152 1012
1153 1035
1154 1113
1159 991
1165 1033
1169 1065
1170 1042
1173 1099
1179 1060
1180 1071
1181 1061
1187 1011
1192 1029
1193 1056
1194 1110
1195 1111
1198 1095
1205 1087
1207 1098
1208 1148
1210 1123
1213 1049
1214 1067
1216 1080
1217 1090
1218 1133
1219 1058
1220 1086
1222 1089
1223 1104
1227 1134
1228 1124
1229 1068
1230 1077
1236 1066
1239 1114
1240 1100
1243 1117
1248 1078
1250 1184
1251 1186
1252 1085
1254 1103
1257 1170
1259 1083
1263 1129
1264 1146
1265 1166
1269 1115
1271 1155
1272 1168
1274 1160
1275 1183
1276 1194
1277 1159
1278 1165
1279 1193
1283 1126
1285 1127
1289 1128
1290 1164
1291 1153
1292 1176
1294 1204
1295 1227
1296 1135
1297 1122
1300 1152
1302 1180
1305 1182
1306 1171
1308 1142
1313 1177
1314 1210
1315 1212
1321 1181
1322 1209
1327 1192
1330 1145
1336 1179
1341 1189
1345 1249
1346 1272
1351 1163
1355 1190
1360 1187
1371 1215
1373 1188
1377 1255
1383 1291
1385 1273
1390 1244
1391 1269
1395 1218
1397 1235
1398 1236
1399 1237
1406 1279
1410 1277
1411 1266
1412 1267
1414 1268
1415 1313
1417 1216
1419 1322
1424 1304
1428 1335
1430 1312
1431 1252
1433 1243
1434 1288
1436 1364
1440 1222
1442 1320
1446 1307
1447 1290
1449 1354
1450 1337
1452 1338
1453 1300
1456 1319
1458 1311
1459 1336
1462 1301
1465 1323
1466 1355
1468 1287
1470 1276
1471 1303
1474 1373
1477 1234
1480 1302
1484 1344
1486 1328
1489 1286
1490 1315
1494 1382
1497 1360
1500 1318
1501 1345
1502 1346
1507 1316
1522 1342
1524 1362
1525 1358
1527 1372
1531 1350
1532 1381
1539 1371
1549 1391
1550 1356
1557 1404
1558 1428
1561 1379
1562 1403
1566 1450
1567 1366
1568 1385
1569 1365
1574 1425
1577 1430
1579 1393
1585 1440
1586 1431
1587 1414
1589 1363
1591 1422
1592 1481
1595 1394
1597 1413
1599 1419
1601 1408
1604 1410
1608 1480
1609 1374
1613 1435
1615 1466
1616 1449
1622 1409
1623 1421
1627 1436
1628 1459
1631 1478
1635 1513
1636 1514
1637 1532
1638 1451
1639 1401
1641 1402
1643 1448
1645 1473
1646 1439
1648 1511
1650 1458
1651 1465
1653 1412
1658 1433
1662 1446
1663 1447
1665 1463
1667 1488
1668 1464
1670 1517
1671 1531
1672 1443
1673 1498
1674 1472
1675 1516
1676 1523
1677 1529
1682 1455
1683 1445
1684 1420
1687 1506
1689 1548
1690 1490
1692 1524
1695 1487
1697 1505
1699 1497
1703 1518
1704 1530
1706 1545
1708 1444
1709 1507
1711 1540
1712 1550
1715 1496
1717 1494
1720 1536
1723 1554
1724 1539
1731 1557
1735 1583
1736 1588
1741 1501
1745 1582
1746 1537
1752 1525
1754 1558
1755 1618
1756 1574
1757 1534
1758 1538
1759 1567
1761 1594
1762 1568
1764 1559
1766 1565
1767 1560
1768 1586
1773 1541
1777 1578
1779 1603
1780 1596
1786 1592
1789 1626
1790 1547
1792 1633
1796 1563
1802 1648
1803 1601
1804 1635
1810 1632
1811 1625
1815 1615
1819 1668
1821 1585
1824 1611
1825 1571
1827 1639
1828 1657
1830 1589
1838 1652
1843 1637
1845 1630
1846 1640
1848 1678
1849 1570
1853 1629
1856 1664
1857 1675
1858 1634
1860 1628
1863 1679
1864 1659
1867 1672
1868 1647
1871 1663
1874 1677
1875 1681
1876 1701
1877 1704
1882 1644
1884 1674
1885 1676
1890 1646
1895 1691
1897 1702
1904 1680
1905 1726
1907 1682
1909 1660
1910 1698
1914 1709
1916 1670
1917 1696
1920 1723
1929 1734
1942 1732
1946 1712
1950 1719
1953 1742
1954 1766
1962 1759
1967 1730
1971 1722
1973 1707
1974 1735
1975 1713
1985 1744
1991 1751
1994 1779
2009 1805
2011 1755
2022 1775
2023 1750
2033 1777
2035 1799
2041 1785
2043 1791
2049 1798
2050 1769
2051 1784
2055 1770
2064 1823
2065 1824
2070 1797
2071 1790
2074 1809
2075 1802
2076 1837
2079 1829
2083 1783
2085 1820
2088 1839
2089 1850
2090 1834
2094 1781
2095 1811
2103 1796
2112 1836
2115 1808
2117 1861
2119 1831
2120 1832
2123 1867
2127 1870
2128 1878
2129 1886
2131 1840
2135 1842
2137 1880
2142 1854
2147 1865
2148 1869
2149 1855
2151 1860
2155 1898
2156 1846
2157 1868
2158 1885
2160 1897
2161 1925
2162 1815
2163 1847
2165 1864
2171 1951
2175 1906
2182 1893
2189 1852
2194 1900
2195 1915
2197 1935
2200 1934
2205 1926
2209 1937
2214 1889
2216 1918
2218 1942
2226 1949
2227 1956
2229 1883
2230 1891
2232 1913
2234 1923
2240 1933
2243 1890
2245 1953
2253 1970
2255 1903
2262 1939
2265 1968
2271 2001
2279 1980
2282 1921
2283 1979
2285 1969
2299 1971
2304 2012
2305 2002
2317 1978
2320 1986
2321 1997
2328 1998
2334 1961
2336 1990
2339 1983
2340 2000
2347 2020
2350 2035
2353 2027
2357 1977
2359 1994
2362 2043
2370 2009
2375 2075
2376 2054
2382 2026
2387 2004
2390 2029
2391 2049
2395 2082
2396 2050
2397 2074
2402 2028
2406 2055
2409 2008
2410 2019
2411 2024
2413 2039
2414 2032
2415 2053
2416 2081
2419 1993
2426 2015
2429 2038
2431 2084
2432 2103
2435 2030
2439 2072
2442 2137
2446 2042
2448 2047
2451 2013
2455 2056
2457 2064
2458 2100
2464 2052
2465 2062
2466 2088
2473 2034
2478 2136
2485 2119
2487 2120
2490 2071
2492 2079
2494 2131
2498 2094
2504 2061
2505 2092
2506 2087
2509 2128
2510 2091
2511 2077
2514 2143
2516 2111
2519 2130
2520 2144
2527 2096
2530 2129
2533 2145
2534 2151
2535 2172
2542 2109
2548 2173
2549 2174
2553 2117
2558 2123
2559 2116
2560 2126
2561 2127
2564 2159
2571 2142
2576 2186
2580 2108
2581 2153
2583 2194
2595 2185
2596 2200
2601 2161
2602 2162
2603 2169
2606 2193
2607 2238
2614 2152
2618 2242
2620 2140
2622 2213
2629 2141
2630 2180
2632 2133
2634 2188
2637 2241
2647 2252
2649 2247
2658 2204
2659 2211
2666 2190
2667 2231
2669 2221
2674 2219
2676 2199
2678 2232
2679 2261
2680 2262
2685 2263
2692 2228
2693 2220
2698 2225
2699 2227
2703 2270
2706 2255
2709 2251
2710 2260
2713 2301
2715 2316
2717 2226
2719 2240
2723 2300
2724 2223
2731 2264
2733 2253
2735 2282
2737 2289
2746 2311
2747 2330
2753 2250
2758 2327
2759 2337
2763 2306
2764 2334
2765 2310
2770 2279
2772 2326
2773 2320
2774 2344
2775 2372
2776 2314
2780 2336
2783 2287
2785 2359
2786 2362
2787 2373
2794 2350
2795 2333
2800 2356
2802 2317
2804 2376
2806 2383
2807 2283
2819 2387
2821 2382
2828 2401
2834 2349
2835 2353
2838 2418
2849 2367
2850 2354
2851 2375
2854 2380
2855 2395
2858 2397
2863 2345
2864 2352
2866 2404
2867 2419
2869 2402
2870 2403
2873 2425
2876 2368
2883 2405
2888 2389
2891 2396
2893 2447
2903 2451
2904 2426
2905 2484
2906 2471
2908 2365
2913 2424
2917 2448
2918 2478
2922 2469
2927 2450
2928 2430
2929 2462
2932 2461
2934 2428
2935 2474
2937 2488
2938 2476
2940 2421
2942 2423
2946 2446
2947 2467
2948 2483
2959 2503
2963 2415
2965 2473
2966 2443
2967 2460
2970 2533
2975 2510
2981 2458
2984 2509
2986 2522
2988 2534
2990 2511
2991 2531
2993 2548
2997 2449
3001 2504
3003 2502
3004 2487
3005 2514
3007 2508
3009 2472
3010 2480
3013 2520
3014 2525
3020 2529
3022 2530
3028 2538
3029 2577
3034 2496
3035 2506
3037 2545
3038 2546
3039 2550
3045 2536
3052 2578
3056 2557
3060 2541
3061 2537
3063 2568
3064 2558
3069 2571
3070 2573
3079 2597
3083 2552
3085 2543
3090 2610
3091 2600
3095 2561
3096 2586
3098 2603
3103 2590
3107 2623
3111 2570
3113 2589
3119 2584
3120 2609
3122 2633
3125 2598
3127 2615
3128 2649
3129 2635
3130 2650
3131 2601
3139 2582
3141 2625
3145 2622
3146 2640
3150 2648
3151 2653
3159 2682
3162 2607
3165 2651
3167 2659
3168 2641
3169 2699
3177 2700
3180 2636
3188 2645
3191 2667
3192 2668
3194 2676
3197 2681
3198 2734
3199 2709
3205 2723
3211 2656
3212 2663
3213 2664
3216 2697
3222 2674
3223 2662
3224 2707
3225 2713
3228 2694
3229 2696
3231 2704
3232 2708
3233 2749
3234 2743
3237 2693
3238 2702
3243 2683
3245 2720
3247 2748
3248 2741
3250 2767
3252 2715
3256 2716
3258 2718
3259 2757
3261 2722
3262 2733
3265 2753
3268 2725
3269 2726
3270 2721
3271 2740
3272 2732
3273 2728
3277 2730
3278 2736
3279 2727
3280 2737
3285 2794
3288 2710
3298 2796
3300 2719
3306 2793
3307 2776
3309 2764
3310 2765
3313 2724
3315 2782
3316 2750
3318 2756
3320 2822
3324 2758
3328 2775
3332 2763
3336 2783
3337 2805
3339 2811
3341 2781
3342 2789
3344 2792
3345 2802
3357 2836
3358 2777
3359 2808
3362 2798
3363 2809
3364 2832
3366 2838
3367 2801
3368 2803
3371 2831
3372 2829
3379 2807
3382 2828
3383 2819
3393 2827
3395 2835
3401 2841
3404 2874
3418 2886
3422 2856
3423 2845
3426 2851
3427 2852
3429 2854
3430 2866
3431 2861
3432 2855
3433 2880
3436 2887
3437 2823
3442 2840
3443 2843
3446 2867
3449 2898
3452 2826
3454 2834
3455 2850
3460 2885
3465 2853
3467 2884
3470 2903
3473 2860
3474 2872
3475 2878
3479 2883
3481 2870
3485 2912
3488 2882
3489 2864
3491 2913
3492 2920
3493 2910
3498 2889
3499 2906
3500 2907
3501 2895
3503 2911
3504 2926
3505 2901
3507 2902
3508 2935
3514 2924
3516 2934
3517 2945
3521 2950
3526 2930
3529 2936
3537 2919
3538 2922
3550 2904
3551 2923
3557 2928
3563 2929
3570 2953
3572 2958
3575 2949
3581 2921
3585 3004
3589 2957
3590 2960
3596 3018
3602 3001
3605 2938
3607 2973
3608 2993
3613 3011
3615 3044
3616 2955
3617 2947
3618 2977
3619 2981
3626 3003
3630 2962
3633 3008
3635 2956
3637 2974
3638 2991
3639 2992
3644 2982
3648 2990
3653 2978
3659 3032
3662 3064
3663 3005
3670 3033
3678 3016
3679 3046
3680 3000
3682 3009
3683 3038
3688 3015
3694 3014
3698 3007
3700 3036
3701 3039
3703 3021
3709 3051
3711 3019
3721 3031
3734 3013
3737 3090
3739 3040
3741 3035
3744 3042
3745 3047
3746 3060
3750 3085
3752 3086
3754 3041
3757 3082
3758 3057
3760 3093
3767 3073
3768 3056
3774 3075
3784 3074
3786 3102
3801 3088
3804 3069
3808 3115
3811 3068
3813 3083
3824 3087
3833 3095
3840 3110
3848 3134
3850 3104
3859 3103
3864 3124
3866 3137
3872 3145
3875 3128
3877 3126
3879 3139
3882 3112
3894 3148
3897 3119
3902 3123
3903 3141
3910 3138
3918 3167
3919 3157
3923 3143
3929 3162
3930 3176
3959 3155
3960 3181
3967 3172
3970 3161
3974 3189
3984 3203
3986 3215
3987 3164
3988 3168
3990 3169
3995 3208
3998 3188
4008 3201
4011 3173
4017 3212
4020 3213
4021 3237
4025 3224
4027 3240
4035 3228
4037 3232
4038 3245
4040 3221
4042 3244
4045 3222
4049 3251
4051 3259
4056 3250
4063 3248
4071 3277
4077 3260
4083 3276
4084 3300
4089 3257
4090 3247
4093 3263
4096 3254
4097 3241
4107 3268
4111 3265
4114 3307
4122 3282
4125 3299
4127 3288
4131 3289
4133 3246
4136 3283
4137 3319
4148 3295
4149 3322
4154 3343
4155 3320
4163 3287
4165 3329
4167 3305
4169 3318
4171 3315
4178 3339
4182 3341
4187 3323
4195 3327
4196 3334
4199 3352
4200 3374
4201 3387
4204 3330
4205 3342
4210 3357
4224 3366
4232 3345
4237 3337
4241 3371
4242 3392
4245 3381
4247 3363
4249 3380
4250 3406
4252 3353
4253 3393
4259 3376
4266 3385
4268 3413
4270 3384
4279 3389
4285 3396
4302 3405
4305 3409
4306 3451
4318 3404
4326 3433
4327 3422
4333 3445
4344 3458
4347 3473
4350 3465
4358 3482
4360 3456
4364 3506
4372 3462
4376 3449
4377 3454
4378 3470
4379 3489
4384 3457
4389 3472
4390 3494
4391 3504
4392 3500
4397 3520
4400 3479
4411 3496
4427 3547
4430 3511
4431 3512
4439 3508
4443 3540
4450 3525
4453 3531
4456 3570
4458 3509
4472 3538
4473 3549
4476 3535
4489 3560
4495 3602
4496 3545
4497 3536
4498 3561
4501 3574
4508 3578
4524 3558
4527 3584
4529 3585
4540 3588
4541 3589
4542 3594
4573 3580
4576 3598
4577 3617
4589 3606
4600 3636
4601 3618
4609 3615
4621 3619
4623 3624
4624 3640
4630 3633
4631 3616
4641 3635
4643 3623
4645 3628
4662 3655
4664 3652
