f_0082876.png f_0082882.png
4 0
5 22
8 23
20 25
24 16
28 18
34 24
37 32
46 15
55 50
57 67
66 49
73 52
74 66
77 53
78 54
83 34
84 60
89 74
96 79
105 41
108 95
109 110
112 85
122 100
128 59
132 58
134 37
138 73
145 135
149 127
153 80
154 92
155 104
158 138
161 137
168 124
171 107
173 148
183 143
188 146
194 126
197 155
208 159
216 163
232 171
234 113
248 132
249 162
250 191
251 192
253 188
256 112
261 189
262 151
264 199
267 108
268 131
270 140
275 165
279 208
292 176
307 207
308 154
310 168
314 177
315 179
324 217
329 255
333 227
334 214
335 250
351 204
358 205
366 222
382 233
391 252
395 244
400 232
403 261
408 269
410 175
412 268
428 318
430 282
441 307
449 280
450 313
452 324
454 317
464 253
465 304
466 305
472 288
474 328
476 291
479 340
483 303
484 320
494 302
513 315
516 368
525 327
530 333
531 386
533 331
535 345
538 342
539 350
540 361
541 354
542 390
546 353
550 301
557 352
559 387
560 405
562 311
563 325
564 348
565 349
566 371
569 373
570 375
571 376
575 370
576 398
579 310
588 419
590 395
595 367
598 330
601 403
602 396
603 397
608 404
610 384
618 391
623 447
624 337
626 415
628 388
630 412
631 446
634 414
644 464
654 434
656 433
660 423
662 442
664 455
683 393
687 461
693 494
719 425
720 440
725 439
737 482
738 509
740 431
742 473
743 493
751 454
757 503
759 504
760 519
765 472
774 490
786 448
789 538
798 515
807 498
813 559
814 566
817 547
819 535
827 489
828 546
830 522
833 502
836 529
837 531
843 554
846 530
847 517
854 584
857 573
863 507
867 495
870 576
872 506
873 551
874 572
881 560
882 520
883 580
884 600
889 583
891 615
893 527
896 550
898 611
907 589
908 606
910 542
916 614
919 588
922 553
928 541
931 603
935 610
940 565
942 616
944 621
946 556
948 594
953 631
955 552
957 596
958 592
960 622
962 563
963 593
964 599
967 635
973 598
974 586
975 587
983 562
986 604
989 653
994 608
996 638
998 609
1000 650
1003 618
1006 591
1010 671
1014 659
1015 654
1017 602
1023 656
1025 643
1027 663
1028 664
1031 652
1034 642
1041 662
1044 670
1047 655
1049 686
1060 651
1062 697
1064 692
1065 722
1066 634
1068 657
1074 681
1080 632
1083 702
1088 680
1089 701
1097 675
1103 696
1106 648
1108 732
1110 669
1120 736
1121 747
1124 695
1126 647
1127 672
1128 660
1133 693
1137 720
1141 690
1142 704
1143 725
1144 731
1152 715
1162 682
1171 775
1174 708
1178 774
1184 719
1185 739
1186 735
1187 772
1190 699
1193 724
1197 787
1198 789
1199 798
1202 734
1205 779
1209 765
1218 743
1219 751
1222 742
1233 738
1234 763
1238 764
1242 838
1246 762
1248 822
1252 741
1264 816
1285 780
1298 843
1299 766
1305 846
1306 795
1307 814
1309 793
1312 813
1313 830
1320 782
1325 868
1334 792
1335 809
1337 821
1338 841
1339 829
1340 867
1342 855
1344 837
1351 806
1353 824
1354 820
1355 831
1361 832
1362 850
1363 800
1364 826
1365 833
1367 801
1375 905
1377 884
1378 865
1389 807
1395 836
1396 870
1402 849
1403 880
1404 930
1407 835
1411 944
1412 947
1413 896
1414 852
1415 882
1416 874
1419 844
1421 853
1426 875
1430 847
1451 916
1457 863
1459 943
1465 920
1468 962
1470 924
1472 965
1473 970
1475 861
1477 913
1480 914
1481 978
1483 908
1493 929
1502 976
1504 919
1506 951
1507 956
1513 922
1514 934
1518 950
1519 973
1520 981
1525 975
1529 964
1531 1003
1532 931
1534 952
1538 959
1547 1029
1550 985
1554 991
1555 1017
1560 953
1561 980
1563 1022
1565 955
1566 984
1568 1001
1574 1035
1577 1050
1578 963
1579 999
1583 983
1593 974
1596 1020
1599 1007
1602 1028
1605 996
1607 1033
1619 1018
1630 1046
1631 1027
1633 1032
1637 1045
1644 1058
1648 995
1649 1057
1667 1025
1673 1081
1682 1069
1686 1038
1691 1068
1698 1104
1702 1053
1704 1083
1720 1095
1721 1105
1722 1132
1724 1079
1726 1099
1729 1112
1730 1065
1736 1119
1741 1102
1743 1118
1749 1092
1750 1110
1752 1175
1754 1074
1755 1129
1764 1108
1769 1143
1775 1125
1779 1090
1780 1091
1784 1139
1785 1087
1789 1122
1790 1123
1793 1134
1794 1135
1795 1148
1798 1145
1799 1131
1802 1151
1803 1106
1805 1138
1809 1147
1819 1160
1821 1174
1822 1167
1826 1150
1833 1186
1838 1156
1839 1126
1841 1172
1847 1177
1848 1250
1855 1166
1856 1169
1857 1223
1862 1155
1863 1163
1866 1184
1869 1154
1871 1181
1872 1197
1873 1222
1875 1211
1878 1194
1879 1219
1883 1170
1884 1171
1885 1188
1886 1196
1890 1206
1891 1153
1893 1210
1896 1213
1897 1189
1901 1195
1902 1230
1907 1185
1908 1203
1915 1180
1928 1221
1929 1242
1930 1200
1931 1227
1932 1202
1933 1232
1935 1208
1940 1240
1941 1199
1942 1296
1943 1224
1945 1244
1946 1245
1947 1247
1949 1276
1950 1248
1954 1277
1956 1255
1962 1253
1969 1263
1970 1262
1971 1258
1974 1267
1975 1231
1976 1270
1977 1266
1983 1284
1984 1285
1986 1238
1987 1291
1989 1351
1992 1257
1995 1261
1996 1283
2002 1303
2005 1294
2011 1274
2021 1318
2022 1329
2025 1273
2032 1344
2034 1311
2036 1347
2038 1290
2040 1312
2042 1313
2043 1314
2044 1315
2045 1316
2048 1308
2050 1323
2053 1334
2055 1321
2066 1361
2069 1357
2071 1399
2072 1412
2074 1348
2075 1406
2087 1403
2090 1374
2094 1439
2097 1349
2099 1363
2100 1362
2105 1450
2109 1419
2110 1424
2114 1423
2118 1375
2120 1418
2121 1391
2124 1364
2125 1377
2130 1408
2132 1389
2135 1422
2138 1396
2143 1474
2153 1444
2158 1487
2174 1478
2180 1499
2181 1513
2182 1417
2185 1494
2188 1437
2189 1451
2193 1473
2194 1446
2198 1454
2200 1445
2202 1459
2206 1523
2210 1485
2215 1468
2221 1498
2227 1489
2245 1501
2247 1497
2260 1525
2262 1509
2265 1526
2267 1496
2268 1547
2269 1514
2271 1512
2288 1522
2295 1614
2296 1528
2303 1570
2304 1571
2309 1542
2316 1597
2317 1536
2321 1618
2327 1576
2330 1592
2336 1631
2337 1628
2343 1647
2346 1560
2352 1630
2363 1661
2374 1605
2378 1660
2380 1675
2387 1579
2389 1691
2391 1600
2399 1623
2407 1625
2414 1613
2424 1728
2427 1640
2428 1635
2430 1722
2435 1621
2449 1729
2451 1659
2454 1658
2456 1654
2457 1643
2459 1699
2464 1698
2467 1708
2471 1667
2473 1714
2475 1657
2477 1757
2482 1672
2484 1656
2487 1664
2497 1773
2500 1682
2501 1688
2513 1766
2522 1789
2529 1761
2541 1750
2548 1788
2551 1711
2560 1739
2561 1721
2569 1734
2572 1746
2575 1772
2578 1795
2580 1794
2582 1754
2584 1747
2586 1755
2587 1759
2591 1735
2593 1783
2606 1787
2609 1770
2617 1785
2624 1801
2625 1798
2637 1860
2642 1884
2643 1826
2646 1799
2647 1836
2653 1827
2655 1824
2663 1833
2665 1881
