f_0082858.png f_0082864.png
51 14
52 41
90 32
117 177
200 149
222 352
223 158
228 316
254 95
276 424
288 127
309 385
313 467
408 324
411 184
424 176
438 688
480 564
488 653
527 725
535 702
560 748
581 826
596 698
605 712
606 802
607 749
620 810
628 923
655 585
665 809
694 941
699 882
711 536
724 700
742 1050
750 895
764 980
767 1078
781 1128
783 996
793 1143
804 1009
816 863
817 533
822 699
825 1192
860 1265
874 797
887 798
893 1011
897 1000
898 1017
901 1366
906 1290
909 1262
913 1063
919 1374
939 1339
946 1430
960 1083
997 1190
1009 1095
1027 1242
1030 1252
1057 1607
1070 1516
1086 1188
1130 1442
1139 1764
1150 1427
1158 1391
1159 1722
1160 1503
1161 1563
1176 1773
1210 1742
1226 1495
1239 1306
1264 1878
1268 1958
1308 1569
1320 1912
1329 2011
1332 2012
1334 1815
1335 1567
1359 1700
1360 1603
1407 2075
1450 1944
1452 1976
1460 1691
1468 2342
1478 1852
1484 1680
1485 1907
1486 2174
1529 2335
1535 2004
1540 2088
1580 2266
1593 2215
1619 2379
1648 2461
1660 2591
1661 2110
1667 2561
1681 2627
1686 2636
1698 2626
1745 2563
1762 2774
1798 2806
1800 2869
1801 2753
1829 2682
1846 2857
1849 2640
1870 2643
1886 2575
1887 2762
1894 2887
1900 3012
1904 2689
1915 2734
1922 2792
1927 2736
1928 3020
1945 2953
1986 3010
1988 3002
1994 2920
2039 2891
2049 3018
2060 2990
2063 3125
2068 3151
2078 3251
2088 3035
2091 3184
2094 3257
2115 3234
2116 3196
2117 3220
2125 3260
2128 3216
2131 3141
2132 3144
2142 3249
2145 3034
2150 3276
2167 3335
2174 3293
2178 3273
2189 3314
2201 3430
2210 3444
2216 3525
2226 3338
2237 3368
2246 3399
2248 3502
2250 3266
2255 3503
2276 3672
2281 3448
2291 3665
2303 3664
2305 3589
2317 3409
2357 3543
2360 3632
2361 3746
2369 3795
2371 3564
2372 3741
2375 3506
2376 3683
2380 3607
2386 3730
2388 3718
2390 3712
2395 3727
2402 3624
2405 3630
2408 3781
2418 3786
2419 3668
2425 3783
2426 3754
2429 3823
2436 3810
2440 3742
2441 3710
2450 3733
2451 3682
2453 3859
2477 3766
2478 3777
2501 3863
2502 3888
2508 3811
2513 3919
2529 3869
2549 3920
2551 3953
2552 3956
2555 4007
2556 4032
2568 4062
2579 3857
2580 4022
2594 4082
2609 4046
2611 4131
2612 4105
2616 4070
2620 4098
2633 4100
2661 4055
2662 4009
2667 4109
2675 4190
2676 4001
2695 4188
2711 4060
2712 4099
2716 4228
2724 4075
2727 4287
2733 4157
2745 4130
2746 4231
2747 4280
2757 4255
2766 4245
2774 4243
2776 4281
2793 4327
2797 4292
2800 4305
2814 4322
2816 4324
2817 4363
2823 4334
2831 4369
2837 4343
2839 4418
2840 4325
2846 4277
2850 4380
2865 4392
2881 4395
2900 4319
2907 4472
2919 4441
2929 4372
2946 4399
2950 4445
2953 4424
2960 4489
2963 4529
2971 4491
2978 4468
2979 4500
2980 4503
2987 4435
2992 4497
2999 4563
3003 4482
3009 4487
3010 4623
3012 4536
3013 4545
3038 4525
3044 4532
3050 4595
3057 4704
3062 4609
3069 4592
3070 4648
3071 4668
3082 4645
3096 4641
3098 4691
3101 4607
3110 4654
3114 4673
3118 4656
3134 4763
3139 4690
3145 4764
3160 4701
3161 4703
3162 4750
3166 4699
3181 4754
3182 4739
3185 4766
3194 4652
3204 4748
3206 4787
3245 4865
3265 4744
3273 4770
3291 4876
3300 4982
3301 4821
3311 4838
3336 4956
3337 4947
3350 4899
3351 4857
3357 4842
3377 4884
3383 4924
3432 5084
3451 5001
3454 5028
3455 5090
3457 5086
3463 5144
3464 5107
3470 5053
3472 5098
3479 4936
3492 5082
3516 5081
3520 5167
3538 5158
3539 5135
3546 5208
3552 5203
3558 5185
3570 5133
3578 4817
3585 5202
3595 5235
3602 5251
3611 5240
3619 5132
3622 5258
3628 5195
3645 5234
3646 5272
3647 5281
3657 5274
3659 5283
3661 5131
3662 5292
3669 5297
3673 5328
3679 5224
3688 5222
3694 5357
3695 5260
3701 5344
3703 5288
3704 5309
3738 5398
3739 5285
3760 5435
3767 5423
3779 5382
3789 5351
3791 5383
3804 5457
3826 5475
3829 5465
3835 5449
3840 5492
3843 5396
3852 5450
3863 5515
3865 5531
3868 5481
3869 5482
3872 5489
3873 5500
3885 5521
3886 5480
3893 5367
3895 5418
3902 5359
3903 5530
3905 5527
3906 5549
3909 5584
3917 5541
3920 5555
3926 5582
3938 5621
3944 5598
3945 5559
3946 5639
3947 5649
3958 5410
3972 5644
3973 5616
3979 5638
4005 5673
4018 5691
4022 5701
4026 5672
4071 5798
4079 5771
4080 5788
4089 5712
4091 5745
4099 5807
4100 5848
4104 5487
4112 5837
4133 5849
4135 5833
4147 5835
4190 5801
4216 5828
