f_0082558.png f_0082620.png
20 5
46 63
54 20
74 25
81 19
96 21
104 54
105 95
113 26
149 1
170 2
171 11
179 29
197 3
199 28
255 50
257 87
275 98
277 181
278 204
286 182
287 249
295 159
316 254
327 109
328 162
352 101
358 77
359 67
375 10
381 228
388 105
400 39
412 33
423 104
431 38
439 76
442 138
443 260
454 263
474 64
490 37
502 60
505 192
509 131
511 165
516 164
525 82
546 185
547 187
563 156
606 176
608 201
619 117
620 92
626 108
633 118
653 55
658 236
659 240
664 208
670 364
684 175
686 163
703 297
720 211
725 251
747 188
756 276
758 331
768 170
784 330
787 219
796 173
800 296
804 414
807 206
809 243
822 304
858 482
866 320
868 385
889 215
892 222
898 223
900 316
901 349
910 257
928 229
930 326
935 311
940 457
948 266
949 360
957 250
958 275
960 374
961 444
962 519
968 466
971 286
983 267
1003 291
1004 274
1011 191
1018 264
1023 293
1029 242
1031 469
1032 488
1038 456
1039 504
1044 303
1046 361
1056 413
1075 571
1083 383
1091 285
1099 272
1110 593
1113 308
1130 324
1144 584
1157 560
1161 271
1166 565
1186 476
1187 503
1193 477
1208 494
1211 592
1219 359
1224 619
1226 394
1231 624
1234 355
1244 506
1245 667
1256 515
1257 518
1264 317
1266 319
1268 365
1274 631
1277 352
1279 376
1282 460
1284 556
1297 305
1301 410
1306 333
1321 643
1324 684
1335 627
1341 483
1345 338
1346 402
1348 459
1357 443
1367 339
1371 391
1378 588
1380 393
1384 525
1388 591
1389 661
1390 675
1400 702
1406 523
1414 371
1420 530
1433 473
1435 572
1436 603
1444 517
1446 536
1447 538
1468 583
1470 655
1473 715
1475 446
1498 513
1499 541
1514 562
1517 427
1526 442
1530 492
1533 720
1534 740
1538 437
1541 634
1542 638
1556 707
1560 425
1562 434
1564 454
1571 751
1572 449
1573 491
1579 730
1580 777
1584 642
1585 659
1587 690
1597 700
1598 693
1600 415
1603 587
1605 657
1610 431
1614 602
1616 658
1623 558
1624 569
1628 463
1637 499
1642 766
1643 767
1646 489
1647 514
1652 735
1655 441
1657 671
1664 575
1674 613
1686 582
1687 612
1692 680
1695 535
1699 649
1704 471
1708 595
1709 656
1716 440
1719 748
1722 470
1728 717
1740 828
1742 699
1747 534
1748 551
1758 511
1759 557
1766 566
1767 679
1776 734
1791 574
1799 586
1801 609
1808 750
1817 703
1822 617
1830 871
1834 550
1837 580
1839 808
1840 827
1841 870
1844 496
1868 573
1870 733
1872 763
1878 561
1880 686
1891 802
1892 796
1895 579
1899 814
1915 683
1922 666
1924 769
1929 747
1934 678
1936 760
1939 830
1940 831
1943 863
1946 920
1955 791
1967 660
1973 563
1975 629
1977 705
1979 821
1981 896
1985 851
1993 632
1994 625
1997 779
1999 925
2000 712
2003 852
2008 672
2013 605
2015 637
2021 910
2023 919
2026 673
2037 578
2043 824
2044 825
2046 898
2051 787
2058 691
2059 696
2060 746
2061 758
2063 804
2065 891
2072 757
2075 835
2082 652
2083 685
2097 794
2099 847
2113 935
2130 789
2131 801
2133 837
2146 917
2156 744
2157 834
2161 1014
2162 639
2169 1029
2187 944
2194 736
2195 728
2197 909
2198 943
2201 721
2202 709
2206 953
2216 1043
2217 1037
2220 706
2222 904
2224 963
2226 1023
2228 651
2234 743
2236 823
2237 815
2242 956
2252 662
2254 722
2258 846
2259 867
2264 783
2274 688
2277 955
2282 752
2289 942
2297 768
2298 786
2299 800
2303 727
2312 711
2316 805
2318 946
2326 989
2342 1021
2348 968
2353 1007
2374 908
2388 1144
2390 931
2397 726
2404 762
2405 822
2407 850
2413 1056
2418 1129
2425 807
2429 973
2430 976
2443 952
2449 1074
2452 878
2466 1157
2470 1095
2474 1068
2477 874
2481 1012
2492 999
2498 799
2500 881
2507 880
2509 849
2513 1169
2515 930
2517 1073
2519 806
2523 1033
2524 1114
2539 1131
2546 887
2549 1128
2552 1117
2560 1228
2562 902
2572 836
2576 1060
2577 1072
2582 1121
2587 945
2589 1105
2595 921
2596 937
2598 983
2602 1181
2605 900
2609 907
2611 995
2613 1084
2616 1287
2619 913
2625 987
2633 1147
2634 1182
2635 844
2637 928
2641 929
2652 1187
2657 1063
2660 1083
2665 872
2669 980
2674 1172
2696 884
2699 1179
2700 1213
2703 1329
2705 1004
2709 894
2720 1212
2732 1086
2737 1020
2739 1239
2743 1003
2744 1010
2745 1103
2746 1171
2747 914
2749 927
2750 960
2753 1156
2756 1316
2760 1047
2768 1111
2777 1119
2780 1254
2781 1260
2790 992
2792 1059
2795 1206
2799 1311
2809 1137
2813 1053
2814 1196
2817 1268
2822 991
2825 1067
2827 1286
2834 1092
2836 1273
2846 978
2849 1070
2864 1051
2867 1186
2869 1201
2870 1230
2871 1244
2872 1253
2879 1066
2880 1124
2882 1194
2883 1195
2885 1299
2895 1052
2896 1323
2907 1046
2908 1031
2909 1160
2912 1322
2913 1373
2918 985
2923 1104
2930 1189
2939 1135
2940 1200
2948 1220
2960 1340
2967 1064
2969 1079
2979 1252
2983 1315
2989 1099
2991 1257
2992 1271
2997 1237
3002 1038
3003 1078
3004 1134
3006 1357
3012 1368
3016 1143
3017 1166
3019 1362
3021 1384
3027 1227
3028 1222
3032 1408
3036 1082
3038 1205
3043 1042
3052 1320
3063 1178
3073 1292
3076 1465
3081 1235
3082 1313
3085 1185
3086 1266
3087 1289
3094 1270
3096 1334
3098 1400
3102 1164
3103 1176
3105 1210
3109 1478
3113 1355
3114 1394
3116 1486
3117 1075
3118 1133
3120 1232
3122 1263
3126 1279
3127 1296
3130 1309
3134 1306
3141 1407
3146 1170
3154 1081
3156 1262
3158 1354
3163 1308
3164 1337
3165 1406
3169 1152
3174 1377
3176 1505
3179 1175
3188 1101
3199 1248
3201 1332
3202 1371
3206 1391
3209 1231
3210 1249
3211 1367
3219 1226
3228 1411
3230 1422
3237 1199
3238 1233
3251 1217
3254 1331
3255 1366
3261 1193
3263 1375
3265 1115
3267 1358
3268 1521
3270 1202
3272 1370
3279 1434
3280 1425
3298 1471
3306 1278
3313 1241
3314 1349
3329 1483
3335 1192
3340 1580
3341 1163
3342 1350
3352 1390
3358 1276
3368 1224
3369 1261
3373 1405
3374 1503
3375 1393
3380 1225
3382 1277
3384 1294
3389 1454
3391 1520
3393 1284
3399 1382
3405 1245
3406 1392
3408 1444
3412 1510
3418 1592
3421 1256
3428 1655
3446 1509
3451 1556
3452 1560
3460 1343
3462 1480
3465 1363
3466 1526
3477 1544
3480 1223
3482 1280
3483 1312
3486 1451
3489 1659
3493 1443
3504 1552
3510 1330
3512 1565
3520 1555
3522 1652
3524 1339
3526 1431
3531 1440
3538 1518
3544 1543
3547 1621
3553 1501
3559 1618
3563 1421
3564 1435
3565 1417
3570 1680
3571 1494
3578 1447
3579 1470
3581 1506
3588 1551
3592 1513
3600 1388
3602 1588
3604 1617
3610 1512
3622 1381
3624 1450
3646 1534
3647 1610
3654 1606
3663 1634
3665 1786
3671 1633
3672 1691
3679 1385
3681 1457
3683 1622
3690 1499
3699 1498
3708 1640
3713 1448
3716 1641
3717 1642
3718 1648
3722 1594
3723 1599
3724 1663
3726 1803
3734 1729
3740 1671
3741 1781
3756 1738
3765 1816
3770 1402
3775 1764
3776 1765
3781 1712
3782 1820
3790 1674
3795 1822
3809 1460
3817 1708
3818 1697
3822 1428
3824 1466
3825 1488
3828 1666
3836 1469
3843 1774
3852 1651
3856 1573
3859 1861
3874 1487
3875 1578
3878 1801
3884 1707
3888 1462
3891 1529
3898 1631
3900 1809
3909 1724
3915 1742
3917 1524
3920 1699
3933 1605
3937 1759
3941 1682
3957 1678
3958 1832
3967 1459
3968 1491
3971 1566
3975 1706
3978 1772
3979 1763
3981 1540
3983 1577
3988 1519
3992 1813
4000 1907
4005 1721
4012 1733
4020 1728
4022 1758
4030 1522
4034 1741
4039 1528
4041 1647
4047 1852
4049 1837
4054 1966
4069 1744
4072 1841
4073 1876
4079 1812
4080 1865
4098 1887
4115 1949
4122 1670
4131 1572
4132 1780
4133 1900
4134 1941
4140 1704
4149 2022
4151 2010
4152 1624
4155 1836
4160 1720
4176 1851
4181 1612
4189 1915
4192 1711
4197 1695
4205 1856
4209 1726
4216 1611
4229 1638
4242 1771
4246 2050
4267 1879
4268 2008
4272 1929
4275 2095
4276 1661
4277 1687
4278 1737
4286 2060
4293 1702
4295 1725
4299 1948
4304 1893
4306 1972
4310 1954
4311 1994
4334 1770
4338 1939
4349 1694
4365 1749
4373 2136
4383 1685
4384 1715
4394 2153
4416 1860
4419 2145
4422 1740
4432 1756
4457 2165
4462 2043
4463 2059
4466 1805
4494 2006
4496 1804
4500 1880
4503 2190
4515 1960
4516 2081
4523 1790
4528 1958
4529 2119
4535 1987
4552 2090
4555 2189
4563 1858
4582 2005
4584 2054
4590 1947
4603 2107
4604 2144
4612 1849
4615 1843
4624 2058
4629 1914
4633 1873
4639 2268
4652 2036
4676 2188
4686 1912
4692 2078
4696 1986
4697 2224
4701 2303
4719 2233
4743 2225
4752 2154
4756 2392
4767 1942
4773 2184
4782 1908
4785 2009
4791 2142
4794 2364
4806 2281
4808 1892
4810 1975
4814 1983
4816 2056
4818 2159
4821 1969
4829 1952
4834 2284
4848 2076
4853 2478
4857 1946
4859 2086
4867 2242
4868 2309
4869 1930
4870 1963
4886 2430
4892 2047
4900 2488
4913 1956
4917 2295
4919 2323
4931 2260
4950 2085
4954 1980
4957 2266
4958 2336
4981 1951
4996 2356
4997 2386
5003 2039
5006 2362
5011 2084
5024 2265
5032 2264
5035 2117
5051 2156
5052 2212
5059 2148
5069 2096
5088 2112
5104 2505
5118 2428
5121 2504
5123 2199
5136 2162
5140 2385
5145 2073
5170 2396
5179 2305
5186 2442
5188 2468
5197 2222
5199 2227
5200 2235
5222 2427
5224 2467
5257 2460
5258 2493
5271 2459
5272 2476
5277 2198
5278 2492
5279 2318
5280 2327
5302 2371
5309 2347
