f_0082558.png f_0082968.png
50 220
75 1894
81 969
100 2140
126 952
134 1052
135 2213
146 1921
214 1939
223 1728
242 2283
245 1352
274 1178
276 1712
303 1533
312 2099
366 2355
389 1880
391 1819
404 3
405 1583
408 1260
412 2066
465 290
468 1481
471 833
489 1967
500 2352
522 1132
562 834
568 1379
578 147
619 1130
689 427
703 597
716 1796
731 1830
766 1784
773 1519
817 2386
823 1601
865 1037
869 1036
871 1863
922 1058
940 1122
945 2013
947 1510
949 1483
955 680
969 1946
999 1005
1016 1581
1066 1269
1072 1955
1092 612
1101 1433
1112 939
1124 2347
1139 2322
1144 731
1151 1550
1163 1295
1176 1615
1212 1735
1222 138
1288 281
1303 1951
1330 743
1354 1890
1457 2076
1474 1681
1490 1539
1515 2392
1531 1382
1556 2401
1569 2123
1580 997
1584 1888
1629 1561
1648 772
1674 1987
1680 1813
1700 1563
1704 188
1710 488
1719 1593
1747 1745
1769 4
1775 1093
1815 1277
1858 995
1882 2255
1932 1347
1948 735
1995 2354
2027 1560
2097 2369
2131 1802
2165 877
2167 1364
2181 2304
2186 1061
2195 2356
2205 408
2211 2117
2223 1795
2225 1309
2235 2107
2249 1098
2292 1950
2293 940
2337 1467
2423 25
2485 1229
2560 1687
2587 1437
2607 2012
2620 1028
2642 92
2648 514
2664 2365
2702 2084
2746 671
2748 596
2749 1566
2760 1824
2796 1909
2809 1439
2830 1991
2866 2049
2873 2199
2881 546
2913 1248
2933 1404
2967 658
