f_0082872.png f_0082858.png
314 1469
334 544
429 1562
446 2650
480 930
492 2474
524 141
534 2939
537 814
581 1136
593 559
640 661
703 14
726 1218
799 9
830 948
833 952
874 631
960 804
961 494
988 186
989 235
997 2772
1006 2096
1019 1317
1029 2063
1043 1261
1132 104
1218 2250
1240 418
1257 990
1311 1018
1369 695
1397 2602
1408 2455
1440 1559
1449 760
1460 1700
1462 0
1470 2433
1499 684
1501 1312
1506 245
1544 160
1546 1744
1577 153
1618 2312
1626 759
1664 2644
1679 2724
1680 1299
1694 2329
1738 2270
1747 1646
1753 1935
1775 2218
1777 1366
1782 1227
1849 639
1859 2618
1875 1095
1889 2189
1907 65
1930 1374
1940 4
1942 1894
1956 2617
1958 69
1961 1498
1975 2413
1981 1163
1984 1264
1992 2811
1994 1134
2002 2667
2008 1889
2013 330
2029 2334
2044 2456
2062 1118
2081 2131
2107 140
2111 2706
2115 596
2141 2280
2160 1364
2161 228
2162 2788
2174 179
2183 689
2184 914
2194 1081
2195 664
2210 693
2213 2681
2215 226
2224 2314
2241 2762
2243 204
2247 1514
2252 367
2266 397
2268 2919
2272 211
2276 2133
2277 147
2281 31
2285 2308
2286 1030
2291 876
2296 1240
2301 260
2310 5
2317 1002
2318 964
2322 448
2324 457
2325 1459
2338 440
2339 1948
2346 18
2355 280
2366 2976
2377 431
2389 2854
2394 704
2399 89
2414 863
2417 2796
2425 714
2430 161
2443 678
2449 2372
2451 1380
2453 378
2455 2702
2459 461
2461 52
2474 1953
2490 389
2505 740
2517 500
2519 1988
2526 2467
2531 2725
2539 2958
2546 1834
2561 827
2564 1415
2565 521
2577 2172
2583 384
2584 1874
2626 128
2633 1499
2655 2460
2657 464
2671 1330
2674 1289
2676 361
2686 786
2692 2225
2693 207
2705 1723
2710 1152
2727 585
2746 250
2751 1138
2754 835
2759 256
2766 1557
2776 1704
2777 25
2779 2364
2782 255
2783 1998
2792 2426
2795 1839
2801 1060
2822 2968
2825 108
2834 451
2838 587
2840 76
2845 1783
2851 2473
2857 969
2891 237
2901 638
