f_0082620.png f_0082670.png
29 239
34 247
48 320
49 135
53 149
57 336
63 263
64 272
71 160
73 352
80 351
87 234
115 295
116 330
122 291
131 347
145 348
148 370
150 382
157 337
174 420
175 380
178 398
179 362
189 418
191 404
196 433
203 397
204 430
206 350
207 428
208 403
219 458
226 459
230 446
232 473
255 495
280 475
283 486
297 529
303 551
305 534
307 516
317 530
319 535
327 523
329 564
335 600
338 556
343 579
347 541
358 558
368 585
380 593
393 592
402 626
404 621
408 616
412 627
413 599
415 633
416 635
417 636
418 637
420 609
421 644
426 631
435 638
438 630
440 620
442 643
454 676
465 688
469 658
472 694
474 692
475 680
477 662
480 672
488 687
491 678
493 682
512 754
514 739
516 738
527 698
530 749
536 772
543 767
544 725
545 719
546 770
549 769
569 795
576 745
578 764
582 804
585 777
587 742
592 780
594 786
595 821
600 787
606 836
611 813
627 779
637 817
640 826
642 876
645 841
659 838
660 866
690 920
694 850
701 863
718 961
719 897
722 948
726 914
743 926
760 935
763 939
771 928
780 954
801 970
806 984
807 940
810 968
813 1043
814 1016
816 967
817 978
820 953
827 963
828 1012
830 997
844 1077
845 962
848 1085
853 969
856 1014
863 1019
865 1050
867 991
869 1029
870 1025
871 1015
875 1047
876 1041
877 1057
890 1024
896 1105
898 1123
899 1004
902 1039
903 1034
904 1049
907 1040
909 1113
914 1109
921 1044
923 1092
926 1100
928 1122
936 1161
937 1031
938 1080
942 1108
943 1037
944 1038
945 1071
946 1066
949 1082
960 1152
961 1112
965 1081
971 1127
974 1168
975 1120
983 1167
985 1190
987 1103
998 1209
1008 1154
1011 1111
1013 1192
1015 1140
1020 1125
1025 1218
1028 1208
1029 1263
1031 1133
1037 1243
1041 1178
1042 1297
1043 1172
1044 1198
1045 1214
1047 1240
1049 1224
1050 1254
1051 1266
1052 1279
1053 1262
1061 1261
1064 1191
1065 1201
1066 1290
1070 1291
1072 1265
1073 1284
1075 1260
1076 1277
1080 1203
1082 1241
1083 1304
1090 1270
1095 1347
1098 1236
1100 1307
1103 1309
1104 1306
1108 1259
1110 1320
1111 1351
1117 1349
1125 1327
1128 1281
1138 1384
1145 1264
1146 1404
1150 1439
1152 1383
1156 1301
1161 1289
1164 1326
1167 1399
1169 1361
1171 1324
1172 1398
1174 1371
1175 1396
1183 1421
1184 1416
1196 1377
1200 1393
1201 1446
1205 1450
1206 1451
1210 1447
1218 1363
1224 1428
1227 1476
1228 1465
1229 1463
1237 1475
1242 1491
1246 1480
1253 1472
1254 1503
1256 1382
1262 1535
1264 1473
1273 1510
1274 1523
1277 1395
1278 1474
1279 1401
1280 1420
1290 1413
1292 1529
1294 1479
1295 1412
1299 1546
1333 1435
1336 1445
1337 1518
1344 1456
1345 1549
1357 1569
1364 1469
1372 1528
1374 1530
1384 1642
1393 1486
1415 1727
1430 1608
1448 1558
1451 1589
1459 1547
1469 1564
1478 1575
1479 1560
1494 1640
1498 1688
1501 1751
1505 1711
1517 1605
1521 1603
1523 1604
1565 1648
1584 1637
1599 1667
1600 1656
1614 1725
1634 1672
1640 1748
1668 1699
1707 1762
1802 1797
1815 1839
1819 1807
1822 1789
1840 1938
1848 1909
1859 1823
1872 1914
1882 1842
1894 1859
1897 1881
