f_0082702.png f_0082928.png
57 65
114 188
210 16
258 122
261 225
287 302
288 158
308 23
321 109
341 371
349 129
350 233
356 430
365 303
368 410
372 354
381 34
382 174
384 488
386 441
395 447
396 381
397 396
399 112
401 240
410 632
411 223
412 648
418 401
425 409
428 248
429 414
431 573
439 203
443 33
444 120
445 330
448 433
453 439
460 300
475 657
478 334
479 590
500 634
503 579
504 700
513 568
514 602
515 640
519 636
529 743
532 586
539 374
547 454
568 623
571 798
575 702
584 554
589 736
602 853
610 432
618 802
625 592
634 818
638 834
661 881
669 933
676 715
681 886
682 914
683 924
704 960
708 696
712 723
713 917
721 949
723 973
724 1052
729 1014
742 972
749 765
770 857
787 1100
797 1207
799 920
813 685
817 1099
828 1108
837 826
849 953
850 1128
851 1183
853 946
860 1189
861 1223
877 1202
879 1315
890 1236
904 1244
906 986
912 980
921 939
931 1299
959 957
965 1079
975 1370
985 1028
987 1078
1000 1320
1009 1419
1016 1477
1029 1178
1043 1266
1078 1312
1079 1521
1085 1497
1099 1531
1117 1389
1129 1555
1144 1388
1145 1594
1149 1563
1150 1535
1152 1608
1158 1502
1165 1597
1170 1496
1173 1586
1182 1352
1193 1461
1200 1577
1204 1643
1208 1678
1214 1550
1215 1426
1217 1622
1227 1768
1230 1240
1236 1665
1239 1652
1243 1715
1244 1468
1255 1689
1257 1700
1268 1667
1274 1714
1281 1721
1284 1723
1293 1473
1297 1778
1298 1785
1315 1901
1319 1745
1321 1702
1323 1759
1329 1782
1348 1576
1352 1850
1356 1815
1363 1842
1369 1895
1373 1894
1376 1904
1390 1630
1392 1918
1394 2006
1399 1927
1408 1867
1422 1943
1428 1947
1430 1610
1432 1899
1449 1995
1505 2111
1510 2018
1511 1993
1515 2110
1518 1877
1563 2266
1579 2077
1596 2335
1600 2094
1610 2417
1612 2132
1637 2460
1663 2326
1697 2363
1703 2281
1716 2464
1733 2357
