f_0082952.png f_0082872.png
4 445
164 655
175 699
178 592
221 466
227 579
233 580
304 804
333 880
344 688
352 816
375 729
394 791
401 628
490 689
500 797
506 782
525 596
535 739
552 855
560 468
612 958
647 815
664 941
734 959
745 927
786 1202
788 786
823 902
845 933
858 766
888 1098
957 1055
958 1043
976 1135
994 822
1015 684
1018 1152
1031 1169
1033 810
1052 990
1061 1012
1062 881
1066 819
1069 1178
1073 800
1074 1332
1101 1187
1113 1179
1166 1087
1184 1073
1189 1086
1196 1214
1203 934
1210 838
1254 1254
1266 1006
1268 1384
1269 1255
1288 1284
1299 968
1330 1239
1355 967
1361 1063
1368 1486
1408 1044
1450 1267
1486 1335
1495 1303
1505 1412
1529 1287
1567 1605
1598 1322
1607 1449
1635 1375
1642 1131
1653 1136
1663 1636
1666 1376
1669 1140
1679 1651
1683 1082
1688 1648
1692 1312
1716 1280
1730 1405
1736 1389
1743 1290
1744 1369
1751 1120
1782 1568
1821 1800
1853 1727
1880 1539
1915 1473
1921 1899
1968 1564
1987 1736
2011 1620
2028 1672
2035 1630
2044 2051
2056 1835
2076 1815
2083 1745
2148 1882
2158 1679
2171 1741
2221 1967
2225 2153
2271 2124
2276 2026
2325 2075
2334 2185
2366 2110
2367 2044
2370 2118
2379 2201
2388 2211
2459 2268
2534 2373
2550 2262
2578 2432
2598 2318
2611 2253
2633 2417
2648 2347
2704 2465
2784 2458
2789 2532
2854 2564
