f_0082946.png f_0082868.png
3 2347
5 883
13 881
22 734
26 1044
33 387
34 270
37 1004
53 370
55 312
58 291
72 2820
76 2729
77 984
83 833
86 648
96 1827
111 1987
117 2948
127 235
134 924
137 1228
139 2799
147 1098
149 796
152 160
153 510
155 100
157 2230
160 403
167 245
169 2609
182 365
186 1221
196 1283
202 813
208 1326
213 2217
214 91
216 2770
227 2767
232 486
236 2707
237 2397
242 1105
244 94
251 1171
255 1288
268 107
271 2272
274 335
281 651
282 1065
288 2041
295 55
304 1119
329 438
340 396
354 2
357 1585
364 2741
365 1134
369 417
372 681
373 1064
375 690
376 1486
380 11
387 2488
390 2113
393 2475
395 1434
401 1670
403 225
407 2424
412 175
417 2084
426 2415
441 1220
442 411
451 2155
455 2223
462 561
469 2045
480 50
484 2747
496 409
514 1825
533 1218
553 130
558 1141
564 2703
568 730
573 2259
575 98
583 611
584 749
593 2079
598 2172
604 314
605 1177
606 1229
608 1533
610 476
614 2760
627 929
631 1295
635 1484
645 1321
654 1236
660 395
669 976
685 1167
688 1818
693 713
699 2573
702 70
709 1691
713 601
718 1939
725 1131
726 770
736 1053
738 433
748 226
754 2235
755 674
760 239
765 746
767 500
769 1102
770 570
772 841
781 1200
787 1270
789 1007
790 1197
801 2548
803 2933
812 914
813 116
816 152
817 2159
819 2927
820 2439
825 247
826 2832
829 65
837 1262
846 2746
853 1672
855 1423
856 1644
857 1404
860 2509
867 27
869 1551
888 2404
901 1307
904 2937
906 2857
908 1446
909 655
913 665
915 455
916 2525
922 2199
923 1264
929 1234
934 490
941 820
947 115
950 2425
956 513
961 40
965 1284
966 2499
968 1966
970 534
971 528
976 977
977 2855
988 2876
992 2122
995 864
997 2536
1001 879
1005 2793
1007 2932
1019 2333
1030 1678
1039 1440
1043 2121
1048 119
1050 840
1052 2493
1057 1826
1061 1380
1062 464
1073 468
1089 1081
1090 1916
1094 564
1095 162
1096 2442
1097 461
1098 2273
1114 428
1116 2974
1121 2252
1126 2532
1128 991
1131 868
1135 1802
1137 2723
1138 2981
1149 1772
1157 1355
1163 1798
1167 2177
1171 2702
1174 1112
1176 358
1178 1108
1179 2502
1183 964
1184 804
1193 1433
1195 249
1202 2839
1204 123
1208 1042
1225 558
1234 552
1237 1749
1244 2188
1246 1000
1259 1267
1262 2758
1270 759
1281 1721
1283 1290
1284 709
1290 2780
1293 2995
1306 2888
1310 2102
1312 578
1316 2025
1317 1684
1335 2336
1343 463
1350 1793
1352 92
1364 206
1373 978
1377 732
1380 1294
1385 163
1403 880
1404 2522
1409 1696
1420 2165
1422 1882
1423 499
1425 104
1428 1216
1430 2125
1432 2663
1436 176
1446 1298
1457 1043
1459 2695
1462 1279
1475 2046
1476 120
1479 165
1497 942
1501 1462
1507 473
1511 1657
1521 201
1526 2561
1534 2894
1537 2120
1538 190
1539 2973
1542 363
1549 1362
1557 943
1558 511
1562 926
1564 2303
1565 919
1568 1449
1584 1027
1585 2919
1588 1143
1589 2108
1594 769
1600 54
1607 1986
1608 2714
1624 843
1637 1671
1643 1387
1650 2552
1655 2473
1663 1968
1681 722
1682 2053
1691 386
1694 1310
1695 1373
1696 2054
1697 378
1701 2395
1708 2963
1709 527
1724 101
1735 998
1739 498
1745 1755
1746 768
1750 1526
1754 1899
1766 2032
1767 684
1791 1020
1795 836
1804 2566
1810 234
1845 2285
1854 2062
1865 4
1867 1208
1886 1980
1891 344
1899 969
1918 1067
1925 2934
1932 2100
1946 776
1958 1146
1959 2917
1988 543
1997 5
2008 1631
2027 728
2040 1179
2044 838
2051 2245
2052 798
2053 1928
2066 447
2070 1304
2089 1115
2103 2013
2114 1525
2117 912
2126 891
2134 275
2135 2543
2141 128
2148 862
2156 952
2164 2698
2190 1351
2192 2392
2258 1254
2260 1861
2262 1382
2276 1520
2298 2180
2336 617
2340 1510
2342 846
2371 2545
2387 1320
2427 2961
2471 389
2551 2651
2578 485
