f_0082412.png f_0082724.png
132 200
162 244
172 287
177 323
209 208
235 231
253 254
254 307
291 304
294 331
338 275
432 325
501 311
567 346
592 409
643 451
645 347
674 452
754 435
783 542
807 480
967 528
974 610
1001 518
1026 585
1036 599
1049 606
1054 584
1069 614
1081 538
1110 637
1119 642
1165 597
1191 717
1201 657
1210 735
1246 708
1303 641
1312 688
1328 856
1342 772
1394 802
1447 830
1450 769
1508 831
1619 864
1620 906
1700 1038
1736 907
1790 986
1929 1086
2033 1154
2109 1161
2157 1134
2167 1309
2255 1178
2287 1214
2312 1256
2420 1239
2470 1273
2502 1392
2574 1367
2650 1382
2708 1777
