f_0082924.png f_0082918.png
0 2966
1 1367
4 750
6 167
7 457
8 1760
15 1851
16 745
17 36
19 44
21 2383
23 1530
29 959
33 681
39 1783
40 1570
42 1980
43 157
48 1987
49 48
55 1188
56 1175
57 461
58 378
59 243
61 2693
66 2447
68 507
73 2948
75 1831
77 453
80 1117
81 2062
96 1457
98 492
99 623
103 49
106 2021
107 1633
113 2688
114 2992
117 2446
120 2330
121 609
122 2049
124 955
125 923
129 219
132 2773
135 807
137 693
139 1611
143 1816
146 325
147 1040
154 2750
155 1285
158 141
160 2999
163 1384
168 1118
175 154
176 221
180 2654
181 1618
182 145
184 936
185 119
186 2190
191 2830
194 1055
195 2864
204 2175
205 1240
206 1474
210 937
211 523
213 1444
219 281
223 2697
224 14
225 45
226 2385
229 183
238 2278
240 404
241 1300
246 131
249 275
250 2767
252 1440
258 2699
260 2148
263 735
265 8
268 2932
269 2061
274 18
275 1688
277 714
278 1933
281 2313
282 527
290 2878
291 1770
293 659
301 1942
303 182
307 677
309 2780
316 2066
318 1134
320 331
321 313
327 2300
328 2955
329 1853
333 155
334 335
335 2582
337 922
339 2266
341 71
345 966
350 77
351 1203
354 2597
355 445
356 1248
359 122
360 2671
362 956
363 10
365 866
368 619
369 142
374 284
375 1839
376 438
378 1571
379 2880
380 270
381 1795
383 210
384 58
385 1172
386 2564
387 1154
390 64
391 375
392 1515
398 1889
401 16
403 13
405 2146
409 1627
410 1811
411 1281
412 532
413 2177
414 2761
418 658
425 1567
426 550
427 2648
428 2809
429 1578
431 50
436 886
441 1294
447 597
448 1710
450 2359
451 488
453 645
458 1419
459 83
461 2166
462 806
470 156
471 1796
472 43
474 2553
475 2694
484 1913
485 2128
486 2370
487 1764
493 2090
494 1437
499 1689
501 318
503 2
504 2340
509 1010
511 2510
512 2676
515 144
516 1829
520 65
521 1103
522 2149
523 1075
524 1358
530 2298
532 558
535 600
536 1556
537 334
539 792
540 2974
542 1349
548 2782
551 949
552 19
554 2896
557 1529
563 332
567 93
570 1274
571 520
572 1563
574 70
583 798
586 1448
589 341
590 753
592 321
593 192
598 2229
602 495
603 2938
604 494
612 74
613 1364
615 134
617 2077
619 1871
622 1205
628 1078
630 1476
633 2321
637 796
646 118
647 1046
649 248
650 743
651 1084
653 465
654 1054
658 2378
659 52
660 441
661 889
663 2002
669 214
670 2535
671 94
675 2181
677 825
678 1320
681 2492
682 421
683 2000
687 253
689 1255
692 2377
696 1016
697 2690
698 2819
699 483
700 844
702 605
707 675
709 249
716 2949
719 1039
720 47
721 778
722 838
723 2593
725 2844
726 386
727 2628
728 85
732 1235
733 1525
735 349
736 2517
740 412
742 1323
743 2472
751 189
753 1
754 1797
756 61
758 1935
759 709
761 957
762 326
765 2933
767 2026
771 179
774 1399
775 2379
776 1160
777 222
778 350
783 241
789 140
790 1549
794 2035
797 2347
798 2811
803 2195
804 1105
806 1371
808 2184
809 78
810 631
812 2888
814 1297
816 123
819 2119
821 1192
824 490
828 1552
831 2081
832 342
833 1999
836 333
839 218
842 2900
843 1686
846 2135
848 2411
852 2224
853 2971
854 1719
856 1197
857 444
858 354
859 473
864 2904
866 1788
870 1836
872 2064
873 602
874 2887
877 559
883 1896
886 2150
887 160
888 2981
891 2312
893 2646
894 300
896 634
897 611
898 702
904 2922
907 1145
913 1139
915 974
916 276
919 1946
920 1737
924 2942
927 268
933 1750
949 1296
950 1523
956 358
957 283
958 1646
960 1201
961 2242
968 814
972 1227
977 2333
978 1656
981 2540
983 1930
984 263
994 15
995 513
998 618
1003 2197
1006 1922
1011 1209
1012 690
1015 2072
1021 526
1022 635
1024 1204
1025 2523
1026 104
1027 1949
1032 1236
1033 2602
1034 0
1035 1547
1037 1110
1039 1837
1045 174
1047 9
1050 1481
1054 2279
1055 2390
1057 2600
1059 1222
1060 995
1063 1079
1064 2204
1065 718
1074 2576
1075 501
1078 2420
1080 1067
1083 2695
1089 1724
1090 1433
1091 188
1093 617
1094 1343
1096 2171
1097 1270
1105 366
1110 1087
1111 805
1112 220
1113 408
1116 2068
1118 2131
1122 186
1123 836
1127 2679
1129 2754
1133 2366
1135 2541
1137 2756
1140 1598
1141 2586
1142 55
1145 944
1148 1226
1149 1409
1150 790
1151 1711
1155 1261
1162 530
1166 1003
1173 1451
1175 1410
1177 2736
1181 1487
1183 57
1189 2310
1191 2019
1192 1269
1193 870
1194 2902
1196 197
1197 1996
1199 232
1200 181
1201 129
1202 1072
1203 2112
1204 138
1206 2114
1207 660
1209 2599
1211 481
1214 2968
1215 1455
1218 33
1221 872
1223 2803
1228 463
1231 1869
1236 383
1239 2566
1240 2323
1242 1112
1246 1824
1248 1494
1250 1781
1254 2117
1255 2302
1256 646
1261 1441
1266 322
1267 161
1268 1257
1269 137
1271 1042
1275 2151
1277 2532
1279 1417
1280 1791
1289 729
1292 72
1293 75
1295 820
1296 2093
1297 2095
1298 1704
1303 2634
1304 2202
1315 2001
1316 1121
1317 1769
1320 1034
1321 1850
1322 1311
1323 345
1324 560
1327 1000
1329 2200
1330 811
1332 2423
1333 1544
1336 1881
1342 761
1347 1191
1348 1193
1349 1436
1351 2435
1352 758
1355 407
1356 2668
1357 2008
1359 2705
1369 2677
1371 2995
1375 2917
1376 2739
1385 676
1386 993
1388 2645
1392 627
1393 128
1403 1808
1409 1258
1413 418
1417 2047
1419 2979
1420 1033
1422 1736
1424 1557
1426 265
1428 2507
1433 24
1434 2210
1438 373
1439 905
1440 2415
1444 1683
1446 2799
1448 2975
1450 1459
1451 698
1455 2268
1456 788
1459 2277
1461 1169
1463 2520
1465 2084
1466 2755
1467 1629
1468 2033
1471 1115
1473 464
1474 329
1475 2226
1479 2760
1485 1775
1490 1465
1491 149
1493 2043
1494 2822
1495 2522
1496 2605
1499 2660
1503 684
1504 2309
1505 409
1506 731
1510 1435
1512 2574
1513 2784
1515 876
1518 97
1521 1383
1523 584
1527 2442
1529 522
1531 1310
1532 764
1537 524
1541 1051
1543 587
1545 2712
1546 1538
1547 1291
1549 1854
1553 136
1554 5
1555 768
1557 2490
1562 588
1567 1453
1568 2262
1573 2071
1574 835
1575 236
1577 1218
1578 1219
1583 468
1584 1102
1585 1603
1589 940
1591 540
1592 201
1593 1126
1596 31
1597 2304
1598 2853
1599 1307
1601 2050
1603 1721
1609 912
1612 1473
1613 783
1614 376
1615 2246
1623 1647
1626 851
1631 1014
1632 1873
1633 1147
1634 165
1635 2804
1637 2727
1639 850
1642 351
1646 199
1648 2406
1651 2746
1652 2503
1654 738
1656 2263
1657 2048
1660 2401
1662 1022
1673 2206
1674 740
1676 854
1679 2497
1681 202
1683 2661
1684 323
1686 2515
1689 365
1693 1730
1700 1821
1701 2744
1704 1309
1708 1138
1709 2249
1711 2978
1714 1088
1715 2847
1716 2701
1717 2638
1721 952
1724 462
1729 1676
1730 469
1735 337
1742 2305
1747 1518
1748 1140
1750 599
1753 864
1762 1148
1763 2614
1768 1038
1770 1634
1771 919
1778 719
1779 309
1782 858
1783 2471
1785 217
1792 2906
1794 1183
1802 2438
1809 1329
1810 1480
1811 1082
1815 815
1817 515
1819 2870
1821 2521
1822 2461
1823 2527
1827 339
1829 2580
1831 2023
1832 1592
1838 1504
1842 1229
1844 1727
1848 1044
1852 2524
1854 2045
1856 346
1860 1897
1862 771
1870 2924
1871 525
1874 2707
1875 857
1878 1253
1880 2934
1886 1232
1891 1317
1899 2444
1903 839
1905 2920
1906 2542
1908 2125
1911 2454
1914 2032
1922 824
1923 2972
1924 855
1926 1581
1927 2516
1940 918
1942 1778
1947 467
1949 2301
1950 1657
1952 1241
1955 180
1962 1706
1964 1028
1968 1101
1971 1278
1975 2275
1978 367
1979 2451
1984 1584
1986 1607
1989 999
1998 1092
2002 2286
2005 2476
2006 1798
2014 2097
2017 1063
2026 225
2027 2947
2032 417
2033 615
2034 2762
2038 2233
2040 2956
2042 394
2045 1168
2048 741
2051 2578
2053 1471
2061 770
2064 2152
2065 2355
2066 1479
2070 570
2071 1997
2072 1412
2076 2016
2078 2331
2082 2273
2087 458
2088 1009
2089 2768
2092 1820
2095 2647
2096 1802
2100 2763
2101 2664
2102 2802
2109 17
2112 2649
2117 282
2119 2665
2121 2506
2122 2060
2132 79
2136 2482
2137 92
2142 175
2145 1376
2146 2254
2153 1712
2156 1406
2162 2433
2168 1059
2170 2726
2177 1792
2178 2416
2185 109
2186 390
2190 301
2194 636
2196 2651
2198 842
2201 1827
2204 1583
2214 749
2223 380
2224 73
2225 89
2228 620
2237 25
2239 1672
2242 143
2243 422
2247 348
2255 2928
2257 2769
2268 2757
2269 1624
2271 2443
2276 1247
2278 1199
2294 2445
2297 2835
2299 2356
2300 294
2312 1650
2314 1221
2316 293
2325 1740
2326 2489
2332 669
2336 1832
2337 2893
2338 2952
2349 1680
2350 20
2353 194
2354 1751
2357 88
2358 2115
2362 1097
2364 1508
2370 1763
2373 1506
2376 2407
2388 133
2390 2011
2393 868
2400 1682
2407 607
2411 804
2423 1246
2425 2875
2426 1157
2428 679
2429 107
2433 2818
2435 665
2436 1153
2442 1171
2448 2534
2450 413
2465 76
2466 1340
2479 34
2497 1666
2511 273
2513 178
2517 1302
2521 1301
2529 545
2546 856
2547 1050
2553 1120
2562 2816
2569 1985
2571 1378
2576 1589
2578 2610
2579 2585
2586 1703
2596 466
2598 1622
2602 343
2620 717
2626 1531
2631 747
2635 1277
2644 2549
2646 2996
2649 573
2652 1787
2668 2413
2671 656
2677 1766
2678 2258
2690 2317
2700 2824
2703 2530
2713 581
2717 1354
2720 285
2724 2010
2727 369
2729 1007
2730 2162
2734 1924
2740 185
2741 56
2743 476
2747 775
2750 1259
2759 991
2767 432
2768 968
2776 621
2784 795
2785 703
2788 1675
2790 1352
2791 1748
2795 556
2798 1363
2799 689
2807 1267
2809 431
2813 443
2820 652
2844 529
2845 2244
2846 1858
2858 948
2862 2365
2863 542
2867 2211
2874 1734
2883 259
2886 2342
2887 2164
2888 845
2900 2635
2902 776
2908 2703
2909 2013
2928 2167
2932 46
