f_0082886.png f_0082952.png
35 67
78 19
99 16
132 80
177 37
190 208
209 577
263 317
289 88
296 560
309 438
310 95
323 128
340 323
351 138
355 343
359 457
370 502
373 191
384 568
395 561
416 574
436 1116
456 611
458 660
469 874
485 861
491 1120
492 980
528 928
531 941
534 1078
546 1032
549 674
559 956
565 740
572 1013
626 1394
650 1269
654 1294
657 1243
675 1276
692 1059
749 1429
756 1407
757 1441
758 1505
780 1683
784 1446
834 1474
835 1564
836 1535
846 1646
853 1634
866 1573
871 1522
884 1611
886 1654
919 1874
931 1801
938 1793
949 1676
955 1719
963 1729
983 1929
991 1790
996 2028
999 1827
1008 1947
1009 2035
1019 1899
1021 2061
1032 1882
1036 1891
1059 2143
1066 1890
1074 2025
1083 1987
1096 2080
1104 2186
1168 2298
1179 2118
1180 2267
1186 2367
1227 2324
1234 2380
1254 2406
1255 2407
1262 2410
1264 2557
1282 2611
1284 2540
1289 2582
1294 2599
1301 2600
1315 2637
1327 2626
1341 2648
1345 2622
1350 2633
1371 2697
1374 2518
1409 2538
1485 2863
1489 2774
