f_0082872.png f_0082942.png
28 52
54 106
55 112
75 95
96 132
98 27
99 46
108 162
122 45
143 65
187 220
193 23
210 25
221 307
235 111
277 147
291 181
296 7
307 296
313 137
328 79
332 184
352 231
357 263
358 253
364 33
374 318
386 193
395 39
396 215
397 241
403 176
421 208
434 250
442 445
444 129
448 626
450 82
452 377
466 245
487 394
497 165
507 645
524 528
531 375
534 331
539 306
542 144
546 32
547 357
552 472
555 257
560 444
572 124
574 545
580 302
581 362
588 417
590 513
592 276
595 194
609 123
618 495
623 484
624 587
625 617
630 554
636 485
638 321
644 729
648 453
656 180
664 13
670 505
674 174
682 471
687 73
688 352
689 374
691 430
697 1
699 267
713 685
722 636
729 435
730 436
731 638
735 681
758 742
767 706
768 741
771 793
773 330
774 680
775 684
791 406
812 812
816 586
817 739
829 622
830 731
831 747
832 748
836 782
838 844
847 756
849 963
857 819
862 719
863 859
870 773
900 405
902 668
910 273
923 822
928 786
944 621
947 1019
963 1033
978 727
984 787
985 892
989 754
990 814
992 862
993 880
995 441
1006 898
1028 704
1029 826
1040 458
1046 960
1047 746
1048 965
1049 1018
1056 981
1063 917
1064 936
1078 724
1080 897
1082 1096
1087 887
1088 902
1091 832
1094 382
1100 1103
1119 707
1129 765
1149 581
1152 815
1158 372
1159 771
1160 784
1169 831
1174 1013
1176 390
1179 865
1182 1062
1187 856
1197 789
1206 886
1218 992
1239 976
1240 1185
1255 970
1256 1089
1267 1081
1278 920
1281 1075
1298 998
1302 409
1304 1128
1313 777
1321 1088
1322 1174
1336 1180
1337 1330
1341 973
1347 1023
1350 969
1352 885
1367 744
1372 567
1377 1380
1384 876
1388 1005
1389 1290
1390 437
1396 1026
1404 1390
1407 1283
1412 1143
1424 1168
1426 1193
1430 1124
1431 1326
1440 1150
1448 1138
1452 1261
1463 1453
1467 875
1471 1196
1472 1319
1480 883
1482 1399
1487 1333
1488 1414
1492 953
1497 1216
1514 1038
1527 836
1528 1136
1531 1211
1535 928
1538 1294
1567 1188
1573 1491
1577 1530
1581 1288
1586 1307
1589 1465
1605 1215
1606 1246
1609 1464
1619 1267
1628 1117
1630 1406
1636 1210
1643 1506
1648 1245
1663 1164
1679 1487
1680 1545
1699 1317
1704 1292
1705 1353
1709 1242
1710 1499
1722 1195
1725 1312
1738 1630
1742 1611
1754 1106
1755 1116
1770 1376
1775 1539
1779 1367
1786 1420
1807 1428
1809 1548
1813 1471
1816 1563
1826 1429
1829 1153
1830 1209
1842 1715
1850 1316
1853 1454
1856 1291
1857 1363
1859 1359
1860 1687
1881 1382
1888 1232
1893 1543
1915 1460
1921 1604
1924 1258
1925 1480
1931 1762
1942 1798
1975 1517
1977 1285
1978 1308
1992 1501
2000 1337
2014 1536
2040 1527
2042 1588
2056 1550
2064 1727
2097 1951
2099 1546
2105 1581
2114 1519
2116 1634
2123 1582
2124 1600
2127 1534
2137 1975
2142 1655
2144 1617
2169 1980
2191 1644
2194 1620
2195 1651
2196 1991
2211 1735
2212 1716
2217 1765
2245 2065
2260 1858
2277 1788
2301 1643
2302 1914
2310 1853
2318 1882
2322 1842
2325 2149
2346 1998
2347 2000
2351 2054
2353 2212
2372 1731
2382 2225
2383 2153
2405 1823
2432 1845
2444 2270
2480 2115
2505 2385
2512 1892
2515 2082
2519 2451
2529 2319
2537 2016
2538 2183
2560 1965
2564 2192
2572 2037
2605 2416
2606 2407
2609 2217
2616 2097
2641 2450
2642 2454
2653 2446
2698 2190
2699 2368
2713 2522
2723 2440
2726 2461
2727 2514
2746 2538
2770 2505
