f_0082946.png f_0082620.png
214 339
349 397
386 461
422 3
426 148
431 393
434 767
469 26
504 80
510 78
518 765
520 58
532 73
533 84
552 93
568 724
604 619
608 153
645 482
655 89
720 188
735 295
740 122
743 842
771 442
802 232
812 415
827 416
828 403
841 422
844 264
847 651
862 481
871 1003
906 443
911 338
926 1031
933 860
935 450
942 435
964 539
1043 610
1044 496
1056 1162
1064 245
1067 524
1073 611
1075 514
1085 667
1088 1123
1092 546
1096 505
1097 564
1098 516
1105 566
1106 1004
1117 743
1118 569
1126 855
1127 726
1128 582
1149 823
1156 830
1184 887
1188 579
1195 683
1204 817
1210 664
1213 946
1215 671
1223 720
1227 674
1228 604
1235 721
1237 616
1241 894
1243 388
1266 966
1267 828
1270 863
1279 961
1282 779
1283 738
1289 794
1307 668
1323 536
1325 693
1335 938
1336 598
1363 1000
1374 454
1377 709
1379 1280
1387 774
1410 1360
1435 1090
1447 735
1448 736
1460 754
1470 744
1473 1014
1492 990
1501 1049
1502 1032
1513 1529
1514 1075
1523 1530
1534 1140
1535 933
1538 1072
1541 1613
1549 1036
1589 1060
1594 1103
1624 985
1634 1061
1646 1524
1663 1110
1665 1117
1680 1201
1694 1233
1705 1596
1711 1203
1725 1010
1741 1481
1778 1342
1788 1345
1796 1002
1844 1878
1864 1420
1910 1249
1944 1138
1952 1149
2020 1563
2026 1232
2068 1580
2074 1765
2255 1710
2396 1921
2400 1666
2401 1683
