f_0082724.png f_0082886.png
7 412
23 268
72 436
97 298
180 356
255 484
347 748
370 785
390 586
409 611
425 604
454 1029
520 803
549 640
577 749
582 896
584 588
610 506
628 1080
638 1197
692 643
698 1034
699 1009
702 784
737 756
750 915
751 1191
785 959
790 1135
791 845
804 752
806 1146
808 1208
813 945
814 1000
828 1247
840 1104
886 1287
890 1283
904 1311
935 1195
962 963
963 983
973 1168
990 1380
996 1410
1009 1205
1016 1206
1020 1238
1032 1258
1034 1376
1057 1167
1096 1315
1116 1392
1173 1689
1190 1130
1211 1294
1234 1161
1251 1148
1268 1407
1289 1341
1305 1495
1318 1327
1325 1321
1359 1340
1374 1703
1436 1501
1467 1688
1484 1587
1493 1428
1510 1626
1515 1578
1531 1752
1532 1771
1567 1487
1574 1620
1590 1654
1614 1672
1651 1524
1704 1910
