f_0082776.png f_0082872.png
7 1354
27 1091
45 1280
46 1616
57 1335
126 1397
180 1265
184 1299
192 655
207 1139
210 1353
213 1173
214 1784
220 1169
228 1152
230 907
235 1078
250 635
288 1109
290 1129
295 1516
300 1054
329 1160
330 1253
333 1536
351 1198
358 687
363 1631
367 1500
378 1197
383 1358
395 867
420 914
422 1350
436 1543
440 1327
448 1867
460 1403
463 952
470 1532
484 1586
489 1168
490 1530
496 2058
501 1630
508 1041
511 1981
519 1085
522 1788
523 1027
525 1053
527 1435
533 740
539 1434
547 1602
549 1009
555 1072
567 1922
568 995
571 2151
578 841
584 1340
585 1349
597 1052
600 1649
608 1917
611 1202
614 1040
623 1607
633 1594
637 1380
638 1528
642 1740
643 1894
646 1189
666 1567
676 1177
686 1752
692 1149
696 1606
700 2065
703 911
705 912
711 1641
713 2100
714 2296
719 2092
732 1698
733 2008
743 1976
747 1671
757 1835
758 2064
766 1676
768 1094
780 1727
781 1813
787 2110
796 1694
801 1822
822 1892
823 2001
836 1636
837 1761
839 2139
848 1900
850 1800
851 2484
868 1601
872 1807
875 2027
876 1654
892 1704
896 2085
897 2182
903 2566
907 2146
915 1826
917 1919
924 1480
926 1956
929 1157
940 1535
945 1666
962 2017
969 2007
976 1566
986 2586
992 2069
1004 1664
1015 2264
1020 2263
1023 2274
1024 2621
1025 1372
1028 2273
1034 2307
1038 2262
1045 2163
1050 2120
1064 1983
1065 1757
1073 2260
1076 2014
1078 1840
1079 2259
1080 2367
1086 2381
1098 1756
1103 2095
1111 2068
1115 1584
1119 1839
1121 1534
1123 1812
1124 1432
1130 2324
1132 2224
1145 2212
1168 2215
1170 1858
1173 2211
1174 2872
1183 1913
1184 2082
1189 1961
1197 1881
1202 2347
1205 1715
1207 2505
1209 1910
1221 2022
1225 2191
1230 2295
1238 2402
1248 2107
1259 2851
1269 1965
1273 2848
1280 2317
1286 1856
1289 2641
1291 2345
1294 1938
1299 2492
1322 2629
1325 2565
1329 2291
1343 2810
1345 1949
1377 2424
1378 2454
1390 2387
1397 2453
1402 2775
1405 2131
1406 1855
1410 2373
1440 1928
1468 2223
1477 2113
1478 2251
1542 2610
1604 2713
1676 2438
1722 2267
2157 2811
