f_0082924.png f_0082886.png
9 163
31 185
53 211
68 190
111 220
135 219
154 224
237 253
317 290
325 312
347 310
375 309
392 341
437 359
441 353
470 368
474 358
479 381
485 384
496 385
509 391
511 392
513 396
519 376
550 416
556 415
564 414
638 446
639 452
652 463
659 477
661 485
664 486
672 482
681 487
696 506
707 498
720 510
723 502
739 600
755 523
760 549
765 558
775 545
779 565
788 595
801 542
807 556
822 559
825 577
827 563
828 566
830 564
849 572
852 569
854 610
856 581
860 580
873 642
891 628
898 613
908 588
909 605
915 611
920 608
921 621
924 626
927 624
929 644
931 575
933 625
954 656
955 661
963 704
968 649
978 650
998 662
999 676
1002 663
1004 677
1015 667
1017 718
1019 682
1024 723
1032 672
1039 688
1064 754
1068 730
1071 715
1090 709
1127 810
1143 753
1147 751
1157 756
1166 769
1168 808
1180 796
1181 752
1187 839
1191 785
1194 813
1196 772
1209 784
1226 805
1228 803
1246 850
1248 807
1261 820
1263 830
1267 846
1323 837
1325 930
1330 861
1331 887
1332 832
1334 845
1338 952
1346 855
1385 901
1396 883
1403 878
1411 852
1422 902
1432 908
1433 918
1434 903
1440 917
1444 907
1445 912
1446 920
1451 933
1454 909
1455 955
1460 931
1474 938
1487 963
1512 972
1538 995
1544 983
1553 996
1567 991
1589 1036
1592 1019
1593 1026
1610 1032
1611 1025
1665 1049
1670 1034
1675 1063
1677 1047
1693 1066
1727 1072
1730 1074
1740 1076
1746 1104
1751 1095
1752 1130
1763 1103
1779 1107
1782 1093
1785 1114
1794 1097
1808 1105
1816 1122
1838 1133
1870 1155
1872 1159
1887 1162
1888 1168
1892 1183
1903 1163
1916 1180
1928 1215
1941 1206
1954 1205
1957 1234
1960 1221
1975 1230
1976 1243
1977 1254
1978 1255
1985 1213
2003 1269
2008 1224
2029 1347
2033 1264
2041 1277
2049 1279
2054 1378
2110 1308
2126 1323
2127 1352
2215 1346
2216 1372
2219 1380
2257 1382
2273 1357
2303 1410
2314 1396
2319 1440
2332 1402
2414 1492
2487 1554
2534 1694
2550 1733
2570 1750
2585 1647
2619 1587
2625 1580
2628 1593
2631 1608
2677 1636
2681 1627
2687 1609
2694 1618
2695 1835
2696 1602
2699 1620
2700 1611
2704 1616
2708 1666
2719 1907
2740 1919
2765 1667
2768 1933
2826 1737
2835 1684
2862 1724
2875 1683
2897 1784
2905 1743
2929 1826
