f_0082912.png f_0082958.png
69 2312
71 2295
97 2374
144 1935
172 2306
188 1598
217 1159
227 342
291 654
294 687
314 1137
336 1399
402 2343
410 2067
424 1414
435 1054
476 2191
579 700
640 1441
649 1637
704 1906
734 1652
755 1541
762 845
780 1989
787 1785
843 1521
850 1111
853 1879
872 766
933 1608
944 1822
1031 1524
1032 1447
1091 1882
1209 1726
1239 2017
1248 1850
1259 1780
1273 873
1301 1844
1314 2175
1323 1331
1362 1231
1373 2385
1393 1153
1510 1167
1528 1201
1536 706
1564 2192
1616 866
1688 2252
1693 663
1767 1993
1775 1234
1806 1649
1936 1157
1954 1476
1973 1655
2020 1535
2058 1625
2063 2183
2075 607
2130 1538
2158 1559
2198 1517
2201 157
2232 2367
2296 96
2307 2188
2336 2179
2348 1151
2351 1694
2499 1544
2503 660
2508 764
2534 1775
2548 349
2565 1062
2570 1203
2592 1357
2619 626
2629 1428
2712 1568
2749 1787
2760 1860
2792 1472
2798 1699
2857 929
2865 844
2900 577
2912 1174
2976 2146
