f_0082864.png f_0082620.png
4 648
10 1892
32 40
34 934
91 1724
101 1221
102 361
104 1729
110 128
129 371
131 362
145 595
152 1355
179 571
208 1201
230 514
272 252
312 727
323 175
333 473
340 268
361 1063
369 0
407 447
418 1748
446 809
465 1304
527 446
544 1153
590 474
613 477
677 482
780 721
848 930
933 413
1003 1022
1020 1616
1042 457
1057 535
1078 1770
1113 1123
1133 456
1225 1340
1232 1749
1262 286
1317 150
1338 854
1351 875
1402 1109
1407 293
1422 503
1463 918
1482 1535
1504 777
1533 391
1720 171
1736 1437
1750 1395
1756 679
1859 1323
1885 100
1917 1196
1964 607
2109 450
2125 1257
2158 328
2173 1685
2206 976
2305 663
2584 995
2644 1071
2698 191
2704 1460
2729 417
2768 1243
2900 1026
2908 55
2917 471
