f_0082946.png f_0082642.png
328 350
377 20
573 208
644 687
670 329
673 64
718 239
730 423
770 331
774 130
809 51
812 296
817 273
840 192
842 232
848 278
869 293
889 226
892 452
913 528
948 453
962 541
963 507
971 251
976 402
1010 377
1019 655
1036 337
1127 671
1131 382
1156 776
1184 815
1185 714
1200 576
1206 693
1236 577
1240 872
1241 859
1246 736
1247 643
1260 656
1291 532
1306 574
1328 783
1329 636
1372 914
1408 1090
1418 981
1521 591
1556 1618
1559 1165
1571 1217
1584 751
1594 1222
1608 778
1630 993
1642 963
1673 927
1686 1056
1707 1386
1711 1481
1917 1577
1930 1595
1969 1566
1997 1905
2011 2179
