f_0082702.png f_0082872.png
4 6
12 26
13 44
15 49
16 27
18 9
21 125
23 85
24 48
27 31
28 45
31 109
32 37
35 89
36 90
37 74
40 64
43 86
44 55
45 129
46 126
47 63
53 121
63 75
66 46
70 162
71 173
72 122
77 80
78 110
82 114
85 156
86 167
88 108
89 58
91 100
93 136
94 193
96 117
98 134
102 214
103 241
104 133
105 199
110 226
112 164
113 186
118 137
122 195
126 260
130 179
137 271
139 296
142 225
145 289
149 221
153 288
154 222
156 203
159 240
161 369
163 306
164 348
169 440
170 262
173 257
174 342
178 338
183 394
189 395
194 307
200 388
201 325
204 304
206 299
207 310
208 397
209 416
210 403
212 415
213 420
219 465
220 445
221 460
222 479
228 450
230 433
232 361
234 473
235 452
236 426
241 464
242 497
246 495
247 489
248 492
251 496
252 498
257 399
261 451
268 406
269 436
273 521
276 566
277 538
279 439
282 531
283 483
286 572
288 537
289 539
296 435
299 570
301 454
302 471
304 549
305 552
308 609
309 506
311 501
312 554
314 477
315 599
316 560
317 493
320 607
321 616
323 588
324 472
328 518
329 519
330 615
332 528
334 621
340 457
346 646
348 656
350 638
351 569
358 654
362 594
365 681
367 701
368 672
371 690
372 679
375 664
377 682
378 707
382 699
384 676
395 692
397 720
399 706
400 738
402 739
410 644
411 746
421 731
427 761
428 773
431 713
432 693
433 742
434 749
437 766
438 760
444 754
448 791
454 861
455 737
460 846
462 796
463 762
464 860
468 829
471 727
475 817
477 866
478 854
481 841
483 819
486 900
491 781
493 892
495 880
496 836
500 902
503 959
504 812
508 848
511 907
514 944
515 927
518 976
520 857
524 958
528 961
529 874
531 936
534 824
536 844
542 849
546 878
549 877
552 994
558 883
563 1003
564 995
565 1025
566 937
567 1001
568 1009
573 1018
574 1023
576 917
577 919
579 1024
580 1013
581 954
582 918
583 908
584 1053
586 1026
587 1054
590 939
591 1020
592 947
593 943
594 963
596 1060
603 1063
609 938
611 964
613 957
620 1074
622 982
626 1129
627 1135
628 1154
629 1080
630 970
632 999
634 1152
635 1075
636 971
637 1000
639 1123
644 1096
645 1150
650 1105
656 1159
657 1035
659 1081
664 1187
670 1082
672 1067
674 1037
678 1206
680 1189
682 1230
683 1239
685 1166
687 1214
697 1165
698 1253
700 1100
701 1259
702 1254
703 1111
704 1207
705 1204
711 1232
713 1278
714 1265
715 1120
717 1131
718 1143
722 1299
724 1138
725 1298
734 1256
747 1286
748 1294
753 1215
763 1347
767 1282
770 1313
774 1233
775 1297
779 1240
780 1224
781 1250
783 1210
788 1268
792 1247
797 1301
799 1387
801 1344
803 1283
804 1306
813 1366
819 1425
827 1372
829 1323
833 1269
841 1337
847 1348
848 1330
850 1449
855 1355
856 1395
864 1373
870 1471
871 1462
872 1413
879 1377
880 1406
882 1386
890 1497
891 1452
892 1398
897 1393
899 1465
900 1454
902 1420
905 1516
906 1521
908 1487
910 1502
931 1538
934 1563
944 1568
951 1511
952 1488
953 1493
955 1535
960 1562
963 1484
992 1507
993 1578
1011 1620
1012 1548
1041 1564
1044 1642
1048 1637
1062 1672
1076 1604
1079 1643
1083 1664
1088 1698
1090 1627
1102 1644
1103 1632
1110 1669
1115 1718
1119 1681
1124 1702
1130 1775
1131 1660
1133 1675
1134 1674
1140 1625
1148 1712
1152 1729
1163 1721
1164 1757
1167 1788
1171 1754
1174 1780
1175 1743
1180 1688
1184 1817
1185 1738
1191 1863
1198 1772
1208 1879
1209 1797
1218 1894
1230 1830
1234 1902
1236 1895
1242 1918
1248 1860
1255 1940
1265 1854
1266 1864
1267 1805
1269 1883
1271 1917
1280 1922
1282 1890
1284 1967
1285 1936
1290 1911
1293 1924
1295 1951
1297 1953
1300 1990
1301 1897
1306 1979
1322 1976
1329 2012
1331 2074
1336 2004
1339 2028
1352 2047
1353 2020
1360 2064
1369 2065
1371 2054
1372 2077
1373 2086
1391 2116
1395 2061
1399 2100
1437 2124
1442 2176
1444 2164
1450 2130
1454 2143
1458 2099
1462 2183
1475 2192
1484 2173
1486 2190
1488 2187
1507 2206
1510 2243
1530 2258
1532 2334
1533 2262
1537 2303
1539 2290
1540 2269
1541 2275
1554 2289
1567 2314
1577 2355
1584 2350
1586 2382
1595 2369
1601 2379
1613 2389
1619 2409
1622 2451
1626 2406
1632 2442
1638 2484
1651 2496
1652 2499
1658 2503
1665 2514
1682 2550
1686 2541
1723 2612
1727 2621
1728 2634
1734 2576
1737 2588
1749 2619
1751 2626
1756 2669
1770 2664
1774 2659
1794 2688
1797 2685
1800 2652
1817 2720
1820 2757
1823 2701
1841 2746
1842 2758
1853 2773
1866 2699
1874 2816
1875 2817
1896 2782
1926 2859
1936 2882
1937 2842
