f_0082558.png f_0082702.png
13 493
14 832
32 911
40 169
42 525
46 849
50 288
63 814
73 933
83 464
94 326
121 433
124 1040
133 499
141 930
146 936
150 1149
151 1277
157 1349
172 895
190 1191
195 581
198 899
217 361
252 987
263 598
274 808
277 749
286 382
301 453
312 1145
324 646
359 1391
374 526
382 547
390 1092
401 1516
408 762
410 866
443 286
452 330
453 1085
473 333
477 996
489 1062
499 727
507 437
512 478
546 1108
551 513
560 1634
605 1657
617 443
631 1020
655 1127
663 990
668 483
669 438
677 1355
691 713
705 1161
748 1454
777 620
786 1498
811 315
827 1296
831 701
847 1077
854 742
882 472
929 1268
938 427
939 273
949 791
964 454
969 1044
979 230
1019 400
1026 440
1044 241
1092 470
1096 1032
1103 401
1131 364
1144 656
1152 1113
1155 1418
1157 1037
1169 906
1193 732
1224 584
1227 1214
1269 827
1270 1201
1271 1385
1279 928
1284 956
1288 452
1308 639
1351 445
1354 1217
1418 991
1437 679
1442 322
1458 532
1471 852
1503 799
1506 1030
1515 1401
1516 527
1521 1240
1530 712
1532 790
1548 863
1562 1387
1570 490
1583 721
1586 719
1606 945
1610 1338
1625 1086
1628 722
1648 627
1661 905
1663 1271
1676 573
1680 1150
1690 341
1692 1226
1704 234
1719 982
1726 331
1737 876
1761 570
1774 350
1801 870
1802 651
1810 287
1815 887
1826 568
1833 773
1848 664
1849 681
1852 1328
1905 479
1932 739
1940 1359
1949 1206
1975 853
1977 663
1999 1022
2027 1053
2037 1187
2041 914
2043 212
2053 1312
2079 665
2095 634
2116 365
2129 965
2131 931
2143 308
2148 1203
2149 580
2153 1504
2165 625
2193 1205
2195 1382
2202 1007
2204 276
2205 444
2214 708
2248 699
2264 1208
2275 1225
2295 641
2307 448
2309 277
2316 680
2320 1211
2324 823
2326 1791
2340 951
2350 756
2388 770
2402 1297
2410 1548
2415 961
2434 809
2435 528
2436 1050
2439 1264
2448 635
2454 638
2457 854
2470 417
2478 1103
2488 993
2500 617
2507 327
2529 379
2555 1438
2575 1190
2578 1319
2626 1389
2648 500
2670 960
2679 402
2682 397
2691 959
2694 1170
2703 1151
2716 1194
2740 819
2742 360
2759 514
2760 1118
2789 1344
2810 619
2819 1375
2829 519
2832 1390
2844 503
2851 1342
2855 1458
2902 312
2904 1323
2923 251
2929 988
2936 724
2941 1360
2946 705
2953 334
2980 869
2989 1242
2999 1442
