f_0082492.png f_0082670.png
23 191
82 6
85 7
86 22
92 18
96 21
100 9
103 15
114 38
123 37
124 283
127 41
134 33
142 51
143 32
148 30
150 50
155 45
170 65
173 61
187 62
195 87
196 69
209 88
217 68
233 102
236 100
241 112
253 132
271 125
287 152
293 140
301 155
302 143
303 139
304 153
312 187
326 173
330 180
347 193
351 206
352 169
358 179
359 196
365 212
378 219
390 222
392 229
394 209
398 228
413 268
418 259
420 254
423 253
425 270
431 225
435 291
437 247
439 242
443 245
444 241
451 239
452 248
458 281
460 279
463 265
472 273
475 263
476 264
484 277
495 295
503 348
512 289
514 310
522 339
537 338
538 326
541 298
552 292
555 499
567 331
568 372
577 314
582 321
592 319
602 330
608 377
614 340
624 343
625 346
638 370
644 383
647 355
650 395
651 382
653 365
657 356
672 364
679 368
680 387
682 436
692 393
696 561
698 386
699 381
705 398
706 468
722 404
724 457
728 417
730 409
731 444
740 431
744 403
749 494
757 413
760 424
762 428
767 496
771 476
793 446
797 513
802 443
803 507
831 482
838 475
846 471
847 534
852 545
854 490
866 538
874 486
875 495
879 497
889 525
921 587
927 517
928 535
943 529
944 580
957 528
987 660
1000 544
1004 585
1021 577
1022 554
1024 593
1025 625
1026 654
1034 563
1048 589
1064 591
1071 610
1093 601
1101 718
1121 669
1126 708
1130 688
1133 639
1141 615
1156 707
1164 727
1169 720
1172 755
1175 620
1200 647
1205 737
1211 736
1224 672
1247 671
1286 686
1292 702
1298 790
1306 818
1327 698
1344 801
1347 726
1366 725
1381 716
1383 743
1398 864
1405 764
1416 752
1418 875
1448 879
1451 797
1455 902
1458 900
1466 763
1467 815
1475 761
1476 866
1488 789
1493 808
1504 874
1511 834
1512 798
1516 858
1517 826
1518 965
1538 829
1544 999
1548 825
1560 873
1567 942
1574 793
1587 955
1602 840
1604 909
1611 884
1612 954
1616 865
1623 979
1629 898
1634 1042
1636 970
1642 935
1643 1006
1652 1026
1653 1046
1661 1050
1669 897
1673 941
1690 1014
1700 921
1703 997
1711 1025
1725 1012
1730 953
1731 1067
1743 1121
1749 958
1751 1017
1752 963
1756 968
1761 1075
1799 993
1803 1052
1830 1034
1846 1243
1849 940
1850 1066
1854 1240
1855 1354
1858 1115
1859 1128
1872 1189
1878 1188
1886 1112
1891 1127
1893 1143
1894 1266
1901 1231
1914 1185
1932 1252
1933 1400
1936 1290
1938 1023
1940 1249
1947 1276
1948 1277
1949 1306
1952 1173
1966 1305
1967 1320
1983 1350
1984 1141
1988 1089
1990 1095
1992 1341
2000 1367
2007 1202
2008 1357
2010 1181
2017 1172
2029 1103
2030 1348
2031 1398
2039 1378
2056 1241
2086 1258
2093 1221
2136 1451
2138 1544
2139 1294
2143 1269
2144 1333
2145 1237
2161 1339
2173 1235
2176 1499
2188 1356
2190 1523
2194 1475
2199 1396
2208 1325
2217 1324
2230 1546
2236 1268
2240 1415
2245 1393
2255 1609
2273 1386
2277 1406
2291 1407
2296 1428
2341 1541
2345 1549
2351 1474
2354 1436
2362 1401
2367 1611
2395 1638
2429 1595
2470 1687
2572 1589
