f_0082946.png f_0082776.png
72 147
116 41
137 135
180 410
199 429
228 69
231 435
249 234
250 194
312 26
349 343
354 15
367 86
376 139
377 118
380 61
409 87
413 137
421 310
441 243
481 140
527 287
539 299
587 635
610 414
638 178
645 556
660 811
669 820
670 442
680 503
688 611
701 427
707 155
730 621
744 655
760 338
771 329
772 294
781 862
801 261
812 244
826 416
831 1030
835 220
841 213
858 478
869 197
874 545
877 366
888 602
891 499
892 447
900 1083
913 603
914 504
922 330
962 554
969 879
982 931
989 183
992 408
1005 291
1008 1115
1009 988
1035 664
1044 146
1047 599
1048 384
1050 539
1067 199
1073 339
1085 565
1086 167
1103 936
1114 816
1117 678
1126 868
1127 638
1128 222
1146 483
1149 755
1156 786
1159 1440
1174 535
1185 666
1195 462
1196 433
1200 367
1204 715
1206 632
1209 836
1224 388
1235 490
1258 1345
1266 892
1270 742
1282 582
1290 491
1332 1269
1341 1096
1343 756
1352 722
1354 663
1362 920
1367 984
1387 437
1418 915
1432 1400
1435 968
1447 369
1448 370
1460 389
1476 642
1487 363
1506 1042
1509 428
1515 797
1521 200
1534 1005
1535 515
1536 1424
1542 1267
1558 822
1560 492
1571 893
1573 93
1593 425
1618 866
1630 689
1634 761
1642 574
1652 789
1657 605
1663 806
1672 709
1680 977
1681 619
1684 793
1691 743
1707 896
1719 697
1751 1433
1756 939
1757 758
1767 1414
1786 575
1791 907
1799 1324
1807 1313
1809 922
1816 855
1819 1475
1855 719
1857 700
1866 1185
1876 748
1881 767
1889 1150
1909 1377
1930 1020
1941 1435
1946 1469
1959 909
1984 1086
1987 1486
2070 759
2171 950
2183 1471
2221 1214
2267 1204
2272 745
2274 675
2294 1100
2306 1229
2387 1490
2400 1051
2406 1572
2536 1437
