f_0082642.png f_0082942.png
20 411
26 395
33 461
41 305
44 438
56 442
145 646
152 485
190 704
210 754
273 817
277 765
282 843
283 891
329 687
334 629
337 922
364 653
375 991
394 992
405 703
409 876
412 851
426 1060
436 987
444 1087
457 1086
467 1119
489 1126
528 910
557 730
559 1017
565 757
576 1206
592 750
596 1149
601 968
620 924
670 1108
693 1219
718 1277
721 1188
725 1407
728 1278
744 1267
776 1171
784 1475
793 1422
838 1486
842 1287
876 1282
887 1488
900 1343
901 1515
967 996
997 1376
1034 1051
1081 1260
1128 1092
1140 1286
1165 1549
1183 1526
1200 1555
1217 1559
1222 1587
1306 1204
1333 1684
1338 1623
1385 1594
1402 1697
1410 1588
1431 1474
1434 1536
1440 1733
1465 1748
1470 1550
1537 1438
1595 1818
1646 1586
1699 1418
1768 1534
1886 1581
2011 1719
2069 1750
2080 1858
2085 1616
2120 1783
2161 1672
2177 1929
2240 1823
2241 1925
2242 1939
