f_0082620.png f_0082776.png
9 18
29 128
33 148
54 192
63 164
68 157
111 410
117 212
133 53
141 47
164 293
170 403
198 269
224 390
242 88
257 130
274 116
281 146
326 439
362 45
381 89
394 508
438 449
455 183
462 598
465 181
494 330
510 210
520 447
521 422
522 231
527 692
535 646
547 581
556 120
564 240
571 162
581 708
593 238
595 258
596 200
604 223
606 262
619 718
636 315
637 586
696 741
714 484
727 536
731 678
735 369
736 370
743 538
744 385
763 573
765 895
774 437
791 504
806 658
811 436
834 540
847 680
869 786
878 651
901 860
912 936
933 515
937 978
947 686
956 819
957 843
959 837
968 739
971 892
974 537
979 879
985 558
992 882
998 574
999 937
1013 927
1027 872
1071 643
1078 747
1081 1092
1092 876
1102 956
1130 844
1155 1008
1173 752
1182 1003
1206 697
1211 793
1212 829
1220 1122
1228 864
1235 772
1251 839
1273 907
1302 922
1312 1148
1329 971
1357 999
1359 419
1383 915
1388 496
1408 548
1410 560
1415 791
1419 1228
1474 1221
1477 721
1506 634
1510 1104
1511 1127
1512 660
1528 1139
1533 794
1544 928
1565 1213
1582 1146
1583 1012
1672 1225
1702 1079
1707 1099
1747 1296
1832 1097
1903 1204
1907 1202
1908 1206
1919 1090
1920 1193
