f_0082868.png f_0082858.png
0 235
1 14
4 6
8 296
17 1559
25 2800
29 17
36 18
63 2324
72 912
73 1471
86 2481
101 11
104 230
106 2245
107 2474
108 32
125 2923
128 1948
129 1024
134 1020
138 2160
139 43
142 5
144 930
161 869
162 229
165 253
171 498
196 2621
216 478
233 15
246 2901
255 2646
275 440
282 2011
296 2350
333 1137
344 277
348 459
352 361
385 150
386 860
404 1261
421 1709
450 213
475 338
494 2533
498 1587
502 2837
517 107
520 702
525 2951
543 2325
545 2705
553 102
558 2850
563 2961
577 1009
580 821
595 437
605 1396
607 2218
614 2452
615 2919
618 1955
619 2821
641 1489
645 1967
646 1015
653 1356
661 463
664 853
669 962
683 254
688 835
689 349
694 1833
706 2231
725 1357
726 760
736 1126
757 128
776 1175
786 448
787 499
791 713
799 306
800 106
806 888
809 1518
827 1996
838 1536
844 1311
847 1881
858 2026
862 2797
888 1048
891 1827
910 85
912 60
915 914
919 2180
920 1935
923 1909
950 2061
956 1387
968 2112
986 2694
1013 2356
1015 1953
1026 650
1038 2785
1039 1184
1060 1993
1067 188
1088 1932
1097 2114
1115 1983
1119 1303
1172 21
1173 2562
1183 790
1191 1421
1194 2040
1196 2771
1208 2756
1210 876
1234 631
1238 1081
1260 2500
1271 2067
1287 917
1288 816
1289 564
1290 1127
1296 2027
1319 609
1338 2008
1353 1520
1355 1531
1356 1597
1369 2063
1382 2373
1384 2548
1410 89
1416 2005
1421 1562
1439 696
1446 2576
1476 567
1483 732
1507 2409
1515 2161
1523 752
1524 2131
1544 1092
1575 70
1576 1166
1584 1814
1601 63
1658 1831
1664 1031
1677 1992
1704 114
1706 2132
1711 201
1727 2233
1733 1959
1734 963
1759 1624
1762 1668
1785 1148
1812 802
1814 2508
1859 2691
1861 616
1885 2505
1913 434
1963 1751
1972 83
1987 2057
1991 305
1995 236
2010 1049
2041 1469
2047 2725
2057 747
2064 1621
2073 2389
2077 1091
2093 1365
2094 2136
2098 814
2100 2390
2104 23
2109 2172
2134 2996
2138 591
2150 1128
2176 828
2180 989
2258 1183
2297 628
2328 198
2352 1222
2360 2872
2382 1163
2383 1056
2413 179
2461 2683
2473 260
2483 2936
2484 1739
2520 69
2559 1774
2567 800
2589 2810
2594 1438
2611 2660
2613 431
2620 464
2625 211
2651 1423
2658 693
2677 2205
2681 2439
2688 882
2695 562
2726 507
2728 1075
2745 1939
2752 1721
2792 2719
2818 2486
2823 786
2832 2152
2861 1942
2870 2676
2873 1824
2875 776
2888 1501
2923 2791
2984 2261
2991 850
