f_0082724.png f_0082868.png
3 1363
14 2717
17 1867
19 380
21 2586
26 1617
27 38
31 2058
52 749
54 1229
55 1167
73 1407
86 2408
93 2852
97 2530
99 65
102 2953
126 1827
129 1
134 53
143 2254
147 2083
171 113
174 2048
176 2228
177 224
179 55
186 1814
194 933
196 1018
239 15
249 376
267 2630
268 2442
272 411
273 2955
277 1749
286 881
291 968
299 2028
307 974
313 24
319 1230
320 1289
332 1997
339 448
348 431
361 2799
362 2283
377 1425
393 610
400 1939
405 1984
407 2159
413 2610
422 1298
435 490
445 2876
453 271
457 2199
459 516
462 859
464 697
465 1035
479 2080
480 2101
484 1374
487 138
492 2849
494 926
496 444
497 239
505 1502
510 1315
522 1163
524 2096
532 2079
534 709
552 1801
555 556
557 559
561 158
564 2296
565 1719
567 294
583 438
598 2911
600 1516
603 1003
626 740
629 1993
630 1751
632 1064
636 2780
638 1913
640 1088
644 1930
646 2113
649 624
658 1476
662 175
663 2560
664 2015
671 878
672 409
684 2767
686 1506
689 1041
697 1748
703 2073
712 2456
717 430
718 2550
721 1408
725 484
729 2064
734 160
742 264
744 2732
745 2837
746 1067
757 1098
764 1348
771 1598
772 97
781 1387
791 1482
798 2211
802 1147
811 716
814 657
823 127
837 268
845 2026
846 2675
851 2268
852 2989
859 728
862 2740
864 1442
865 155
866 722
878 736
880 527
887 2954
889 2261
899 2627
900 1404
905 157
906 190
908 101
911 1031
912 1916
943 2417
946 2683
948 837
959 847
962 1267
967 733
972 2984
973 1560
982 857
985 2641
986 2146
988 2926
995 1141
998 135
1013 1075
1017 2062
1018 1523
1019 391
1024 68
1037 836
1042 2860
1045 1304
1046 2509
1047 477
1051 1846
1057 1373
1061 37
1065 2917
1072 2047
1073 2127
1079 730
1088 2542
1092 34
1094 2894
1100 285
1104 367
1122 1292
1125 1488
1136 1782
1140 2705
1143 2426
1159 720
1177 355
1188 2278
1201 2823
1209 864
1212 1745
1225 2057
1243 1787
1245 823
1258 26
1262 1805
1263 2987
1278 615
1290 2621
1293 2388
1298 6
1309 348
1320 2104
1326 306
1329 612
1333 880
1352 1194
1363 2280
1393 57
1406 866
1408 1861
1409 1165
1439 646
1445 99
1457 1575
1460 1080
1465 2142
1470 546
1485 1910
1488 2620
1503 606
1521 1474
1526 2712
1549 1240
1566 81
1570 622
1576 1728
1586 1073
1618 2302
1670 1224
1678 63
1748 1959
1792 753
1803 125
1806 705
1840 282
1857 1889
1873 2346
1890 989
1940 240
1955 960
1973 1665
2019 539
