f_0082452.png f_0082724.png
25 30
62 261
80 194
85 126
86 120
116 335
121 155
160 339
167 285
212 188
340 463
346 273
366 212
404 324
450 255
461 476
468 383
594 540
626 656
648 362
670 576
715 542
733 408
738 407
744 409
833 479
836 490
837 465
847 565
856 513
859 584
865 452
889 537
907 821
916 682
934 796
949 549
964 705
1010 528
1015 623
1027 692
1061 888
1132 653
1153 768
1156 855
1173 694
1176 719
1179 615
1191 624
1228 749
1242 995
1252 714
1264 726
1294 745
1321 813
1400 870
1407 984
1409 732
1413 758
1434 770
1494 923
1514 907
1519 862
1521 1093
1574 1164
1580 904
1582 866
1602 932
1636 951
1642 948
1665 1133
1807 1190
1838 1121
1865 1382
1898 1277
1911 1470
1919 1359
1922 1719
1965 1932
1970 2045
1977 2051
