f_0082558.png f_0082942.png
32 900
43 481
44 736
49 608
53 772
94 312
107 1039
108 1318
119 228
129 2051
130 249
134 912
136 1040
142 1408
149 1959
159 679
161 1748
165 194
166 629
172 1136
175 1292
180 398
190 1573
192 748
196 2177
201 411
206 352
213 494
231 698
256 183
264 1272
270 1653
286 267
324 907
335 229
337 1062
350 660
385 152
389 1370
391 1350
414 708
416 1165
436 2044
437 1598
443 124
444 356
494 1413
499 941
500 1703
507 604
536 724
540 971
543 122
546 1375
571 396
592 145
600 261
601 1706
611 1404
619 595
628 737
657 897
664 1044
667 435
668 741
704 298
732 514
748 1832
769 1113
775 180
781 1773
783 984
784 677
785 800
792 1387
813 1107
822 554
825 710
854 991
866 1258
867 455
877 324
894 252
903 1604
915 1575
934 1008
940 920
983 257
1007 416
1019 213
1022 1211
1034 509
1041 202
1080 1556
1092 650
1101 896
1103 351
1110 814
1144 789
1159 596
1164 680
1173 559
1181 1365
1183 1085
1186 1421
1209 1199
1213 2053
1222 302
1243 1688
1244 1359
1268 968
1273 1183
1277 1242
1279 1084
1304 223
1308 913
1317 1173
1327 1529
1338 577
1340 1814
1347 1200
1356 1313
1383 1868
1415 910
1430 1188
1464 1554
1510 667
1597 683
1642 1565
1652 1579
1656 1746
1658 492
1690 513
1691 1056
1704 190
1726 341
1765 1341
1784 1376
1795 761
1802 780
1803 1639
1804 701
1806 875
1811 727
1815 1108
1819 227
1830 1135
1846 497
1876 730
1905 649
1912 102
1918 1948
1928 688
1935 856
1979 718
1992 9
1993 744
1999 1156
2007 745
2011 321
2017 979
2024 1876
2043 169
2050 1679
2072 1172
2095 815
2136 1282
2143 123
2149 840
2157 1428
2184 686
2195 1766
2224 1034
2225 1123
2244 927
2248 946
2250 392
2257 853
2258 1659
2260 1154
2264 1629
2281 627
2284 843
2360 669
2361 739
2367 637
2384 1024
2392 921
2398 1149
2430 770
2431 1371
2454 816
2456 458
2464 1212
2470 305
2481 923
2504 1708
2552 719
2581 127
2587 1215
2603 653
2649 1171
2671 1588
2685 1148
2688 931
2699 1709
2710 756
2715 573
2723 1427
2729 1985
2731 892
2733 636
2767 1515
2771 1601
2776 784
2782 809
2786 1005
2789 1675
2808 822
2832 1581
2834 890
2843 952
2845 681
2846 1697
2873 1621
2878 981
2880 175
2881 641
2939 1466
2941 1727
2953 335
