f_0082882.png f_0082942.png
10 21
31 51
38 45
40 46
41 4
49 118
55 116
74 163
85 103
92 147
97 34
116 140
119 176
132 165
133 209
154 202
157 439
162 234
168 229
176 447
182 314
191 353
196 357
204 501
222 513
225 454
234 463
236 545
247 461
248 504
257 505
259 466
263 554
267 534
268 575
273 617
275 553
276 517
279 527
280 587
281 543
282 523
286 609
290 435
292 659
293 624
294 638
295 386
299 494
300 680
302 685
303 729
307 373
316 243
327 711
338 671
339 278
340 811
343 391
350 441
351 677
355 782
365 819
369 621
381 781
385 469
390 754
392 559
405 837
406 508
407 569
410 879
415 687
422 1033
424 542
426 965
427 1019
436 771
438 780
439 1032
440 568
441 947
445 697
447 842
448 856
470 975
473 982
475 976
481 1040
484 985
485 1158
491 744
495 1160
497 986
508 1115
509 1257
510 735
513 1133
515 876
517 885
518 941
519 1194
525 1087
532 1190
535 1264
539 1222
540 1265
549 795
556 1053
560 1330
563 1168
565 953
577 1124
581 1300
586 967
589 1108
596 952
601 1249
602 1243
604 1390
606 1085
607 1172
614 1354
623 1206
630 1322
632 1118
643 1171
650 1410
662 1110
674 1198
676 1406
678 1135
679 1205
684 1500
695 1306
705 1506
711 1154
715 1281
722 1317
727 1260
730 1499
737 1367
738 1147
741 1531
743 1280
745 1255
752 1413
756 1383
771 1630
782 1573
802 1401
805 1517
810 1601
818 1621
824 1661
827 1418
835 1653
846 1683
852 1538
857 1550
861 1583
871 1586
876 1606
879 1727
880 1773
883 1599
886 1849
888 1648
896 1691
898 1686
900 1784
905 1681
908 1716
911 1921
918 1736
921 1855
923 1755
926 1632
928 1872
941 1974
945 1800
947 1635
965 1843
966 1854
969 1895
972 1946
976 1959
979 1628
988 1853
989 1749
998 1870
1001 1877
1011 2049
1018 1669
1020 1939
1023 1962
1026 1944
1027 1863
1045 2048
1047 1723
1049 1985
1064 1821
1071 2179
1075 1861
1078 1943
1080 1857
1094 2006
1115 2135
1119 2016
1121 2030
1122 2009
1128 2319
1151 2082
1157 2132
1160 2401
1171 2191
1179 2233
1181 2407
1201 2441
1213 2277
1230 2495
1237 2527
1241 2361
1298 2477
1302 2489
1332 2536
1353 2511
1368 2515
1370 2524
1376 2540
