f_0082946.png f_0082492.png
3 268
7 46
10 122
36 71
42 4
55 24
70 378
72 280
75 275
78 158
98 189
111 222
130 357
137 444
157 515
160 278
167 208
168 754
182 316
208 201
221 337
222 225
228 502
237 338
244 288
255 282
258 367
265 859
275 517
281 371
291 842
292 765
311 572
312 512
316 573
328 1209
330 625
346 375
353 424
363 1008
364 380
366 445
368 397
376 722
377 651
380 636
383 419
386 662
391 846
399 1222
409 680
434 1352
437 519
442 632
467 1221
482 508
501 514
514 1022
560 720
573 1024
578 1381
582 693
616 745
625 688
670 1202
709 670
712 835
760 1089
763 1373
771 1155
801 1094
826 1266
841 1100
869 1105
874 1335
888 1467
913 1440
925 1777
935 1169
946 1786
979 1838
985 1837
993 1739
1017 1773
1019 1549
1027 1778
1037 1911
1051 1322
1086 1306
1097 1339
1100 1971
1117 1622
1138 1485
1150 1583
1156 1706
1204 1694
1230 1981
1235 1556
1253 1504
1259 1803
1274 2167
1286 1513
1295 2168
1298 1507
1344 1631
1352 1762
1372 1810
1384 1859
1409 1743
1415 2389
1465 1736
1476 1815
1490 1757
1501 1965
1542 2157
1556 2227
1558 1982
1560 1832
1574 2158
1630 1964
1636 2039
1673 1979
1707 2097
1756 2149
1760 2108
1810 2189
1819 2453
1822 2190
