f_0082976.png f_0082642.png
95 0
103 1
158 97
218 143
224 21
259 116
270 51
285 309
328 207
342 269
397 386
469 314
478 481
493 315
503 239
507 397
519 135
548 280
597 272
677 423
679 213
693 511
711 229
757 600
770 258
774 540
784 413
797 278
825 680
856 659
867 333
877 319
900 616
952 754
959 650
967 436
970 646
973 377
983 654
1020 378
1048 463
1081 903
1089 496
1091 403
1103 700
1113 530
1162 579
1165 1121
1198 1077
1212 1110
1224 467
1226 1184
1232 1172
1260 1019
1261 888
1262 867
1288 468
1289 913
1293 1196
1299 524
1305 429
1320 1383
1327 859
1368 525
1379 1294
1384 1161
1385 842
1402 542
1419 564
1430 543
1437 603
1453 532
1457 1229
1472 574
1476 1035
1516 1445
1518 877
1539 1366
1592 1198
1601 544
1663 1645
1675 628
1704 1433
1712 588
1721 1548
1745 1428
1772 1615
1774 1564
1781 1283
1791 1507
1809 1260
1831 1065
1840 2119
1868 838
1889 1030
1909 1096
1963 1683
1973 927
1992 1129
2071 1481
2119 1167
2130 1411
2134 1155
