f_0082452.png f_0082918.png
2 2771
10 98
11 2992
12 2911
36 219
37 2238
74 2368
78 21
123 2948
151 1826
174 1980
177 145
194 941
222 2923
230 937
231 415
241 532
295 2359
345 2633
355 1437
399 65
413 1774
436 1429
481 1488
484 2932
501 677
519 2900
522 2598
531 1154
553 2370
603 1010
666 989
667 1416
672 353
674 447
688 2458
723 1209
732 1612
733 634
734 2986
738 653
744 268
771 2868
777 1151
794 706
811 2229
833 1308
837 1953
856 2872
860 1306
880 838
920 756
933 1411
944 1163
1016 29
1025 1568
1029 560
1032 278
1038 2310
1059 1994
1062 1818
1081 1860
1090 2917
1121 2217
1145 149
1151 2288
1154 296
1176 2599
1187 2803
1193 993
1205 260
1206 328
1209 2251
1214 420
1222 1632
1227 136
1228 969
1248 1121
1257 1788
1274 872
1288 2721
1300 995
1306 1737
1329 812
1330 761
1335 1821
1388 1838
1389 1254
1399 1266
1401 2873
1413 1183
1438 1292
1444 1273
1450 1717
1515 784
1520 487
1531 2677
1543 763
1556 841
1588 1584
1591 1718
1594 824
1630 448
1632 258
1643 1561
1650 1854
1660 836
1684 1376
1697 1261
1709 2233
1716 25
1740 933
1754 1373
1761 458
1768 1802
1795 2961
1816 570
1825 225
1829 2152
1835 153
1843 175
1862 107
1880 1208
1908 79
1929 910
