f_0082702.png f_0082912.png
36 2972
38 2094
64 2591
72 176
73 385
74 2075
78 653
90 1227
109 1693
132 2817
161 810
196 1760
206 2511
211 2934
217 377
221 2369
222 2052
226 1033
243 141
248 17
258 2519
264 870
274 40
278 291
288 2559
289 1669
293 210
295 329
327 1335
347 127
353 1628
355 872
362 1798
364 436
370 285
376 1616
413 223
418 2406
422 2241
428 165
435 90
445 2988
447 2978
456 484
464 1934
496 927
518 417
546 585
565 672
575 2952
579 1172
580 298
587 1488
598 2808
629 2886
639 746
651 900
655 427
663 2456
666 112
694 319
766 126
770 2709
797 2629
799 882
810 739
853 1964
859 1999
866 2279
889 2020
904 2595
919 2956
926 940
932 1271
934 300
937 2983
951 1225
1024 1209
1044 664
1048 1441
1049 1049
1093 633
1103 661
1111 2654
1112 2441
1113 2042
1167 1120
1184 1430
1191 342
1226 974
1255 538
1300 1294
1339 2549
1384 2835
1386 1723
1415 1925
1421 297
1437 566
1439 428
1459 2997
1497 2729
1517 1266
1526 1564
1532 2466
1567 895
1668 2111
1670 2265
1675 2867
1682 1309
1689 681
1695 162
1737 550
1746 437
1758 1161
1768 1184
1773 390
1779 1879
1793 2616
1802 1055
1857 486
1866 2343
1909 52
1912 1047
