f_0082882.png f_0082918.png
91 1743
102 1040
116 507
117 183
128 40
129 623
131 2693
133 1585
134 270
147 1188
149 2238
156 2447
162 2750
165 817
172 1795
173 1355
182 1822
183 1387
188 219
191 45
196 8
199 271
203 1688
204 122
209 2066
213 375
215 1826
221 2121
225 58
230 1992
241 1468
244 445
253 39
257 488
260 156
265 674
266 532
285 50
288 2943
293 308
296 229
297 1349
300 2437
301 2867
303 2083
305 971
308 1556
318 361
324 582
325 2469
326 465
328 1803
334 1627
336 312
337 562
344 1811
355 1039
361 93
362 2949
365 2006
367 922
368 2801
372 2572
387 2321
391 1345
398 242
401 862
405 779
413 103
416 644
432 2186
433 551
444 2723
446 1947
447 2150
454 2256
465 2933
469 2950
473 95
484 618
499 2344
501 917
502 1041
508 446
509 2123
512 1200
513 2695
515 2663
517 727
520 1163
526 1917
528 1411
529 2247
538 1433
540 1072
542 1818
545 1535
546 1085
547 220
563 1410
565 2228
587 181
588 1755
595 2777
596 2843
600 1190
605 366
606 872
607 1112
610 2678
613 1441
614 565
616 256
622 1042
623 1311
625 944
626 1781
629 2199
632 1223
636 646
643 2001
644 1005
645 2936
648 1931
654 2250
658 234
659 761
663 328
667 67
668 590
675 1758
686 1254
687 2507
690 2915
694 298
697 2154
704 1683
705 2522
706 2975
713 1609
715 2755
718 97
726 2595
727 2838
730 136
733 524
738 68
739 588
741 816
743 430
745 1929
749 1102
750 546
753 201
762 1126
765 295
780 774
782 2048
794 1534
796 2701
797 1179
804 973
806 1983
810 633
812 1894
813 707
814 738
815 1676
828 1634
829 1480
830 1183
834 1082
835 1717
863 1595
864 1862
868 297
879 841
882 346
884 2924
885 2707
887 1313
888 2934
889 824
890 2930
892 1239
896 2444
898 238
900 116
912 2054
913 663
914 367
915 2451
918 1637
921 1489
923 1706
924 1605
925 1471
928 1063
935 685
971 2355
973 458
975 570
976 1997
979 277
990 175
997 2450
1001 17
1005 1692
1009 292
1010 390
1019 641
1021 2060
1026 1386
1044 636
1045 2158
1049 786
1061 153
1066 425
1074 2407
1081 269
1083 89
1084 2631
1090 73
1105 1100
1114 794
1115 224
1128 2467
1155 2132
1181 656
1187 2708
1201 1007
1218 795
1228 106
1248 612
1253 1182
1285 563
1297 233
1309 2635
1363 1181
1387 888
1388 2879
