f_0082642.png f_0082928.png
16 34
35 43
38 268
41 240
61 211
70 203
80 239
147 693
189 646
202 712
209 724
228 766
230 809
241 830
277 757
286 834
294 470
296 817
307 786
317 914
329 708
349 408
361 746
375 972
377 961
395 973
398 778
399 949
405 730
429 1058
458 905
470 1203
489 1108
490 1098
517 1158
557 805
559 1006
580 920
585 1276
590 1236
606 995
621 953
664 1244
670 1171
675 1023
687 833
689 993
692 1206
703 843
721 1225
725 1454
746 986
756 1079
783 1341
797 1124
804 1533
820 1170
830 934
838 1565
848 1408
850 1655
852 1192
875 1308
876 1340
877 1383
882 1545
888 1241
893 965
899 1418
905 1309
908 1302
918 1531
926 1564
929 1204
937 1265
956 1398
962 1136
970 1395
973 1005
986 1312
987 1375
1019 1232
1020 1482
1028 1517
1056 1720
1062 1586
1074 1485
1075 1535
1090 1499
1103 1381
1120 1677
1125 1755
1130 1463
1147 1669
1153 1577
1171 1617
1193 1618
1223 1652
1233 1352
1273 1731
1280 1351
1296 1435
1329 1783
1348 1726
1350 1773
1368 1702
1372 1798
1375 1414
1394 1433
1453 1628
1454 1849
1486 1757
1509 1904
1582 2034
1584 1982
1704 1776
1768 1567
1790 2286
1810 1882
1834 2222
1886 1690
1953 1683
2048 1805
2056 1810
2138 2002
2141 1889
2148 2059
2149 2334
2154 2052
2168 2069
2176 2077
2203 2377
2208 2068
2217 2007
2271 1976
