f_0082882.png f_0082872.png
4 32
7 106
9 26
14 16
16 31
21 22
23 84
27 112
29 208
40 99
44 80
47 58
49 113
51 116
54 185
56 66
62 78
63 137
64 105
66 158
69 247
72 154
73 128
74 187
75 234
76 120
80 328
85 289
86 248
87 169
88 165
92 277
94 440
101 388
102 228
103 329
104 253
105 204
106 350
108 369
113 232
116 390
117 282
118 459
120 415
123 284
125 327
128 396
129 418
132 473
133 421
134 309
138 299
140 564
147 495
150 498
151 361
152 310
157 406
160 492
162 466
166 382
182 531
188 580
189 411
191 558
193 424
195 435
196 551
198 463
199 573
200 448
201 461
202 698
207 639
208 622
210 493
212 596
213 594
220 647
222 590
224 483
227 772
228 643
230 608
232 529
234 544
241 602
245 670
247 678
248 669
254 675
256 695
257 676
260 672
262 677
263 640
266 730
267 721
272 720
273 625
275 703
276 719
277 701
280 673
282 739
287 562
288 652
289 805
291 683
296 912
297 808
299 797
302 736
304 1001
305 860
309 798
312 861
315 920
319 815
320 768
321 733
324 907
326 775
328 915
329 696
334 994
336 1003
338 843
339 1059
341 727
346 792
350 995
351 903
352 743
355 837
357 723
358 1019
359 794
360 1126
362 922
365 857
367 1103
368 1027
370 801
372 874
373 1094
374 1072
375 820
376 834
377 996
379 934
381 997
382 813
383 1004
386 1148
387 1085
390 989
395 877
398 1165
400 986
401 886
404 1119
405 1073
407 1201
408 947
410 1044
411 894
412 1238
416 878
417 931
419 1263
421 1294
422 970
425 1172
426 1048
427 982
429 948
430 1150
431 1088
432 1338
433 1161
434 1123
435 1339
440 1308
442 1187
443 1179
444 1035
445 1259
447 1178
449 1015
451 1067
458 1031
462 1050
463 1068
465 1366
468 1131
469 1320
470 1254
471 1191
472 1255
475 1239
476 1089
477 1266
479 1120
484 1284
486 1209
489 1368
490 1192
491 1399
492 1112
493 1411
496 1183
508 1303
511 1422
519 1241
521 1282
530 1235
532 1344
536 1301
542 1444
546 1435
547 1412
550 1274
552 1397
554 1424
555 1270
558 1496
559 1373
561 1448
562 1440
563 1449
567 1447
568 1426
571 1325
578 1591
579 1566
580 1461
581 1427
583 1361
584 1500
586 1562
587 1528
590 1362
595 1615
596 1598
600 1530
609 1600
612 1576
613 1516
616 1567
617 1552
623 1543
631 1684
632 1629
633 1605
634 1585
640 1683
649 1607
652 1586
655 1545
658 1721
664 1587
666 1715
670 1495
673 1744
677 1608
680 1595
681 1519
689 1722
690 1704
691 1649
692 1781
694 1699
695 1676
698 1558
699 1774
700 1642
701 1570
703 1804
705 1621
706 1725
707 1574
712 1700
715 1782
716 1679
717 1672
720 1871
722 1760
727 1811
728 1761
730 1710
732 1908
733 1771
734 1696
735 1627
736 1906
739 1746
740 1740
743 1881
752 1807
755 1660
758 1924
759 1826
760 1787
761 1661
762 1802
768 1946
769 1886
779 1949
780 1823
781 1730
782 1809
784 1977
785 2005
789 1899
790 1878
792 1919
794 1934
796 1900
799 1893
804 2016
806 1894
808 1916
813 1887
816 1926
819 1917
825 1918
829 1952
830 1967
831 2089
833 1936
834 1994
835 1990
840 1941
843 1897
847 1971
850 2099
860 2107
861 2119
862 2043
863 2028
866 2002
868 2141
869 2032
871 2116
872 2073
873 2045
874 2004
876 2144
879 2064
880 2047
881 2193
884 2154
885 2120
887 2065
888 2162
889 2086
891 2077
892 2052
894 2053
895 2048
896 2195
897 1982
899 2070
900 2110
901 2238
903 2138
905 2202
907 2164
908 2212
910 2121
911 2111
915 2139
916 2156
917 2256
919 2175
920 2176
921 2143
923 2217
925 2066
926 2246
927 2224
928 2167
930 2225
932 2159
940 2150
945 2239
947 2312
949 2277
950 2160
955 2268
956 2291
958 2281
962 2315
966 2258
967 2259
969 2260
970 2262
971 2273
973 2243
975 2263
976 2264
977 2253
978 2241
979 2357
980 2336
982 2196
987 2285
988 2310
989 2344
998 2323
999 2318
1000 2178
1008 2324
1011 2307
1012 2292
1016 2361
1019 2364
1020 2365
1023 2366
1025 2391
1027 2393
1029 2385
1035 2387
1036 2190
1038 2386
1040 2247
1045 2380
1048 2400
1050 2438
1051 2298
1052 2288
1060 2367
1066 2320
1067 2234
1072 2335
1077 2300
1081 2449
1083 2454
1089 2321
1094 2479
1095 2442
1097 2389
1100 2512
1102 2481
1103 2513
1104 2430
1106 2480
1108 2447
1110 2451
1112 2425
1113 2434
1114 2446
1119 2537
1124 2396
1131 2505
1135 2420
1136 2506
1137 2548
1140 2379
1141 2573
1142 2501
1143 2584
1151 2609
1152 2603
1156 2616
1160 2519
1163 2639
1166 2473
1170 2660
1171 2640
1175 2539
1178 2487
1186 2665
1187 2576
1193 2525
1199 2614
1200 2687
1201 2630
1202 2551
1205 2527
1211 2716
1212 2625
1218 2657
1219 2523
1221 2677
1222 2670
1223 2562
1231 2600
1232 2671
1236 2633
1248 2718
1250 2607
1255 2634
1256 2651
1258 2615
1264 2637
1267 2785
1271 2760
1273 2799
1274 2786
1280 2659
1289 2772
1290 2701
1291 2823
1293 2807
1295 2710
1296 2805
1312 2766
1313 2861
1316 2725
1325 2740
1327 2830
1331 2752
1333 2739
1334 2877
1336 2881
1340 2769
1347 2857
1351 2834
1352 2876
1362 2878
1363 2841
1367 2858
1374 2837
