f_0082620.png f_0082518.png
38 368
64 213
77 82
137 145
156 299
165 293
173 203
194 236
203 266
212 131
213 139
218 209
223 220
226 371
230 310
265 464
283 348
293 264
316 410
342 256
358 501
361 477
366 415
402 437
403 509
404 441
408 414
425 484
479 372
484 502
490 648
518 495
536 607
545 494
547 623
548 626
569 655
594 660
595 683
613 552
620 715
627 596
632 661
642 729
649 733
653 690
667 761
669 670
671 739
689 722
708 769
716 777
736 785
753 805
780 858
800 798
809 830
818 883
844 834
862 896
872 884
878 903
918 970
927 931
934 982
938 985
952 966
965 975
973 980
985 993
988 1003
1005 1041
1011 997
1012 1067
1013 1063
1019 1015
1022 1008
1035 1037
1046 1072
1048 1049
1067 1085
1073 1069
1091 1105
1103 1117
1117 1114
1129 1127
1131 1077
1189 1168
1190 1152
1201 1210
1209 1271
1236 1321
1258 1250
1264 1306
1266 1258
1268 1194
1290 1336
1298 1314
1316 1254
1325 1289
1333 1268
1375 1362
1429 1419
1445 1426
1451 1421
1465 1440
1467 1439
1498 1401
1508 1487
1511 1509
1517 1457
1521 1441
1522 1429
1569 1490
1622 1496
1634 1583
1657 1586
1668 1556
1686 1548
1696 1593
1710 1580
1717 1540
1851 1529
