f_0082452.png f_0082928.png
4 26
71 186
72 383
82 465
100 234
112 459
121 146
124 179
168 258
170 274
177 204
184 396
188 364
196 151
234 682
236 610
265 474
272 443
322 521
336 230
365 593
366 719
381 500
413 150
471 915
478 637
491 868
499 883
622 574
649 1036
731 818
732 834
734 903
739 852
752 867
762 496
763 914
768 988
829 950
836 828
861 959
910 1011
938 1035
949 955
954 1050
973 1073
1001 1118
1010 1208
1038 1055
1045 804
1050 1215
1071 1276
1116 1227
1122 1370
1132 1275
1158 1164
1176 1188
1187 1171
1193 1342
1206 1325
1217 999
1218 1377
1224 1023
1231 944
1250 1525
1309 1365
1328 1232
1329 1445
1330 1285
1333 1126
1359 1640
1370 1389
1381 1192
1383 990
1396 1308
1400 1517
1401 1509
1421 1676
1425 1178
1431 1689
1443 1746
1445 1719
1450 1723
1452 1732
1455 1720
1462 1482
1469 1395
1473 1535
1476 1382
1477 1398
1484 1765
1493 1453
1515 1730
1527 1161
1532 1652
1570 1639
1624 1575
1652 1739
1686 1550
1739 1718
1740 1789
1756 1983
1761 2034
1793 1632
1807 1628
1829 2009
1832 2031
1903 1835
1922 1546
1952 2030
