f_0082702.png f_0082968.png
33 939
98 1124
163 865
212 1568
233 793
250 615
281 1539
358 992
399 1151
438 1277
440 1460
459 1245
469 1282
478 1393
503 1626
507 1326
550 1039
568 1451
625 1530
680 1560
726 1450
771 1670
800 1697
801 2059
806 1651
830 1480
836 1064
849 1708
866 1934
921 1745
949 1757
972 2023
981 1985
982 2025
987 1855
1000 2040
1016 2208
1032 1903
1088 2128
1117 1987
1118 2138
1204 2245
1207 2257
1284 2302
1297 2299
1308 2140
1322 2321
1323 2359
1342 2154
1349 2147
1477 2280
1478 2395
1492 2049
1673 2152
1784 2215
1849 2320
1893 2332
