f_0082946.png f_0082452.png
72 187
78 165
97 179
115 168
130 308
131 285
149 332
152 343
195 185
213 253
231 404
244 232
309 512
365 810
366 450
376 526
386 794
407 793
462 491
494 804
530 578
536 572
563 598
568 875
580 657
586 617
588 690
597 546
616 711
618 700
624 709
639 697
655 712
664 1007
715 1174
743 1093
759 1114
781 1076
795 1133
857 1049
939 1336
994 1506
1004 1418
1023 967
1027 1545
1084 1282
1090 1206
1138 1135
1193 1631
1194 1504
1209 1321
1213 1329
1295 1791
1362 1473
1371 1677
1378 1792
1442 1403
1448 1260
1460 1285
1502 1451
1528 1331
1543 1442
1558 1538
1589 1534
1643 1430
1646 1856
1649 1949
1680 1652
1756 1659
1791 1670
1810 1671
1822 1667
1833 1683
1952 1602
1969 1742
1982 1924
