f_0082886.png f_0082918.png
99 167
128 1960
131 759
134 114
143 1783
150 393
175 1355
190 2446
212 1700
218 275
219 1640
221 208
225 2159
229 18
235 270
240 45
241 404
248 379
282 1899
296 902
309 1839
311 193
328 2484
332 1335
342 619
356 1888
359 2694
370 2615
372 2
376 2473
377 42
385 893
392 2510
401 2205
404 2009
405 1526
413 2090
414 1488
430 93
435 682
447 2889
463 651
464 1577
472 2985
483 1804
491 386
497 2377
500 1558
501 981
506 800
510 1006
521 1684
524 2373
545 596
546 1651
547 536
549 576
553 212
556 1149
558 1537
568 2081
569 2224
582 2064
610 2898
612 300
621 11
631 1708
633 1145
643 1786
652 2396
654 1374
659 1447
670 1201
677 2723
682 2234
698 2363
699 9
704 2042
726 1949
727 805
729 2869
730 127
733 7
740 2067
746 870
750 2626
756 296
757 1926
762 2420
764 2171
772 197
788 1017
810 1555
812 448
820 1441
837 345
845 505
852 2225
857 328
859 1328
866 2145
868 414
869 909
876 2860
884 2915
885 1881
901 676
902 1266
907 1683
908 2165
911 1057
912 2975
918 24
933 2250
934 2838
949 951
953 430
963 480
967 1396
968 667
972 2574
983 381
990 1564
993 1513
1000 2129
1013 1873
1014 2490
1019 201
1026 1126
1029 2595
1032 1023
1034 546
1047 1014
1049 2274
1063 2511
1066 2051
1073 1069
1084 2603
1093 2441
1096 1752
1100 2014
1103 1186
1104 1782
1113 1894
1120 1480
1123 707
1141 1717
1145 1426
1151 1210
1155 346
1156 2724
1157 744
1159 2707
1161 1317
1162 1595
1163 857
1168 1253
1178 1581
1183 211
1186 839
1187 2303
1191 460
1196 1654
1210 830
1212 2964
1213 1522
1217 1706
1218 933
1220 1961
1230 2275
1233 417
1234 663
1243 685
1254 2476
1255 367
1257 1605
1261 1251
1264 2762
1272 2828
1278 2664
1279 2152
1283 1911
1295 1997
1301 2531
1302 2272
1316 712
1317 1918
1318 175
1319 1009
1323 317
1329 1479
1340 2185
1346 2644
1350 12
1359 402
1367 538
1369 2757
1376 960
1378 898
1407 1018
1440 2196
1446 1500
1450 1506
1463 293
1464 1658
1465 1247
1478 555
1480 1449
1484 1644
1487 34
1488 873
1490 2115
1492 1351
1520 1171
1525 1153
1526 80
1546 1301
1548 1763
1550 1777
1558 1984
1575 1840
1582 2417
1598 2549
1600 504
1611 2617
1616 2325
1626 302
1627 2962
1628 785
1632 1701
1644 1461
1658 1352
1676 432
1682 2024
1711 459
1732 1245
1758 948
1766 2635
1786 2710
1804 791
1811 2020
1828 1496
1851 105
1929 2362
