f_0082702.png f_0082776.png
198 205
218 80
228 41
241 62
276 148
303 157
308 164
321 92
349 193
350 26
360 516
378 269
381 403
399 372
411 260
417 243
425 87
428 276
438 380
439 399
444 518
445 321
452 298
459 507
460 400
477 498
495 451
514 176
519 277
524 706
532 391
547 568
548 360
556 445
564 591
570 635
575 235
586 610
589 196
610 749
617 312
618 264
624 768
625 598
626 338
628 121
638 228
644 640
645 329
650 750
651 361
656 378
662 867
663 406
664 197
665 415
668 685
676 611
679 676
680 646
681 278
683 117
687 170
692 877
693 478
694 173
696 895
697 853
698 347
706 799
711 869
712 681
713 330
721 313
731 584
732 520
733 291
741 800
748 960
751 585
762 387
776 384
787 159
805 966
807 599
814 539
819 253
822 770
823 105
827 1026
849 763
852 814
854 627
858 1039
859 546
875 1106
876 656
881 735
886 930
887 678
888 462
895 638
898 1008
900 1057
906 871
913 746
918 1058
925 879
930 588
933 1091
937 1114
958 96
960 940
961 827
965 889
966 623
970 816
981 715
982 696
986 786
995 868
1000 659
1006 751
1008 742
1019 1115
1020 988
1022 919
1033 747
1045 1246
1048 340
1052 425
1053 766
1056 214
1061 756
1067 863
1073 796
1077 954
1078 945
1085 724
1086 466
1088 739
1092 1035
1115 712
1129 704
1133 1255
1139 781
1149 757
1150 850
1151 702
1153 1154
1164 1093
1173 797
1187 1094
1188 890
1194 822
1203 769
1208 567
1212 761
1215 1170
1218 643
1247 789
1257 563
1264 806
1268 823
1269 511
1278 807
1281 644
1283 1209
1287 1294
1295 1127
1296 829
1299 1228
1308 1042
1310 969
1316 419
1319 864
1334 1190
1342 1120
1344 977
1349 1172
1351 1037
1359 1364
1367 1346
1373 856
1374 1050
1376 855
1389 1308
1397 1011
1400 1404
1407 1077
1413 939
1414 922
1424 999
1465 1444
1478 1040
1487 1257
1498 1478
1519 1596
1520 1288
1522 1280
1532 928
1541 993
1547 1664
1564 1317
1575 1330
1581 1086
1593 1357
1599 1284
1606 1487
1621 1527
1627 1903
1630 1411
1644 1991
1648 1750
1656 1772
1681 1194
1690 2051
1693 1503
1715 1999
1718 1545
1730 2014
1795 1307
1801 1457
