f_0082412.png f_0082924.png
3 79
6 283
96 388
131 167
192 332
228 338
264 209
268 349
274 278
298 146
303 312
333 611
355 268
425 717
458 736
511 145
593 984
613 428
652 808
660 807
692 670
703 638
709 467
736 1094
762 746
779 337
914 785
931 1344
961 841
974 727
984 1382
985 1378
991 819
993 1190
1051 620
1100 1027
1103 798
1110 1388
1131 1271
1168 745
1172 1317
1203 826
1237 877
1273 1131
1312 1530
1335 1109
1393 1021
1402 926
1413 1164
1434 1370
1445 1562
1450 1579
1460 945
1487 1593
1496 931
1527 1612
1566 1746
1578 1794
1619 1653
1643 1080
1650 1706
1665 1333
1682 1846
1709 1380
1753 1859
1764 1058
1791 1828
1811 1863
1867 1439
1901 1455
1944 1560
2019 1332
2043 1979
2118 1737
2122 2016
2134 1499
2145 1809
2177 1925
2191 1874
2223 1844
2234 2036
2236 1326
2360 1588
2525 2199
2629 2267
2651 2476
