f_0082952.png f_0082968.png
10 52
19 90
39 101
69 121
150 282
161 24
247 61
262 138
315 149
325 394
333 129
358 470
379 133
392 433
409 472
438 374
484 487
523 317
525 521
541 536
620 535
622 546
629 545
719 539
720 747
723 434
724 673
744 707
760 549
762 709
790 544
803 424
838 574
853 495
856 650
917 828
960 930
984 926
1013 833
1020 989
1033 1171
1108 1105
1114 959
1126 978
1131 973
1161 1003
1206 844
1229 1165
1236 914
1243 1093
1279 896
1294 1328
1316 1499
1324 1190
1347 1373
1360 1292
1363 1296
1387 1295
1390 1386
1407 1248
1409 1056
1410 1347
1422 1320
1425 1306
1429 1443
1446 1333
1471 1394
1472 1481
1482 1257
1491 1353
1492 1459
1502 1393
1503 1458
1512 1742
1531 1534
1543 1749
1562 1471
1566 1247
1576 1728
1580 1569
1584 1488
1596 1510
1604 1521
1613 1520
1614 1773
1634 1567
1646 1727
1651 1561
1654 1614
1657 1832
1677 1626
1695 1639
1697 1517
1713 1820
1715 1566
1732 1711
1740 1629
1741 1709
1749 1670
1774 1653
1784 1980
1790 1656
1793 1782
1808 1767
1815 1708
1818 1781
1821 1725
1843 2019
1863 1706
1871 1745
1877 1746
1882 1757
1895 1935
1898 1829
1899 1868
1913 1800
1921 1813
1932 1809
1941 1882
1950 1898
1961 1922
1987 1863
1993 1867
1994 1891
1999 1904
2009 1862
2019 1889
2025 1943
2045 1942
2056 2006
2086 1986
2144 2090
2148 2040
2211 2108
2213 2114
2214 2127
2220 2327
2227 2192
2234 2163
2257 2283
2267 2186
2276 2148
2324 2281
