f_0082620.png f_0082642.png
106 16
130 17
140 5
158 24
164 13
175 70
181 57
190 47
191 59
194 97
195 49
196 62
200 32
203 85
207 71
222 159
224 58
240 142
243 119
250 139
255 112
256 131
259 76
260 128
273 151
275 134
276 130
283 144
289 175
293 184
301 171
303 145
305 133
307 155
310 188
312 197
319 189
322 153
326 185
344 180
350 211
354 236
355 216
359 226
363 192
368 239
371 261
373 203
379 269
386 249
387 227
390 225
393 271
395 228
400 230
402 248
405 242
410 259
411 258
415 296
416 272
420 292
421 286
424 349
425 313
429 293
431 326
432 282
440 323
445 321
447 305
453 330
455 308
456 350
458 329
463 363
465 332
467 404
468 339
469 359
470 341
476 357
477 343
487 365
491 380
493 408
496 375
498 374
512 385
513 394
517 442
519 405
520 367
524 378
527 424
529 438
531 423
532 398
533 400
537 418
545 504
549 396
557 453
564 422
576 538
577 491
580 437
581 511
584 519
589 502
591 536
592 455
594 495
597 515
599 534
601 500
602 484
604 493
605 539
608 476
610 512
613 575
615 448
618 552
619 568
620 559
622 554
628 528
629 516
631 608
633 571
638 532
643 619
660 609
661 594
677 611
684 634
685 603
686 633
704 627
705 662
706 681
713 669
726 671
731 670
732 625
735 644
741 649
750 696
753 652
757 743
758 690
759 687
761 679
762 712
768 720
769 692
774 705
775 698
776 707
777 708
780 714
785 773
787 715
789 735
792 737
794 730
795 724
798 697
804 747
806 736
810 750
814 738
817 787
819 813
820 779
821 805
823 776
828 744
831 824
833 814
837 780
838 766
841 777
842 789
846 839
847 783
849 815
851 752
854 940
857 794
858 866
859 856
860 807
862 820
863 842
865 828
871 834
875 817
878 829
879 870
881 811
883 847
890 857
894 859
897 795
901 932
905 804
912 884
915 812
923 869
925 886
928 862
929 849
930 843
938 909
939 881
940 947
942 914
948 915
951 880
953 917
954 887
956 967
965 1003
974 926
975 986
977 1032
984 976
985 963
987 1012
989 928
991 946
992 1034
1005 1021
1006 1071
1010 1006
1011 1108
1024 1114
1025 1074
1026 1093
1030 1001
1035 1098
1043 1121
1048 1138
1055 1139
1056 1130
1062 1118
1063 1091
1064 1122
1065 1081
1067 1161
1070 1131
1073 1145
1074 1126
1075 1153
1076 1165
1080 1196
1083 1146
1087 1203
1088 1210
1093 1198
1097 1264
1099 1216
1102 1237
1107 1245
1120 1265
1123 1271
1124 1319
1128 1302
1133 1260
1134 1288
1137 1250
1138 1263
1140 1282
1143 1261
1156 1342
1157 1308
1159 1359
1162 1362
1166 1345
1170 1353
1172 1350
1175 1356
1183 1373
1188 1403
1191 1372
1195 1448
1197 1386
1198 1377
1204 1443
1205 1399
1208 1487
1211 1404
1212 1411
1220 1461
1222 1417
1223 1469
1228 1440
1229 1444
1235 1466
1236 1470
1240 1481
1243 1497
1246 1464
1247 1536
1248 1589
1251 1471
1252 1447
1253 1508
1255 1489
1257 1540
1258 1504
1259 1474
1260 1482
1263 1516
1264 1512
1265 1509
1266 1491
1273 1498
1274 1499
1280 1561
1281 1517
1287 1522
1288 1518
1291 1515
1299 1533
1300 1609
1302 1531
1309 1559
1321 1577
1329 1582
1332 1553
1340 1595
1342 1601
1353 1656
1362 1599
1365 1625
1368 1652
1369 1616
1371 1668
1372 1642
1373 1670
1375 1631
1380 1677
1383 1637
1389 1713
1392 1724
1394 1640
1403 1699
1409 1681
1413 1723
1417 1664
1419 1725
1420 1705
1421 1674
1422 1731
1443 1759
1444 1786
1454 1773
1457 1781
1459 1816
1460 1774
1464 1818
1465 1789
1467 1765
1469 1826
1470 1831
1474 1836
1476 1827
1477 1782
1479 1870
1480 1843
1491 1840
1499 1872
1503 1889
1517 1894
1523 1884
1527 1895
1531 1883
1532 1867
1541 1941
1542 1892
1544 1878
1551 1914
1553 1925
1559 1929
1561 1944
1562 1910
1566 1918
1572 1964
1586 1931
1590 1938
1594 1957
1596 1975
1599 1978
1604 1940
1611 1961
1612 1927
1617 1945
1619 1994
1620 1999
1623 2011
1624 2001
1626 2043
1631 2010
1641 2022
1643 1977
1644 2047
1645 2066
1652 1982
1654 2045
1660 2086
1661 2063
1662 2040
1663 1997
1668 2058
1669 2039
1677 2083
1683 2023
1684 2008
1689 2093
1691 2146
1693 2107
1694 2101
1696 2118
1702 2080
1705 2125
1707 2104
1709 2102
1710 2094
1712 2129
1715 2110
1728 2115
1742 2131
1743 2132
1745 2128
1748 2152
1749 2159
1754 2170
1755 2201
1759 2154
1764 2165
1772 2142
1777 2169
1780 2181
1783 2168
1786 2218
1793 2138
1801 2135
1814 2232
1819 2259
1826 2253
1827 2260
1838 2273
1840 2174
1850 2223
1851 2188
1854 2241
1866 2281
1867 2270
1884 2283
1897 2290
1899 2238
