f_0082958.png f_0082876.png
1 418
12 104
31 134
38 278
39 261
73 266
76 271
104 154
112 449
130 675
147 256
161 316
173 270
179 371
182 509
193 606
197 294
232 372
246 636
252 411
259 406
260 431
264 327
274 240
278 641
281 302
289 171
295 446
307 353
318 377
340 466
351 408
364 465
376 482
425 467
462 455
473 513
491 427
523 409
536 535
559 472
561 348
562 275
597 550
603 621
611 391
613 501
625 579
626 505
647 802
663 394
671 642
673 558
683 461
687 569
697 523
713 588
724 639
727 858
729 538
744 655
745 594
748 728
749 913
764 677
765 822
772 816
779 580
787 703
796 756
806 709
814 415
827 469
831 830
845 644
855 656
866 723
878 502
880 910
894 508
907 543
930 764
965 564
966 570
967 546
968 557
1008 805
1034 951
1038 614
1054 784
1069 994
1100 672
1102 1025
1105 996
1113 877
1135 737
1169 666
1188 1074
1190 1076
1199 967
1214 739
1229 987
1232 791
1237 1087
1258 1094
1261 796
1282 938
1290 978
1294 1098
1311 955
1313 818
1329 968
1341 867
1342 833
1354 1171
1355 1136
1358 870
1368 1134
1392 860
1418 1002
1437 1162
1472 792
1510 1257
1521 895
1523 1285
1528 979
1550 1233
1553 929
1554 1287
1570 969
1580 1071
1593 878
1598 1007
1613 1022
1643 918
1661 1115
1672 1298
1680 1288
1710 999
1713 1312
1732 1313
1735 1166
1747 1183
1779 1195
1789 1212
1796 1200
1804 1178
1824 1309
1905 1396
1916 1520
1923 1160
1960 1380
1965 1355
1981 1384
2010 1474
2059 1329
2099 1387
2104 1299
2125 1386
2355 1639
