f_0082924.png f_0082724.png
55 71
84 101
128 271
189 47
216 59
217 60
315 162
436 431
450 239
451 66
467 476
470 97
484 296
602 753
625 648
662 102
670 603
683 274
735 721
743 83
751 610
773 255
793 451
798 836
859 931
880 950
900 754
904 390
917 46
947 900
971 392
977 802
1021 830
1039 647
1044 580
1096 1039
1097 420
1117 251
1118 132
1122 151
1127 1067
1131 708
1154 202
1163 1046
1168 122
1181 804
1188 1036
1200 702
1202 234
1205 865
1209 719
1242 703
1269 230
1285 641
1327 669
1348 574
1392 1182
1403 986
1410 1125
1422 873
1445 962
1448 960
1449 750
1479 694
1488 765
1516 993
1528 1008
1541 1170
1556 1062
1580 1043
1583 766
1584 709
1585 676
1591 788
1592 738
1607 446
1615 559
1655 826
1663 722
1698 416
1706 807
1727 744
1730 906
1746 782
1759 839
1760 666
1763 1210
1770 1019
1795 700
1803 1240
1805 732
1849 1081
1863 955
1865 674
1902 944
1903 909
1915 1403
1921 1184
1930 982
1932 998
1951 1070
1956 1236
1957 1025
1963 927
1965 1232
1979 1026
1980 994
1997 1294
1998 989
2001 1278
2006 1020
2015 1218
2022 1049
2070 1215
2073 1075
2074 1065
2079 913
2090 1084
2097 957
2102 1162
2107 506
2125 1096
2134 1148
2142 1285
2163 1286
2179 904
2191 1204
2200 1395
2214 1224
2245 1045
2294 1513
2306 1418
2348 1305
2364 1005
2411 1380
2435 1364
2456 1862
2492 1321
2518 1370
2567 1456
2574 1311
2609 1757
2612 1163
2652 1451
2791 1736
2820 1670
2846 1750
2888 1754
2889 2023
2905 1856
2920 2024
2921 1857
