f_0082912.png f_0082858.png
0 1780
32 2753
71 1049
96 43
113 2824
118 1125
130 2841
137 5
197 1108
209 1501
240 1720
328 189
360 228
428 402
434 1057
437 1602
472 1661
477 2906
500 1398
504 232
566 922
587 305
593 1
631 1186
661 2828
704 1009
767 2300
881 1356
888 158
895 1518
1003 2077
1011 2305
1030 2804
1035 2834
1047 1722
1100 759
1105 2631
1110 263
1115 154
1145 2698
1162 2878
1180 1931
1251 1807
1268 2452
1285 2318
1299 747
1313 2724
1431 1339
1452 2465
1504 237
1521 1059
1531 2312
1610 214
1683 641
1702 2106
1803 1975
1823 2623
1838 1360
1872 2182
1882 2075
1883 1479
1890 933
1900 1585
1943 2505
1961 2063
1982 2533
2020 2977
2042 1729
2058 2125
2081 1381
2096 1107
2133 1616
2136 1816
2146 351
2167 1233
2259 2336
2321 964
2328 2946
2344 1140
2472 2362
2513 367
2552 290
2566 2135
2584 2889
2653 547
2657 2733
2762 560
2780 457
2814 353
2834 2384
2894 1793
2956 990
2997 2314
