f_0082620.png f_0082968.png
1 8
2 36
57 40
92 599
93 593
116 27
142 755
154 361
200 312
201 42
203 219
207 270
216 1055
257 515
274 384
310 347
319 479
324 142
339 250
344 1348
347 539
355 523
364 950
372 707
376 1107
380 549
384 961
389 952
398 985
403 995
410 1166
412 1610
424 345
444 1159
457 530
461 434
462 401
469 731
471 1293
477 730
483 1715
521 983
539 1177
547 779
551 883
552 1203
567 1821
568 753
607 1692
610 1146
613 505
620 1215
677 1349
685 1735
697 2029
698 1962
706 896
720 1563
726 1309
733 2134
758 1521
761 2077
778 1365
780 1457
794 1626
807 837
809 1193
811 1744
821 1076
830 1276
831 868
833 1119
841 1935
850 1967
870 1400
871 1451
874 1670
881 1913
913 1733
923 1781
926 1784
938 1530
940 1068
947 1825
960 2087
968 1739
973 1932
974 2099
982 1653
983 1789
1028 1829
1032 1849
1035 1332
1036 1898
1045 1800
1053 2226
1060 1985
1061 2006
1072 1863
1075 1814
1077 1904
1091 1867
1094 2117
1117 2022
1134 1501
1142 2337
1170 2115
1174 1955
1179 2304
1211 2283
1328 1865
1338 2185
1342 2209
1346 2280
1372 1991
1374 1983
1382 1933
1409 2239
1420 2333
1465 2345
1494 2358
1553 2153
1598 2176
1695 2169
1704 2263
