f_0082868.png f_0082876.png
0 653
1 439
2 353
4 1572
5 1670
6 1578
7 411
8 1382
11 389
12 1613
13 675
14 1093
15 446
17 954
18 658
24 645
25 119
28 1610
30 1568
32 930
37 1133
40 1015
41 598
45 1924
48 377
49 708
52 191
53 398
55 372
57 1790
58 6
62 1842
66 437
68 1433
82 318
85 1679
86 1996
87 422
88 256
89 1601
91 697
92 1172
96 173
97 512
101 1401
109 1981
113 435
116 647
120 1205
122 1639
124 36
127 1513
129 1178
130 536
132 1617
135 1453
137 1473
140 316
147 1734
151 337
152 410
154 402
155 1039
163 1199
165 1152
168 673
169 1287
173 221
175 641
178 733
179 545
180 1183
181 766
183 868
186 712
190 1312
197 717
200 2002
204 368
210 857
211 1226
213 265
217 385
228 1631
231 1506
232 767
238 603
239 755
242 656
245 118
247 959
248 1188
249 1020
251 661
256 72
260 1117
264 1475
265 1385
266 1038
273 1522
274 1864
275 1637
281 1458
285 1480
286 1662
291 314
307 1657
308 22
309 1949
312 50
315 1066
319 1591
320 1265
321 236
322 58
324 834
325 1804
331 409
334 1200
341 849
346 74
357 96
359 1059
361 394
365 263
366 1097
369 375
386 1371
390 1192
391 1359
397 43
402 1443
403 228
406 680
409 701
410 905
421 1752
424 1202
425 914
428 1076
430 620
433 556
436 935
439 746
442 828
443 1158
446 225
447 1724
450 1585
455 672
461 933
463 1174
464 678
467 604
468 902
475 1573
479 1650
486 219
489 1154
491 59
493 1037
495 1799
497 794
506 940
511 1313
512 1327
514 18
517 727
522 1228
524 670
527 1384
533 1770
534 851
539 1946
540 539
541 383
547 793
553 1550
554 240
555 414
560 1414
561 384
562 39
568 973
570 756
573 419
578 1071
580 984
581 179
591 250
594 1930
595 1222
596 502
601 538
603 1688
607 1254
608 1236
610 775
611 461
614 771
615 1549
616 637
617 1832
618 1599
623 201
635 1691
661 1654
662 1427
665 894
666 652
670 710
680 349
687 1148
688 1906
692 1827
698 901
704 38
709 1046
713 551
722 1363
724 1350
736 872
737 1589
745 176
746 760
750 1447
758 1253
763 705
764 289
765 300
767 773
769 1345
772 542
776 1653
777 1900
781 83
786 1590
787 1728
791 980
801 2
810 1125
812 1334
814 924
817 171
820 1100
821 1871
826 1615
831 772
833 19
834 996
835 1303
836 1481
840 937
841 745
843 1314
847 1171
851 231
865 345
870 138
872 2012
873 535
875 862
878 638
879 994
882 1470
891 1595
899 1456
901 810
902 5
906 299
914 757
915 1530
919 1451
924 198
940 1247
944 479
951 48
958 1298
965 447
968 875
969 1634
990 835
1001 741
1003 692
1011 845
1017 1593
1018 338
1022 687
1023 350
1025 1507
1027 1276
1032 579
1034 1554
1041 1195
1045 543
1049 1001
1053 654
1058 627
1059 63
1061 554
1062 1166
1065 202
1066 21
1071 1140
1072 725
1074 1193
1081 1142
1085 1699
1086 1707
1095 342
1096 1315
1099 607
1102 595
1108 981
1110 1834
1111 666
1113 1270
1120 366
1123 1428
1127 590
1129 1939
1132 382
1133 854
1145 1241
1149 1815
1155 1022
1159 1405
1162 85
1167 483
1170 972
1176 1301
1177 391
1183 1739
1185 679
1186 1141
1189 1051
1191 260
1197 546
1199 786
1202 1229
1206 1676
1208 1561
1214 1660
1217 1746
1218 501
1219 640
1232 13
1235 451
1241 1167
1251 1819
1252 1560
1255 1581
1256 1837
1258 1028
1261 597
1262 570
1264 805
1265 663
1277 1989
1282 1357
1283 42
1284 837
1288 244
1291 1523
1299 82
1304 1594
1309 1655
1311 270
1313 594
1315 1002
1318 1524
1319 1677
1326 212
1327 1636
1328 1538
1339 651
1342 127
1346 10
1348 567
1356 1956
1357 1557
1364 611
1367 931
1368 1227
1369 682
1379 1543
1388 1926
1395 242
1396 1435
1405 827
1408 774
1419 214
1426 1725
1428 832
1431 1515
1433 1290
1434 281
1436 1187
1437 311
1446 1074
1447 1800
1456 275
1462 1280
1470 1258
1471 615
1476 1249
1477 1714
1482 1047
1484 487
1492 404
1501 993
1508 1600
1515 1562
1519 939
1520 1680
1524 1486
1526 1267
1528 1179
1529 1033
1531 319
1534 1292
1539 330
1545 293
1550 1846
1551 783
1561 1264
1562 160
1563 1896
1566 761
1570 601
1575 1884
1577 1395
1581 1278
1584 1719
1586 1851
1587 527
1592 1279
1593 815
1605 327
1606 25
1607 174
1608 1376
1611 1649
1616 1044
1618 1445
1624 869
1630 1822
1635 1198
1636 450
1642 1901
1644 1081
1647 351
1650 378
1652 1030
1653 569
1664 889
1667 1145
1670 291
1672 609
1673 264
1682 1250
1683 1026
1688 1194
1697 1882
1705 956
1707 379
1708 99
1710 77
1711 1685
1715 947
1719 730
1722 770
1723 1494
1728 1664
1730 1070
1744 1400
1745 1830
1747 1343
1748 1234
1752 1392
1755 1459
1762 1418
1763 1957
1764 528
1765 932
1767 949
1772 1079
1778 302
1780 1415
1781 455
1787 1659
1798 1094
1799 100
1802 945
1812 583
1813 1464
1814 468
1819 436
1821 510
1826 1075
1832 1559
1842 1668
1844 716
1845 803
1852 485
1856 1566
1857 397
1861 1745
1870 923
1877 1348
1878 321
1882 1286
1887 1332
1891 1744
1893 1295
1895 2001
1896 580
1900 1666
1906 1082
1908 1825
1911 1596
1912 1330
1913 1413
1914 131
1924 1514
1932 257
1934 49
1936 1692
1937 1050
1939 689
1940 918
1943 150
1948 1021
1949 1843
1953 1182
1956 1223
1959 1715
1963 1471
1965 643
1966 533
1969 821
1976 497
1982 254
1984 724
1986 1469
1990 540
1994 944
2000 983
2005 312
2011 753
2016 608
2018 1817
2022 649
2036 1584
2039 143
2052 309
2054 1369
2058 440
2059 1261
2061 130
2072 462
2073 987
2083 407
2084 787
2087 425
2088 1787
2091 1411
2092 1674
2093 642
2097 909
2101 718
2109 1768
2110 54
2111 1500
2113 629
2116 1240
2120 1432
2121 922
2122 877
2129 1501
2136 2025
2146 1124
2149 971
2150 449
2153 1873
2159 764
2167 1031
2169 1448
2172 486
2175 86
2176 269
2185 303
2191 1518
2192 841
2193 1520
2195 1017
2204 1491
2210 688
2217 154
2223 137
2232 1341
2233 1905
2241 861
2243 1248
2251 156
2255 549
2256 751
2272 78
2275 339
2277 56
2278 1868
2280 1442
2283 800
2285 1759
2286 163
2289 995
2295 132
2296 430
2301 98
2303 1084
2306 65
2307 1136
2323 1721
2331 288
2333 951
2334 493
2346 1977
2352 1915
2357 452
2366 28
2372 401
2373 1024
2378 684
2381 1701
2385 1658
2394 1720
2395 1380
2404 906
2406 1492
2407 418
2410 763
2413 1512
2415 467
2417 1110
2431 1958
2434 1285
2436 1923
2438 1607
2442 792
2448 1025
2449 1606
2455 1925
2464 32
2465 1457
2471 346
2482 571
2484 1988
2489 573
2491 301
2495 1517
2497 602
2498 68
2499 823
2502 1268
2516 617
2519 1489
2522 1008
2525 731
2526 977
2527 904
2530 460
2535 175
2537 64
2539 1190
2540 913
2544 1856
2548 748
2549 308
2551 776
2557 1011
2560 1184
2561 1440
2564 142
2566 1482
2568 1727
2576 157
2577 363
2580 413
2581 1128
2582 925
2591 1217
2599 209
2608 1991
2609 224
2610 853
2611 1493
2618 1153
2624 729
2633 952
2639 1381
2642 636
2659 1545
2664 847
2677 187
2680 1185
2691 332
2699 1123
2700 1863
2702 825
2708 46
2711 1029
2715 211
2717 348
2730 347
2732 1275
2734 514
2747 373
2758 1095
2765 1974
2766 1937
2780 1096
2785 1277
2789 1368
2795 1504
2799 376
2809 496
2812 1
2815 217
2818 1603
2819 610
2821 408
2826 320
2829 94
2842 795
2845 1214
2847 164
2852 432
2864 736
2868 585
2870 796
2871 552
2872 1242
2880 785
2881 1307
2882 1521
2888 1061
2889 1540
2905 1335
2908 1360
2916 199
2925 1462
2932 704
2933 888
2938 245
2939 110
2940 126
2941 134
2942 1091
2943 255
2944 1324
2945 162
2946 170
2948 37
2949 238
2951 1716
2955 454
2962 1508
2963 1398
2967 1730
2970 1935
2972 251
2973 1213
2978 123
2980 1009
2984 1288
2987 1987
2989 1638
2994 273
2997 2018
