f_0082702.png f_0082942.png
79 49
98 138
104 131
114 148
119 130
120 162
130 378
132 35
142 248
180 199
208 241
210 176
226 433
232 489
235 333
236 295
238 566
251 194
252 217
258 245
281 183
305 431
316 444
323 417
356 545
369 655
376 430
377 471
395 598
397 461
411 275
412 767
415 849
421 624
425 435
449 481
461 671
462 663
463 790
469 107
470 616
472 710
475 739
496 782
504 812
507 164
514 621
520 819
524 155
532 510
541 692
544 266
548 614
552 256
568 465
575 724
579 826
580 840
589 746
590 1011
591 894
602 846
614 301
615 480
620 923
625 559
635 948
638 816
639 922
641 1037
646 913
649 367
659 1002
664 856
666 971
670 1096
672 1069
676 660
677 382
681 871
683 976
693 825
694 978
702 942
707 946
712 697
714 970
721 925
725 985
728 912
737 945
747 1102
753 1159
757 390
759 1187
774 1163
778 1080
786 1166
788 1194
798 425
806 716
810 1126
827 613
829 1265
838 1222
848 1347
851 1186
853 904
863 934
864 1250
871 1237
877 1225
890 1230
891 1261
892 1346
894 1107
895 1123
905 1243
914 1136
919 1390
925 984
929 1148
931 1294
934 1325
935 1354
944 1322
945 1307
956 1288
957 1247
961 1118
973 1442
980 1171
982 1267
1017 1507
1022 1156
1023 1245
1028 1028
1032 1111
1039 1293
1041 1491
1048 1482
1056 1524
1059 1292
1060 1312
1067 1286
1078 1242
1080 1530
1084 1332
1085 1434
1094 1392
1095 1485
1098 1405
1108 1383
1118 1443
1165 1521
1172 1510
1183 1543
1197 1630
1200 1528
1203 1555
1210 1072
1211 1549
1212 1572
1218 1604
1222 1649
1232 1382
1237 1587
1253 1402
1255 1621
1256 1639
1266 1701
1268 1609
1279 1647
1280 1627
1281 1661
1284 1653
1301 1715
1308 1586
1311 1623
1317 1780
1323 1683
1339 1703
1352 1746
1360 1713
1363 1733
1373 1727
1375 1717
1378 1840
1401 1758
1412 1744
1420 1736
1421 1796
1443 1812
1444 1809
1454 1856
1458 1679
1477 1732
1488 1896
1489 2008
1490 1901
1496 1931
1503 1980
1513 1991
1515 1979
1518 1788
1532 2015
1540 1959
1556 2024
1569 1739
1581 2049
1600 2023
1612 2089
1619 2275
1624 2260
1631 2303
1668 2386
1730 2334
1740 2539
1816 2512
