f_0082776.png f_0082928.png
5 837
23 732
28 1293
36 747
52 571
81 988
125 533
131 1462
153 1254
155 693
162 1498
176 602
207 829
220 835
228 834
234 211
242 210
244 818
245 1003
254 1183
261 817
264 802
278 886
284 1656
287 568
290 757
291 995
302 1127
313 949
331 1137
365 686
383 1007
384 1008
423 1056
426 1960
442 708
461 1165
462 1215
472 1761
493 651
500 1006
522 1669
546 1097
566 1366
582 1320
618 1643
623 1341
628 1164
633 1326
638 1206
642 1542
649 1487
663 1448
664 1062
665 1188
666 1225
667 1583
669 1760
670 2100
675 2252
680 1404
686 1531
693 920
701 1383
702 1625
712 1582
713 1943
722 1447
733 1730
742 1365
743 1754
752 1791
755 1233
756 1446
757 1597
758 1832
761 1692
769 1667
771 1023
778 993
787 1845
792 1120
795 2035
797 1586
806 1745
812 1817
821 1107
822 1617
827 1169
828 1652
836 1308
848 1622
850 1535
863 1313
868 1192
876 1302
892 1382
893 1639
901 2424
907 1868
908 1935
921 1934
922 1922
926 1635
934 1967
937 1312
938 1726
941 1798
948 948
962 1684
982 2258
993 2064
1005 1647
1011 1867
1012 1898
1018 1528
1020 2060
1038 2016
1064 1550
1067 1821
1073 2009
1113 1950
1130 2075
1150 2049
1158 1468
1166 2371
1178 1696
1188 2076
1189 1596
1196 1460
1197 1507
1207 2300
1211 1247
1212 1574
1213 1709
1219 1752
1222 1717
1228 1567
1230 1962
1236 1414
1237 2377
1238 2176
1242 1805
1257 1882
1261 1933
1274 1939
1279 1877
1281 2131
1291 1976
1295 1672
1296 1920
1301 1473
1305 2192
1310 2343
1330 2007
1336 2289
1342 2132
1345 1547
1347 2028
1358 2005
1361 2181
1363 2227
1364 1645
1370 2124
1373 1612
1378 2087
1394 1940
1397 2089
1408 2605
1411 2119
1417 2265
1426 1579
1445 2351
1462 2333
1474 2634
1476 1978
1484 1595
1485 2086
1490 2495
1508 2297
1509 2411
1511 2218
1515 1975
1518 2439
1527 2114
1528 2186
1541 2180
1582 2050
1650 2135
1689 2488
1731 2427
1737 2474
1922 2151
1924 2237
1931 2632
2017 2126
2027 2458
2035 2157
2109 2329
