f_0082882.png f_0082958.png
131 259
133 147
141 42
183 361
207 239
209 342
215 226
238 206
240 343
244 310
251 523
255 838
266 364
285 403
289 115
295 323
296 417
307 218
311 339
315 511
318 476
345 603
348 577
364 634
369 638
383 724
389 720
390 715
430 799
437 795
438 793
443 897
448 905
461 1008
467 913
481 1185
482 1031
515 877
528 1162
561 1253
566 1102
568 1316
587 1239
589 1202
607 1275
609 1263
632 1237
633 1314
657 1236
663 1474
686 1380
690 1363
729 1616
739 1668
749 1690
752 1550
757 1434
759 1555
760 1697
762 1719
769 1610
772 1667
778 1760
780 1759
789 1680
796 1732
804 1573
862 1889
873 2098
889 2020
903 2010
926 1828
933 2246
943 2266
944 2267
947 1800
969 2231
972 2193
978 2264
982 2320
1014 2376
1021 2295
1025 1927
1088 1942
