f_0082412.png f_0082868.png
40 1890
54 2721
56 488
82 2246
90 785
138 1929
209 1851
227 269
233 1955
237 486
250 1004
270 811
287 1867
304 96
309 1288
318 1243
338 2488
367 94
371 1044
420 1226
466 41
469 2098
483 699
514 1131
516 881
568 2022
616 411
674 974
771 2357
795 1628
798 877
807 184
808 856
820 1570
827 2296
858 1709
884 2551
893 2283
894 549
923 1220
949 2499
972 2610
1011 97
1023 1465
1077 425
1089 1505
1165 2888
1177 898
1236 1566
1239 2140
1305 2141
1352 284
1357 1721
1361 834
1413 879
1578 812
1612 37
1802 1353
1897 1107
1944 1512
2045 1877
2708 2392
