f_0082868.png f_0082642.png
10 1661
12 1772
60 1857
87 71
105 1363
106 879
110 2241
116 123
130 63
234 1531
244 1215
247 790
307 1951
327 1346
381 1621
463 976
473 1316
493 911
533 2065
566 726
569 1322
578 708
595 1030
610 319
640 2243
647 1858
650 1768
658 1715
664 1645
757 2014
761 1751
806 1814
821 2041
853 1846
892 1416
893 1213
972 1256
1002 460
1020 1514
1043 1260
1053 156
1104 1129
1155 591
1175 1360
1253 878
1267 1036
1357 1741
1360 1862
1432 31
1489 2149
1507 1186
1556 2133
1579 1747
1622 1709
1653 76
1696 930
1793 480
1803 890
1818 571
1853 2047
1995 1662
2005 24
2032 1810
2064 828
2099 803
2107 1699
2177 1027
2187 1800
2208 643
2216 1482
2256 553
2430 1698
2524 838
2540 756
2615 2219
2627 645
2687 351
2695 1428
2738 1840
2754 1828
2765 2213
2795 1519
2813 1304
2832 541
2854 624
2864 198
2877 1820
2889 1677
2910 2220
2915 1252
2963 1382
2974 1088
