f_0082882.png f_0082492.png
51 33
71 307
74 127
100 403
106 185
116 251
119 250
133 293
146 546
149 337
160 367
165 253
168 366
182 317
188 469
196 375
207 493
208 460
209 424
213 372
215 512
221 395
222 392
225 432
235 525
238 760
251 472
260 514
262 503
272 586
280 495
282 668
290 680
293 551
295 748
299 740
304 1042
308 719
311 854
319 733
324 851
326 653
345 855
365 689
379 752
388 911
391 1175
410 886
426 872
433 1110
438 1162
442 1105
447 1099
470 1169
472 1176
481 1062
494 1388
520 1337
528 1331
546 1434
566 1592
599 1570
600 1498
607 1583
611 1593
615 1690
626 1706
640 1919
687 1707
691 1661
699 1942
728 1858
737 1931
752 1914
784 2069
829 1949
831 2244
834 1967
872 2097
913 2210
914 2211
917 2398
932 2218
962 2354
980 2444
989 2399
990 2341
993 2366
1013 2434
1018 2408
1045 2460
1103 2436
1128 2556
