f_0082924.png f_0082670.png
2 193
9 41
19 350
28 153
31 180
42 260
43 245
51 102
61 164
65 263
72 292
73 284
74 242
75 154
79 239
80 140
83 247
84 144
86 241
87 181
88 485
94 64
103 423
124 264
128 332
149 514
151 392
153 330
157 121
167 364
172 363
177 356
180 380
183 271
195 277
201 265
210 314
211 272
219 174
222 367
223 345
224 227
232 481
233 393
243 584
246 297
256 162
258 461
260 417
265 200
276 543
278 428
279 368
285 328
291 386
297 515
300 413
303 443
313 403
326 475
328 369
331 484
332 397
349 446
350 294
351 231
358 229
361 562
373 404
374 329
387 511
397 506
398 486
406 677
412 353
414 266
417 512
418 430
438 370
439 270
440 281
448 341
463 347
468 351
470 310
474 490
477 715
486 517
489 257
494 410
495 315
501 630
509 591
511 399
518 550
520 431
528 333
530 348
534 601
535 577
540 650
553 385
554 365
562 673
569 620
579 383
584 358
589 563
590 372
593 589
598 639
606 419
607 420
616 605
617 472
635 530
638 615
641 388
654 647
660 448
661 447
663 411
669 671
670 619
673 437
678 616
679 697
681 436
691 724
697 467
702 491
724 477
731 439
737 513
741 678
746 668
754 507
758 374
763 509
770 743
775 800
782 524
791 519
799 768
800 662
807 634
813 547
819 752
823 631
827 658
831 564
835 822
845 794
847 556
851 637
861 687
868 636
882 728
886 644
896 653
898 597
910 626
912 1003
916 621
919 679
926 912
927 674
929 559
932 823
938 640
950 924
951 708
953 582
960 845
970 834
972 1069
984 694
997 991
999 645
1004 670
1008 953
1009 898
1020 696
1039 835
1049 1005
1067 928
1069 786
1072 765
1093 785
1094 790
1097 801
1101 655
1102 1206
1106 986
1128 1024
1135 909
1144 827
1145 1133
1146 1104
1148 830
1170 1017
1179 847
1194 1172
1200 915
1203 1287
1204 1071
1208 1039
1209 914
1213 904
1214 1288
1215 974
1216 888
1227 867
1230 903
1231 1294
1232 1140
1233 1018
1236 846
1237 1045
1256 1072
1263 792
1265 1073
1272 875
1273 856
1274 1118
1279 879
1280 1344
1288 1090
1289 955
1310 1082
1314 1029
1316 1015
1321 984
1333 1065
1334 978
1342 1052
1353 1148
1354 1141
1356 1006
1366 1197
1369 1149
1393 1056
1395 949
1398 1012
1400 1142
1401 1079
1406 1183
1422 1099
1426 1426
1427 1201
1429 1080
1434 965
1441 1075
1443 951
1444 1074
1448 1173
1452 966
1455 1213
1457 1143
1458 1119
1461 971
1466 1237
1469 982
1473 1259
1483 994
1488 1083
1493 1050
1495 1077
1496 1027
1501 1184
1502 1092
1505 1016
1508 1504
1509 1414
1519 1021
1521 1188
1528 1218
1531 1032
1537 1132
1542 1314
1553 1048
1558 1431
1562 1121
1564 1346
1566 1537
1575 1059
1577 1459
1578 1403
1583 1157
1584 1101
1585 1076
1590 1242
1591 1156
1594 1020
1606 1159
1608 1078
1609 1587
1618 1208
1621 1375
1624 1137
1637 1086
1640 1487
1650 1211
1660 1283
1662 1377
1664 1666
1667 1256
1668 1231
1675 1193
1681 1271
1685 1572
1688 1265
1700 1190
1710 1276
1711 1252
1712 1238
1716 1302
1725 1253
1726 1215
1730 1277
1732 1225
1736 1474
1743 1605
1752 1428
1757 1387
1759 1261
1764 1335
1766 1579
1768 1305
1783 1161
1784 1396
1792 1362
1794 1290
1810 1320
1811 1284
1812 1304
1814 1307
1821 1388
1822 1366
1828 1349
1829 1354
1834 1351
1839 1781
1844 1472
1845 1330
1846 1350
1849 1442
1852 1699
1854 1378
1855 1790
1859 1291
1862 1593
1863 1398
1868 1379
1884 1718
1888 1421
1891 1538
1893 1682
1894 1498
1900 1322
1908 1540
1914 1476
1920 1774
1980 1577
1986 1565
1993 1569
2004 1832
2010 1878
2029 1513
2085 1944
2090 1632
2091 1984
2120 1881
2139 1584
2142 1692
2149 1629
2168 1860
2207 1769
2231 1661
2234 1846
2250 2001
2264 2018
2270 1626
2275 1839
2285 2026
2289 1644
2295 2006
2337 2038
2356 1900
2388 1948
2461 2159
2483 2092
2529 2107
2556 2065
2563 1827
2574 1908
2584 1958
2597 2078
2635 1965
2643 1911
2650 2068
2680 2194
2694 1991
2719 2056
2786 2176
2857 2015
