f_0082882.png f_0082926.png
128 87
131 37
133 76
141 58
143 74
147 81
149 103
154 79
156 36
157 292
162 131
165 218
166 333
168 124
174 90
182 222
196 256
207 254
209 304
225 368
230 388
241 453
244 318
263 487
265 234
267 468
279 484
283 265
287 595
290 405
291 555
297 482
299 449
307 413
308 495
311 445
312 473
315 421
320 635
325 538
327 612
340 718
343 467
346 698
348 573
355 712
357 774
365 716
368 535
372 757
373 485
387 614
390 695
397 528
400 868
404 694
405 777
406 526
415 708
420 941
422 950
424 609
426 912
433 795
435 562
438 789
441 893
443 854
447 864
448 865
451 991
454 799
462 1027
467 810
474 579
477 943
481 980
482 935
483 1085
486 1058
491 838
493 760
494 929
497 995
499 725
500 815
501 1031
504 762
509 1179
511 901
520 1048
523 814
524 978
527 960
538 1105
543 1198
547 1121
549 875
552 1223
558 1088
561 1159
563 1188
565 1039
568 1206
569 1247
574 1004
575 1171
579 1002
580 1222
581 1276
588 1214
594 977
596 1028
600 1213
602 1284
606 1203
610 1183
631 1036
632 1251
647 1407
653 1356
662 1227
663 1354
664 1429
666 1148
668 1481
671 1098
672 1370
674 1293
686 1403
689 1373
690 1402
693 1374
694 1434
700 1526
706 1433
711 1279
716 1549
717 1546
733 1507
737 1494
750 1597
753 1577
769 1548
779 1384
789 1658
796 1681
805 1639
814 1588
819 1815
828 1756
833 1862
835 1842
842 1773
853 1831
858 1909
862 1823
866 1926
871 1777
872 1878
878 1897
889 1962
891 2010
895 2064
896 1848
900 1998
906 1885
915 1997
921 2057
927 1931
928 2062
930 1942
938 1978
961 2189
978 2202
982 2268
989 1922
990 2120
999 2135
1001 2145
1022 2157
1039 2407
1059 2234
1072 2364
1075 2147
1090 2263
1106 2341
1115 2317
1143 2355
1164 2670
1180 2597
1181 2596
1182 2485
1188 2617
1227 2688
1290 2681
1309 2770
1340 2755
