f_0082702.png f_0082492.png
133 588
139 210
141 55
180 130
187 191
189 175
191 185
195 211
200 206
211 280
212 236
242 566
251 330
252 338
277 344
286 422
315 499
331 460
333 501
344 540
349 524
358 596
364 577
365 573
372 518
376 525
378 597
379 627
382 663
383 614
396 561
397 562
401 699
411 698
425 680
427 757
433 662
434 705
438 778
443 576
450 732
452 828
453 809
459 859
460 808
464 846
470 724
475 797
477 777
486 889
487 927
495 957
496 656
514 885
525 1022
526 989
548 1024
556 1023
564 1124
568 1020
584 1149
586 1147
598 1089
619 1094
627 1139
634 1095
638 1096
644 1247
645 1155
664 1105
665 1220
668 1289
678 1121
679 1309
680 1348
686 1251
701 1292
712 1383
720 1466
722 1176
733 1214
734 1185
742 1101
762 1374
770 1517
790 1434
799 1566
806 1585
807 1476
852 1669
853 1607
863 1592
866 1398
873 1551
885 1709
886 1574
889 1455
901 1642
914 1593
915 1583
925 1752
930 1543
955 1782
957 1623
971 1690
985 1828
996 1802
1033 1761
1037 1653
1040 1661
1046 1943
1053 1814
1059 1891
1060 1886
1061 1804
1088 1707
1094 1859
1098 1834
1128 1931
1150 2024
1154 1878
1157 1869
1161 1811
1166 1964
1171 2196
1172 1965
1183 1853
1184 1968
1190 1872
1194 1932
1200 2028
1204 1940
1211 1948
1214 2157
1217 1982
1236 1860
1263 1992
1276 2008
1311 2030
1321 2102
1322 2108
1328 2031
1330 2291
1357 2528
1363 2123
1375 2194
1379 2225
1387 2138
1531 2308
1541 2348
1557 2395
1563 2310
