f_0082882.png f_0082642.png
229 6
245 203
253 18
263 166
325 29
350 171
392 231
407 287
413 600
437 307
446 331
470 344
499 789
501 385
515 571
531 796
542 554
566 775
579 1068
589 670
598 671
602 531
613 549
643 791
647 652
666 1034
672 905
675 842
680 759
682 1243
690 955
704 958
706 970
716 910
740 925
763 850
806 1105
816 1345
845 1381
889 1444
917 1787
922 1818
957 2137
976 1630
978 1698
988 2154
990 2156
998 2169
1001 2183
1029 2141
1063 2058
1084 2163
1094 2103
1099 2100
1109 2060
1115 2220
