f_0082558.png f_0082452.png
11 7
30 231
32 1387
35 89
42 651
43 311
46 1200
51 5
60 1013
72 630
93 600
97 1261
124 1226
135 1619
155 1416
157 1912
165 85
169 113
172 1158
175 1454
185 814
198 1410
200 1118
205 1428
217 222
219 477
227 1875
234 1378
247 103
248 935
251 241
252 1499
253 1120
271 1626
273 863
277 1093
287 1570
288 1081
296 1877
308 1422
310 215
314 1565
316 1128
325 964
335 19
356 164
368 579
373 1848
375 374
379 412
382 785
385 243
392 1736
395 265
405 1050
421 1470
426 446
430 1175
444 100
451 1115
459 858
482 574
490 1885
491 1220
494 1473
500 1635
510 1981
512 511
519 1770
521 60
522 704
553 1157
562 502
563 35
571 147
574 1317
579 1238
592 44
593 543
595 865
596 204
599 1921
600 397
602 908
610 1173
611 1458
614 809
619 1046
621 1756
622 1604
625 501
634 618
656 239
658 1052
663 1203
669 422
670 1792
677 1662
683 1598
687 1421
689 469
695 364
705 1341
712 1592
720 584
722 736
731 1122
732 312
746 1634
775 208
780 878
784 365
787 303
790 1440
796 182
831 984
834 187
841 196
877 226
884 555
887 492
894 269
895 1630
899 1315
903 1482
916 1362
920 132
929 1514
939 70
942 1405
943 1453
947 1149
948 1129
957 929
959 1579
960 209
961 545
969 1236
970 961
984 944
992 1777
1006 1221
1007 918
1012 1825
1027 1037
1036 919
1039 1265
1044 15
1084 1100
1090 1847
1101 1368
1105 1720
1109 1588
1119 1892
1127 425
1131 220
1133 1647
1142 1512
1169 1319
1177 1294
1186 1400
1190 1704
1191 1468
1195 1834
1199 84
1201 568
1206 461
1216 1390
1224 794
1227 1706
1245 1290
1266 436
1277 1492
1289 318
1304 343
1306 696
1325 1480
1327 1460
1330 539
1338 270
1366 823
1372 1631
1376 958
1387 91
1388 201
1390 11
1397 1965
1408 991
1409 1178
1411 1638
1412 1353
1413 762
1419 1728
1448 1197
1484 1185
1485 1806
1495 439
1496 1608
1511 1474
1513 710
1524 1166
1545 1126
1547 235
1548 1244
1584 1810
1586 796
1603 626
1604 1101
1619 1092
1627 392
1628 803
1636 1088
1647 992
1664 498
1671 198
1672 1585
1676 792
1678 1599
1685 385
1686 1713
1702 1523
1712 399
1724 259
1726 88
1728 588
1730 547
1736 121
1747 1493
1773 1288
1787 98
1795 1214
1811 418
1816 1729
1830 1578
1833 891
1835 152
1842 1456
1843 837
1845 1343
1856 28
1876 1257
1884 839
1886 1700
1888 1403
1894 118
1904 1509
1905 405
1912 217
1933 1258
1944 95
1958 1182
1987 786
1996 487
2015 1763
2018 1262
2019 335
2036 1476
2037 1798
2041 1176
2054 922
2055 1070
2069 1222
2078 527
2087 1355
2112 1337
2115 680
2119 1219
2122 299
2131 1090
2132 1441
2143 126
2146 1517
2165 894
2175 256
2178 1089
2185 1581
2191 1503
2206 603
2213 947
2216 1622
2219 457
2222 594
2229 829
2231 1401
2238 1597
2243 1392
2248 771
2267 900
2271 388
2272 1114
2281 1051
2291 109
2292 1326
2305 1134
2306 1888
2328 174
2335 1566
2337 1228
2345 1553
2346 1856
2355 681
2358 1559
2363 1253
2370 780
2376 1749
2378 127
2397 1340
2415 1381
2424 1616
2429 605
2430 1446
2435 419
2439 1508
2458 840
2483 966
2486 188
2488 1507
2491 25
2499 108
2501 1206
2503 1703
2505 463
2511 50
2518 1862
2548 221
2557 750
2564 1314
2565 1
2578 1551
2581 176
2584 1049
2587 1268
2608 1795
2616 695
2640 1234
2644 328
2649 1304
2653 749
2666 1715
2670 1418
2681 124
2696 1058
2700 654
2703 1310
2705 1435
2711 110
2716 1471
2720 548
2723 1478
2725 888
2746 857
2771 1463
2773 1758
2774 1025
2778 302
2789 1740
2801 484
2809 1283
2829 536
2833 602
2837 1181
2849 1330
2851 1793
2862 933
2866 1824
2902 202
2904 1595
2916 1370
2918 899
2931 1130
2933 997
2940 1632
2953 78
2969 506
2984 1264
2987 1347
