f_0082670.png f_0082968.png
2 434
33 88
38 291
60 437
72 278
81 319
106 480
109 363
125 138
139 265
318 816
344 713
355 1057
364 1030
419 750
429 999
442 851
456 1035
457 632
474 1426
481 1039
483 941
489 1452
631 772
687 1277
830 1684
845 1376
864 1645
890 1319
925 1519
930 1785
939 1510
941 1440
983 1636
1006 1567
1023 1661
1035 1761
1082 1701
1083 1781
1161 2101
1179 1917
1189 1904
1240 2038
1320 2079
1330 2098
1336 2155
1349 2092
1367 2128
1397 2164
1648 2076
1722 2229
1738 2020
1747 2049
1873 2391
2009 2203
2045 2272
