f_0082886.png f_0082928.png
150 15
163 42
177 282
185 70
199 68
206 52
224 122
232 1
241 277
247 252
253 253
259 97
262 128
284 155
295 181
296 359
304 176
308 241
309 341
320 234
324 399
327 200
337 488
353 392
355 329
370 451
375 222
385 494
397 336
411 404
412 648
430 480
446 554
447 625
472 579
477 630
485 643
487 673
488 661
497 669
499 670
507 704
512 617
517 745
524 762
542 757
553 713
559 786
560 787
563 828
564 822
566 840
568 798
572 818
581 863
582 831
588 849
605 899
613 912
639 851
659 975
662 961
663 968
682 994
684 1024
685 983
716 1066
729 943
730 1118
737 1098
743 991
751 1080
756 1171
758 1108
771 1126
784 1188
785 1131
788 1141
789 1158
798 1124
803 1209
807 1216
835 1267
836 1288
843 1175
853 1297
861 1293
865 1232
871 1251
876 1191
884 1308
911 1382
912 1395
917 1376
938 1407
948 1369
952 1380
963 1453
973 1426
982 1406
985 1505
991 1482
996 1525
999 1517
1019 1544
1020 1551
1021 1565
1026 1583
1050 1572
1066 1596
1071 1609
1073 1647
1107 1642
1130 1628
1132 1722
1138 1731
1155 1728
1166 1753
1168 1790
1186 1839
1199 1841
1206 1869
1215 1863
1217 1884
1218 1899
1221 1904
1231 1909
1233 1877
1252 1939
1253 1945
1256 1928
1279 2002
1283 2006
1291 1995
1293 2073
1296 2012
1309 2014
1311 2036
1312 2047
1315 2035
1328 2055
1346 2078
1354 2091
1374 2122
1392 2168
1396 2165
1409 2198
1417 2176
1434 2244
1444 2333
1446 2236
1450 2276
1461 2267
1463 2255
1489 2348
1495 2300
1503 2354
1554 2457
1563 2473
1581 2519
1607 2526
1620 2579
1645 2553
1650 2590
1682 2572
1695 2651
1707 2669
1719 2650
1731 2620
1776 2671
