f_0082670.png f_0082942.png
7 120
17 15
21 20
22 191
33 247
38 218
40 140
41 199
46 231
48 241
49 263
50 33
59 128
62 299
65 176
69 315
75 489
89 295
103 207
113 332
133 14
134 401
140 217
141 413
143 129
148 245
154 175
155 313
156 394
166 375
173 331
175 376
176 626
179 189
181 202
186 97
197 399
200 357
202 19
204 444
207 145
210 353
212 98
214 144
215 675
219 32
222 183
225 198
228 417
229 513
231 472
232 554
233 501
242 154
249 289
251 312
252 343
254 515
259 545
261 689
263 123
265 335
266 534
270 518
271 228
272 276
273 484
281 575
282 587
285 356
289 321
292 127
301 197
305 471
308 226
311 505
320 466
322 767
325 643
328 324
330 206
333 624
341 503
354 681
356 214
358 647
363 156
364 152
367 227
368 267
378 805
382 438
397 305
403 330
404 406
405 775
431 494
432 622
433 748
435 793
436 705
439 881
457 577
458 641
461 108
471 498
473 690
476 649
478 963
481 107
482 211
483 212
489 962
490 395
494 786
499 94
500 91
502 873
504 822
507 787
515 205
518 442
523 661
525 373
533 266
535 646
544 473
545 840
548 359
558 832
564 880
570 141
579 798
586 724
587 887
588 151
610 630
615 533
616 637
620 460
621 1002
624 249
633 815
635 816
636 817
637 831
642 244
643 784
647 559
649 843
651 935
657 687
659 878
662 771
663 865
664 459
667 420
668 664
678 660
682 628
683 268
687 789
702 629
707 970
724 480
728 851
742 366
743 697
763 595
768 703
769 1121
774 278
783 328
785 1119
790 1120
795 1109
803 1125
809 1034
829 794
830 1150
833 905
836 1168
855 1389
860 964
861 497
862 576
863 745
864 1206
867 1178
874 1230
876 1243
882 493
885 1473
888 1173
898 904
901 1211
909 1038
912 744
914 1136
915 1123
922 1294
925 933
926 1108
928 953
930 1379
937 1322
954 1172
961 1449
963 959
964 1188
1015 1183
1016 1456
1017 990
1018 1118
1019 1215
1026 1358
1032 1475
1038 779
1052 1210
1053 1245
1077 1556
1085 1532
1094 1365
1107 1004
1142 1242
1143 1298
1147 827
1152 1548
1159 1564
1166 1421
1183 1205
1190 1573
1195 850
1197 1111
1236 1164
1241 1286
1254 1566
1266 1601
1275 1493
1280 1762
1282 1455
1290 1638
1295 1092
1303 1469
1304 1653
1305 1555
1328 1587
1334 1520
1340 1359
1348 1570
1350 1683
1354 1706
1362 1598
1370 1688
1380 1902
1396 1565
1408 1517
1411 1009
1416 1727
1420 1315
1431 1310
1441 1596
1447 1663
1459 1339
1472 1613
1474 1489
1491 1770
1496 1533
1531 1562
1544 2015
1558 1484
1559 1736
1577 1971
1581 1634
1584 2044
1618 1438
1619 1844
1620 1426
1624 1578
1625 1582
1644 2292
1711 2131
1718 1592
1787 1837
1832 1654
1859 1689
1860 1937
1864 1966
1869 1894
1882 2116
1919 1635
1931 2167
1938 2122
1945 2239
1957 2145
1980 2425
2032 2538
2094 2434
2109 2450
2128 2472
2164 1935
2177 2413
