f_0082926.png f_0082968.png
12 2
16 39
69 111
79 83
81 138
83 75
103 161
121 54
122 55
129 25
164 98
214 285
233 128
236 214
260 252
334 203
386 228
401 231
426 276
557 453
586 512
643 479
650 540
709 740
720 685
724 601
750 735
772 754
829 892
854 959
855 1027
865 948
884 869
890 1052
891 968
903 1132
910 993
943 1168
952 1210
958 1224
960 1000
962 1057
987 1014
990 1251
994 1278
1014 1292
1019 1177
1029 1312
1049 1347
1052 1058
1069 1193
1081 1431
1082 1358
1121 1441
1163 1502
1171 1486
1188 1522
1207 1228
1211 1275
1213 1489
1219 1533
1221 1534
1231 1257
1238 1267
1251 1361
1258 1640
1280 1326
1284 1699
1302 1583
1307 1382
1309 1562
1327 1737
1346 1734
1354 1561
1374 1478
1390 1827
1405 1372
1412 1744
1432 1582
1470 1782
1513 1934
1526 1935
1542 1840
1545 1914
1563 1496
1564 1565
1572 2243
1577 1868
1652 2129
1722 1745
1734 2117
1742 1942
1754 1722
1790 1780
1815 2347
1843 2321
1895 2148
1906 1751
1918 2196
1961 2283
1981 2255
1988 2213
2045 2012
2056 2234
2292 2159
2423 2183
2424 2184
2452 2191
