f_0082924.png f_0082928.png
7 8
15 20
16 22
18 49
20 4
22 5
23 56
26 21
32 7
33 16
34 39
38 6
40 47
41 50
44 14
46 40
55 26
57 60
58 72
60 36
61 28
63 87
66 3
67 24
68 46
76 118
79 13
80 63
81 124
83 12
84 77
86 25
91 1
92 37
95 93
99 80
102 140
105 44
106 52
108 91
109 34
110 85
115 95
117 83
119 173
120 33
121 73
122 62
128 51
129 116
130 97
134 135
139 79
143 136
145 61
151 57
153 89
154 159
155 162
156 54
157 172
160 177
163 125
164 126
168 90
169 139
171 221
174 189
181 108
184 133
189 138
190 147
193 246
194 103
201 181
203 207
210 153
213 254
216 170
217 176
225 194
229 264
234 180
237 253
240 277
242 292
249 251
252 144
253 169
254 261
255 262
260 151
262 205
263 269
266 227
270 217
272 218
273 234
274 225
276 154
278 192
279 174
282 211
283 241
284 344
285 250
286 291
287 319
288 296
290 167
292 260
293 282
296 215
301 316
303 210
305 371
308 203
309 258
311 366
313 248
314 233
316 305
319 342
320 343
322 243
329 372
331 244
333 311
334 351
336 397
338 280
340 331
341 356
344 304
345 359
348 222
351 384
355 303
356 355
358 407
359 393
360 402
361 238
368 247
370 426
371 427
373 302
375 341
376 310
378 392
383 354
384 383
386 287
389 370
390 391
391 425
392 421
394 297
395 293
397 289
398 300
400 334
401 350
402 390
412 339
413 364
414 420
415 438
416 286
417 329
420 453
425 399
426 431
427 460
428 313
429 405
430 469
432 436
433 478
435 312
437 395
438 401
439 465
444 336
445 419
446 490
447 396
453 476
454 456
456 503
458 367
459 504
462 345
464 489
466 332
467 387
468 416
469 455
471 459
472 511
474 388
481 361
485 468
487 435
488 458
489 518
490 513
492 373
494 443
495 493
496 494
497 495
499 528
502 423
504 510
511 452
512 482
514 498
522 516
525 439
528 545
532 473
533 551
537 527
539 428
542 534
544 561
547 526
549 450
551 541
552 537
553 542
554 563
556 521
557 556
558 599
562 457
565 470
568 606
569 480
571 486
574 540
577 549
578 562
582 539
584 608
586 579
588 491
590 612
591 648
593 519
596 582
598 531
599 571
605 584
606 587
607 595
610 515
612 581
615 496
618 576
620 471
622 590
623 593
633 532
638 554
641 647
646 619
647 621
648 668
652 602
654 574
655 655
658 618
661 660
662 657
663 682
670 609
671 652
672 644
677 673
680 585
681 638
682 633
685 704
686 639
687 615
691 617
694 672
698 734
700 623
704 721
705 601
709 691
712 628
716 733
718 716
719 740
725 754
726 789
728 709
729 743
732 741
736 697
738 761
739 626
742 751
743 770
747 763
748 645
752 708
753 727
754 742
756 738
757 748
760 649
763 760
767 753
771 736
772 750
775 666
776 696
778 800
784 723
788 675
789 773
790 766
791 831
794 775
798 729
799 730
801 757
805 722
806 780
809 788
811 812
813 823
816 813
826 784
828 803
829 809
830 822
831 838
832 859
833 891
837 875
839 865
840 856
845 772
847 870
849 817
850 834
851 829
854 744
855 818
856 836
858 919
861 828
862 837
863 888
864 756
866 755
869 845
871 880
873 764
874 839
875 890
884 894
886 852
887 883
889 808
892 805
894 869
896 867
897 915
898 911
901 932
903 816
905 900
908 849
909 899
913 833
915 881
920 811
922 910
923 933
926 847
927 913
928 921
934 947
936 851
938 945
940 926
942 950
943 936
946 908
952 984
955 978
960 898
965 897
967 949
968 940
973 973
974 997
975 1038
978 951
981 985
983 972
985 976
986 1025
988 983
992 902
993 959
994 969
996 1001
998 961
1002 968
1004 1037
1007 994
1009 946
1010 1022
1012 1052
1015 1000
1016 1051
1020 1036
1026 944
1029 943
1030 1034
1035 1030
1037 1060
1040 1007
1044 1032
1046 1008
1050 1035
1051 1058
1052 1092
1053 1069
1054 1055
1055 1059
1058 957
1059 967
1065 986
1067 993
1070 1093
1072 1050
1073 1094
1080 979
1081 998
1083 1081
1084 1068
1087 971
1092 1091
1095 1152
1097 1074
1101 1130
1103 1028
1104 1015
1112 1089
1116 1142
1125 1097
1126 1150
1129 1132
1137 1166
1140 1139
1141 1174
1142 1184
1146 1082
1147 1080
1148 1121
1149 1128
1150 1160
1156 1107
1160 1189
1161 1195
1166 1148
1167 1196
1168 1207
1171 1079
1172 1101
1173 1137
1174 1154
1175 1158
1176 1172
1177 1193
1183 1203
1184 1173
1185 1217
1186 1179
1187 1110
1189 1165
1191 1210
1197 1149
1199 1124
1201 1213
1205 1120
1206 1209
1207 1272
1210 1226
1212 1255
1215 1163
1218 1202
1221 1170
1223 1171
1225 1262
1228 1236
1230 1279
1232 1135
1233 1169
1234 1215
1237 1141
1242 1201
1243 1261
1244 1294
1245 1278
1246 1284
1248 1216
1250 1205
1251 1245
1255 1306
1257 1271
1260 1194
1261 1276
1265 1204
1266 1252
1267 1244
1268 1290
1269 1304
1270 1295
1271 1243
1272 1282
1273 1328
1274 1177
1275 1200
1279 1316
1282 1305
1286 1310
1295 1303
1298 1168
1300 1300
1301 1349
1309 1212
1311 1233
1312 1323
1313 1360
1318 1344
1319 1364
1320 1350
1321 1297
1322 1298
1323 1327
1327 1275
1333 1266
1337 1346
1338 1224
1339 1230
1344 1378
1345 1355
1346 1386
1348 1321
1349 1354
1359 1384
1363 1211
1364 1199
1373 1324
1374 1325
1375 1370
1376 1392
1381 1410
1383 1405
1386 1342
1390 1423
1392 1247
1393 1340
1398 1348
1401 1353
1402 1427
1417 1422
1420 1476
1421 1339
1425 1465
1426 1281
1433 1420
1434 1454
1435 1455
1437 1407
1440 1376
1445 1395
1446 1429
1448 1382
1449 1404
1450 1464
1456 1448
1459 1447
1460 1459
1463 1470
1472 1498
1473 1435
1477 1416
1480 1397
1482 1445
1483 1474
1484 1446
1487 1453
1490 1503
1491 1490
1493 1487
1496 1513
1498 1406
1502 1500
1505 1489
1506 1511
1507 1512
1509 1460
1510 1428
1511 1486
1514 1538
1515 1463
1517 1537
1521 1497
1527 1394
1528 1485
1529 1482
1531 1510
1544 1499
1546 1518
1551 1531
1552 1522
1553 1525
1556 1496
1565 1495
1568 1514
1571 1545
1573 1565
1577 1468
1585 1564
1586 1573
1587 1602
1588 1452
1589 1528
1594 1608
1595 1484
1597 1553
1602 1494
1603 1507
1606 1587
1608 1609
1611 1566
1612 1555
1614 1572
1620 1560
1626 1582
1631 1636
1646 1547
1651 1578
1659 1575
1668 1586
1670 1646
1673 1606
1676 1640
1677 1613
1687 1570
1694 1581
1700 1650
1701 1653
1702 1661
1703 1648
1707 1655
1708 1540
1709 1639
1710 1617
1714 1605
1716 1622
1718 1669
1721 1543
1723 1621
1727 1664
1729 1615
1736 1642
1746 1668
1747 1614
1753 1635
1754 1681
1756 1656
1758 1660
1762 1595
1763 1631
1772 1714
1781 1667
1782 1705
1794 1723
1799 1742
1807 1768
1820 1711
1821 1726
1822 1691
1824 1747
1825 1785
1828 1745
1831 1690
1832 1696
1835 1666
1840 1627
1842 1698
1846 1759
1848 1787
1849 1725
1853 1717
1854 1758
1859 1766
1863 1773
1864 1782
1866 1802
1874 1776
1875 1767
1888 1790
1889 1851
1890 1771
1894 1806
1895 1694
1899 1786
1900 1879
1902 1832
1903 1839
1904 1901
1905 1812
1908 1797
1909 1848
1916 1842
1918 1808
1921 1811
1922 1855
1924 1781
1927 1831
1929 1868
1932 1869
1934 1830
1936 1859
1941 1883
1942 1916
1944 1906
1946 1803
1950 1862
1953 1794
1954 1904
1956 1873
1957 1887
1962 1884
1964 1861
1965 1890
1969 1880
1972 1969
1975 1896
1977 1922
1978 1912
1979 1913
1980 1926
1981 1987
1989 1852
1990 1959
1993 1891
1998 1964
1999 1968
2001 1931
2005 1942
2010 1957
2015 1950
2026 1971
2037 1983
2041 1858
2043 1999
2044 2036
2048 1962
2055 1940
2064 2003
2065 2004
2068 2011
2071 2012
2072 2016
2075 1979
2078 2008
2080 2026
2081 1992
2085 1911
2089 2017
2090 2035
2096 2043
2098 2042
2103 2053
2113 2075
2119 2030
2122 2023
2123 2039
2128 2051
2129 2080
2131 2028
2132 2022
2136 2038
2137 2032
2138 2033
2140 2088
2151 2111
2155 2037
2160 2027
2166 1997
2167 2073
2168 2083
2172 2099
2175 2058
2176 2061
2184 2141
2198 2101
2204 2147
2213 2094
2216 2150
2217 2071
2218 2096
2219 2173
2222 2105
2224 2115
2225 2104
2230 2170
2231 2184
2233 2124
2238 2168
2240 2118
2241 2132
2250 2109
2251 2166
2254 2204
2258 2114
2260 2195
2262 2203
2264 2127
2269 2165
2270 2222
2272 2084
2273 2133
2276 2236
2277 2229
2282 2194
2283 2183
2285 2139
2289 2255
2290 2228
2292 2257
2295 2144
2307 2212
2316 2310
2320 2163
2321 2221
2326 2266
2328 2305
2330 2164
2333 2239
2336 2260
2339 2226
2341 2218
2344 2287
2347 2185
2349 2208
2352 2300
2354 2171
2356 2232
2368 2231
2370 2344
2383 2250
2393 2269
2398 2216
2403 2297
2405 2242
2409 2262
2410 2298
2412 2334
2416 2374
2419 2282
2427 2343
2428 2371
2451 2365
2469 2332
2475 2390
2476 2375
2479 2339
2482 2320
2505 2401
2510 2410
2514 2417
2515 2416
2516 2403
2517 2435
2518 2440
2521 2356
2527 2324
2538 2481
2553 2385
2556 2434
2557 2531
2558 2518
2573 2354
2584 2460
2596 2485
2600 2437
2620 2512
2624 2484
2627 2547
2637 2507
2644 2468
2647 2523
2649 2506
2650 2495
2658 2513
2669 2524
2675 2537
2689 2553
2703 2552
2704 2605
2715 2557
2722 2574
2727 2579
2729 2590
2733 2599
2760 2621
2767 2641
2779 2645
2792 2594
2801 2623
2807 2639
2823 2668
2834 2672
2840 2661
2849 2637
2876 2632
