f_0082958.png f_0082968.png
104 217
114 60
145 15
173 30
205 295
214 140
239 161
244 145
266 202
280 18
286 102
287 223
295 101
296 88
315 72
317 3
320 21
323 38
339 54
358 53
372 78
381 315
388 268
394 225
403 205
408 92
414 108
422 324
434 366
438 289
446 168
448 393
453 142
454 167
500 258
509 198
529 304
536 392
540 626
544 410
546 564
555 229
561 621
563 458
565 270
578 499
581 336
588 307
595 284
603 479
632 347
634 492
636 705
637 382
655 591
656 678
659 401
661 759
679 459
722 856
732 548
735 511
745 817
750 617
760 561
764 808
768 562
778 731
787 764
789 572
799 771
800 1104
801 649
802 885
808 879
814 1273
821 824
825 1029
826 685
827 1331
830 729
832 833
844 916
866 980
867 1107
883 753
890 789
893 1160
896 840
898 926
903 816
912 1375
918 804
919 968
923 869
925 961
929 763
930 993
933 1187
934 1161
937 1027
951 985
952 1005
953 1032
954 1016
959 1297
969 844
978 1028
996 1287
1008 1100
1011 1092
1012 1031
1013 1348
1018 1084
1028 922
1033 877
1053 958
1054 1293
1063 1180
1068 896
1070 1000
1071 1491
1075 1210
1078 895
1079 1191
1080 1380
1082 1388
1083 1040
1090 957
1102 991
1107 1096
1109 1251
1111 1190
1113 1260
1121 1269
1124 1250
1125 1312
1130 1461
1138 1046
1142 1444
1148 1347
1160 1173
1161 1209
1173 1073
1174 1378
1176 1172
1178 1119
1179 1570
1181 1150
1183 1145
1202 1248
1210 1202
1211 1258
1213 1420
1214 1558
1231 1508
1234 1482
1237 1228
1247 1208
1251 1275
1253 1443
1257 1282
1258 1288
1261 1637
1264 1267
1266 1200
1268 1502
1271 1301
1274 1247
1275 1393
1282 1522
1287 1274
1304 1227
1312 1668
1314 1419
1321 1534
1325 1440
1329 1601
1345 1319
1346 1488
1351 1376
1354 1398
1355 1451
1356 1521
1363 1418
1365 1655
1384 1562
1389 1583
1390 1594
1391 1627
1396 1787
1398 1332
1406 1563
1410 1646
1424 1810
1427 1694
1428 1948
1431 1626
1438 1645
1443 1737
1447 1517
1461 1859
1463 1412
1464 1417
1465 1794
1468 1698
1479 1504
1489 1684
1493 1501
1494 1703
1505 1783
1515 1827
1517 1906
1531 1885
1539 1842
1541 1612
1546 1573
1548 1992
1561 1733
1581 1968
1586 1625
1587 1658
1599 1936
1603 1624
1608 1980
1612 1914
1613 2008
1623 2067
1625 1661
1632 1825
1638 1647
1643 2045
1650 1967
1657 1722
1660 1809
1665 1899
1669 1880
1681 1934
1692 1913
1693 2028
1720 2044
1735 2056
1736 2059
1747 2066
1753 1903
1765 1838
1770 2087
1773 2093
1779 2099
1784 1955
1785 2112
1786 2249
1787 2122
1804 2243
1816 1986
1832 2092
1833 2207
1836 2187
1847 1994
1854 1997
1860 2069
1861 2235
1862 2199
1871 2363
1891 2382
1893 2257
1911 2246
1919 2285
1922 2245
1932 2300
1959 2302
1960 2322
1965 2347
1995 2377
2001 2239
2004 2280
2012 2292
2015 2355
2023 2234
2036 2365
2068 2333
2070 2392
2077 2398
2079 2396
2096 2358
2190 2369
