f_0082926.png f_0082876.png
13 140
18 201
20 418
22 228
24 154
29 386
30 261
33 260
35 362
37 263
44 212
58 278
59 180
61 283
67 393
69 264
77 422
79 298
81 293
82 253
87 218
88 231
101 345
106 270
109 366
112 145
114 496
130 512
131 294
194 411
197 250
236 445
239 273
247 281
250 353
259 540
262 290
275 497
281 475
287 406
288 309
289 291
291 285
306 267
321 605
327 541
334 617
335 494
355 310
364 363
368 382
374 442
376 384
385 619
387 465
396 373
401 467
405 466
411 323
414 455
416 350
417 355
439 391
456 468
462 392
468 436
472 636
480 638
484 450
487 414
490 435
494 641
496 550
513 664
515 535
517 501
527 742
529 680
531 440
534 751
537 601
538 578
540 461
550 396
555 415
562 809
566 420
578 469
596 337
599 522
600 423
608 523
612 507
617 462
618 735
620 639
626 538
627 525
629 479
634 542
636 502
645 802
646 569
666 508
667 864
669 653
671 543
673 551
677 669
678 645
684 689
690 562
691 856
695 644
701 774
705 539
709 643
710 788
712 564
716 570
721 602
736 886
741 743
742 655
746 584
750 718
752 661
756 656
757 598
764 609
767 547
774 504
785 962
788 881
792 649
793 559
796 709
807 616
810 846
818 665
819 625
822 748
841 723
844 764
851 679
853 763
864 771
867 670
873 782
879 715
889 830
892 736
894 694
897 776
910 783
911 716
913 710
914 750
915 950
931 859
933 828
939 784
941 676
943 823
968 837
978 906
984 1035
991 732
992 1049
994 851
998 796
1001 1050
1014 852
1020 902
1027 725
1030 843
1035 769
1046 786
1049 853
1052 994
1061 1024
1063 1128
1071 833
1088 920
1104 937
1107 874
1121 938
1124 1119
1126 1025
1127 914
1142 990
1147 923
1161 834
1162 1004
1182 1072
1188 955
1195 987
1198 916
1207 1093
1210 1101
1212 1032
1225 968
1227 1155
1230 917
1232 1041
1238 1110
1244 1047
1246 1002
1260 911
1262 1120
1263 1076
1267 924
1271 1011
1280 1138
1290 979
1294 1124
1304 1028
1306 1208
1347 926
1364 1033
1372 1061
1375 1134
1384 1268
1386 1136
1388 1182
1390 1046
1398 1156
1399 1135
1402 1171
1407 1071
1424 1290
1429 1086
1434 1177
1435 1162
1450 1190
1475 952
1482 1333
1495 1223
1497 1308
1499 1115
1501 1215
1527 1116
1530 1264
1534 1217
1546 1166
1553 1152
1558 1183
1580 1111
1592 1303
1594 1169
1597 1212
1618 1224
1637 1201
1641 1235
1655 1430
1662 1225
1664 1326
1675 1254
1692 1388
1699 1234
1720 1275
1736 1294
1747 1408
1774 1277
1791 1334
1796 1302
1810 1350
1815 1355
1820 1469
1824 1470
1828 1473
1842 1363
1845 1384
1866 1380
1867 1340
1872 1493
1873 1335
1874 1412
1884 1385
1889 1399
1927 1370
1930 1402
1932 1423
1953 1534
2076 1572
2099 1581
2115 1562
2143 1696
2144 1586
2171 1655
2179 1578
2180 1610
2183 1565
2241 1647
2244 1615
2261 1652
2286 1656
2315 1608
2343 1629
2360 1670
2364 1607
2399 1820
2450 1694
2482 1706
2556 1760
2724 1854
2736 1879
2806 1870
2830 1930
2847 1917
