f_0082924.png f_0082492.png
3 185
7 195
8 86
9 47
15 143
35 173
40 127
46 151
84 316
114 391
128 631
130 338
174 218
177 657
215 609
244 730
246 540
261 400
278 762
282 731
291 698
300 757
303 802
320 354
324 368
328 642
332 739
334 376
338 758
349 793
352 879
358 392
362 819
369 419
372 814
373 686
401 586
412 668
418 748
431 685
471 503
472 856
474 854
482 783
486 927
497 530
518 1021
519 942
543 720
567 1175
570 1148
593 1120
597 621
610 1203
616 1088
634 1003
638 1149
641 582
646 807
652 907
653 653
659 820
660 633
669 1289
673 656
678 1154
680 1327
692 1129
709 1024
713 1004
719 706
724 751
729 689
735 1354
736 933
741 1263
752 1202
754 847
757 861
777 798
784 1421
785 1336
786 752
799 1364
801 1085
807 1110
819 1416
830 921
848 1334
855 1095
898 876
906 1827
908 1449
910 936
970 1511
977 1561
983 1101
992 1730
993 1214
1021 1710
1035 1086
1040 1318
1045 1611
1059 1895
1071 1434
1088 1808
1106 1783
1107 1550
1145 1988
1174 1477
1196 1551
1199 1799
1209 1570
1223 1622
1226 1753
1234 1435
1241 1690
1242 1583
1250 1741
1271 1485
1289 1587
1303 1724
1310 1830
1334 1694
1348 1506
1351 1831
1356 1623
1400 1890
1426 2389
1428 1688
1439 1946
1440 1939
1448 1925
1459 1725
1468 1858
1474 1653
1482 1804
1484 1810
1503 1704
1515 2126
1528 1953
1535 2524
1555 1731
1568 1914
1588 2387
1589 2107
1592 1743
1610 2037
1646 2521
1651 1872
1681 2024
1686 2467
1687 2439
1711 1932
1716 1982
1724 2028
1768 1966
1776 1992
1780 2301
1785 2102
1805 2009
1831 2539
1875 1994
1892 2097
1916 2123
1954 2184
2038 2201
2086 2302
2113 2375
2140 2242
2145 2124
2223 2529
2313 2470
