f_0082868.png f_0082776.png
5 1397
6 1288
11 2
19 1327
26 1060
61 1255
97 703
101 710
123 694
128 963
135 787
138 253
155 792
158 333
160 706
170 1474
175 597
190 848
209 859
218 1037
239 329
247 842
249 470
254 225
263 12
307 1469
316 807
351 679
360 101
367 1050
374 646
375 1390
404 130
409 598
419 272
436 763
438 451
463 756
476 442
494 437
511 822
520 1241
530 707
544 742
550 770
556 420
644 632
655 990
665 586
688 1657
724 652
746 361
747 850
769 828
778 539
790 69
791 546
802 833
859 159
873 141
890 1012
901 820
923 970
1000 633
1017 1296
1041 466
1049 388
1075 821
1086 1187
1087 1232
1098 705
1107 968
1112 573
1121 1273
1147 641
1160 383
1194 1204
1220 413
1235 286
1240 1398
1251 1290
1292 901
1294 1096
1325 538
1373 977
1394 1176
1406 499
1408 676
1431 1139
1435 1217
1441 327
1465 406
1505 512
1508 609
1515 1020
1536 121
1537 835
1560 829
1563 1181
1564 479
1575 1233
1583 700
1598 563
1639 905
1658 276
1661 1025
1684 796
1706 769
1714 1179
1739 242
1751 555
1762 616
1813 506
1825 640
1832 1015
1859 1689
1885 1084
1906 622
1908 1454
1916 827
1939 235
1968 806
1975 1553
2005 114
2013 1575
2032 1493
2054 644
2062 767
2069 1034
2073 587
2089 1346
2096 404
2101 309
2113 568
2122 408
2126 785
2137 995
2155 639
2156 1318
2211 643
2225 115
2248 308
2259 300
2261 804
2336 747
2347 60
2357 275
2388 1286
2401 496
2402 837
2411 508
2443 1100
2447 552
2461 488
2471 100
2502 1301
2541 1722
2543 1810
2560 452
2561 1222
2566 839
2583 414
2589 805
2596 1185
2610 184
2611 1173
2642 596
2678 507
2679 621
2681 913
2692 1438
2695 1064
2697 1671
2732 558
2758 623
2770 269
2774 377
2837 642
2860 998
2898 1009
2909 844
2914 590
2915 1027
2963 793
2976 1111
2977 924
