f_0082642.png f_0082872.png
59 395
76 426
86 761
107 605
130 589
140 664
141 698
210 675
216 512
224 701
251 806
252 871
255 881
279 1024
311 509
338 992
348 787
381 1064
470 1204
484 1218
493 1246
513 1243
542 1279
548 1321
578 1448
607 1354
628 1462
700 1415
733 1581
762 1543
784 1587
788 1589
806 1568
886 1607
890 1630
910 1679
915 1513
918 1619
923 1672
960 1372
963 1710
1001 1795
1021 1709
1049 1787
1078 1635
1090 1768
1145 1919
1170 1782
1186 1874
1218 1900
1234 1852
1269 1993
1288 1690
1348 1975
1356 1988
1375 1658
1386 1984
1396 1683
1407 2084
1422 2076
1473 2091
1482 2245
1490 2149
1491 2182
1492 2042
1493 2096
1499 2136
1507 1991
1522 2146
1531 2166
1556 2040
1566 2254
1569 2108
1587 2163
1599 2352
1611 2252
1616 2253
1627 1647
1631 2269
1648 2308
1717 2490
1722 2433
1742 2519
1745 2469
1802 2067
1808 2089
1831 2098
1860 2322
1866 2386
1901 2373
1910 2385
1940 2598
1973 2675
2159 2663
2180 2821
2184 2817
2208 2667
2213 2844
2232 2706
2249 2687
2256 2741
2292 2846
