f_0082776.png f_0082942.png
2 202
16 616
17 906
35 421
44 577
69 194
74 1145
84 481
87 435
110 976
146 986
177 646
185 1080
221 942
225 152
235 724
237 1119
243 395
244 815
253 1127
259 2196
277 603
278 871
279 1079
295 1322
313 925
322 1230
330 920
331 1124
376 1407
378 789
388 1206
414 630
418 1745
424 1499
431 688
433 1177
451 373
453 1005
466 1531
468 769
482 596
491 1302
492 1548
503 664
520 893
525 533
538 1017
561 310
567 1698
587 1113
605 1653
607 703
623 1301
630 1885
635 480
638 1123
645 1746
652 1683
656 1112
665 1136
666 1188
678 1108
681 697
684 968
742 1306
756 1343
770 794
777 416
780 1405
786 1171
788 1396
805 1443
822 1549
827 1084
836 1210
844 1298
845 1684
852 476
855 1813
872 1450
878 932
890 1520
892 1292
893 1570
907 1790
920 1454
926 1541
927 1367
935 899
940 967
954 1205
962 1594
968 1517
977 1675
991 1374
1028 1930
1034 2032
1038 1915
1060 1970
1068 1895
1076 1538
1086 2053
1094 1262
1104 1634
1112 1652
1127 1489
1135 2048
1154 1214
1157 1315
1162 1311
1171 1501
1173 1735
1191 1853
1196 1382
1197 1348
1201 1998
1209 1402
1212 1484
1213 1619
1219 1651
1221 1527
1228 1446
1230 1835
1234 1783
1236 1259
1241 2126
1246 939
1267 1578
1274 1806
1288 1794
1341 1071
1400 1458
1406 1276
1413 1632
1453 1966
1462 2327
1470 2056
1523 2055
1590 1823
1648 2390
1657 2444
1716 1551
1741 2100
1855 2452
1863 2219
1887 1857
1891 2271
1947 1847
2019 2233
2037 2201
2112 2373
2149 2477
