f_0082558.png f_0082918.png
6 18
13 94
17 510
27 202
30 415
43 50
49 264
53 1323
66 43
69 57
74 2616
94 21
101 265
118 2841
134 1855
136 513
148 439
165 1375
177 2359
185 93
190 1821
206 445
211 1366
218 424
222 1385
235 1338
251 532
263 474
264 993
288 1860
292 1468
295 2488
300 1331
312 2048
335 936
344 2321
383 2882
386 2929
390 571
432 1151
436 2585
444 1220
455 1697
467 1899
468 1451
469 606
470 2729
471 998
477 2435
500 824
503 1248
528 659
539 2431
558 79
570 680
585 1837
595 2234
608 1149
609 899
610 2846
628 2689
633 308
661 198
672 651
685 2004
703 1206
721 1600
727 2503
764 359
769 1926
792 2277
811 955
829 488
830 19
836 2370
856 427
865 2265
871 2853
878 2249
882 889
940 1306
941 2573
948 2347
955 1294
964 498
966 705
991 1782
1016 67
1022 1042
1030 2107
1049 1062
1050 358
1072 99
1085 38
1103 245
1115 1193
1117 2534
1128 497
1134 1163
1147 347
1157 329
1159 1320
1161 1174
1164 2437
1167 881
1188 582
1209 2448
1210 1190
1211 2222
1227 1741
1256 1695
1266 1429
1272 1083
1273 1121
1278 2243
1284 1769
1288 711
1290 1087
1293 1024
1317 2192
1325 678
1338 597
1379 398
1381 2801
1408 1903
1422 2008
1428 759
1435 2986
1448 1233
1451 2029
1472 784
1477 2259
1517 2755
1530 1160
1531 2425
1532 878
1545 2995
1548 174
1555 974
1560 1632
1561 2836
1580 344
1581 1322
1588 2217
1591 1422
1605 1358
1616 533
1639 2837
1659 971
1666 376
1673 1949
1676 332
1692 1038
1695 1667
1699 1463
1721 2383
1722 2902
1736 2864
1747 1629
1748 2891
1750 2949
1752 2744
1774 2780
1781 390
1788 674
1805 641
1806 526
1810 2049
1811 52
1816 2233
1835 438
1848 1612
1860 2493
1876 559
1892 636
1905 1205
1928 326
1935 634
1941 1681
1952 1594
1954 2657
1967 2937
1974 1952
2011 1826
2013 829
2017 2338
2026 530
2050 2208
2056 2768
2071 1465
2073 373
2074 2175
2146 646
2161 1157
2165 1054
2191 1123
2210 1977
2231 2873
2235 1983
2243 1017
2248 1656
2250 2608
2261 2331
2309 1384
2317 642
2320 469
2335 1446
2346 2515
2349 2648
2363 2251
2368 1488
2371 2615
2400 210
2409 2609
2412 2507
2413 1112
2415 1223
2453 2567
2454 1674
2460 2308
2470 2680
2483 2411
2492 189
2512 872
2526 1971
2529 883
2536 2566
2554 419
2555 2152
2556 564
2557 2632
2569 1417
2574 1960
2580 1888
2587 505
2591 262
2603 1314
2606 810
2607 2543
2619 2800
2632 969
2641 2165
2653 1771
2657 1957
2673 2238
2685 2803
2696 934
2708 1518
2723 1799
2725 2318
2741 2416
2771 1495
2774 1085
2778 2654
2786 2279
2791 695
2795 2740
2800 2771
2810 551
2835 1965
2838 2071
2843 1269
2844 248
2852 773
2873 1183
2889 798
2901 2229
2902 2963
2904 841
2933 127
2937 1289
2953 271
2968 138
2978 625
2994 1850
