f_0082558.png f_0082492.png
3 385
5 1103
8 2147
20 601
28 1045
35 445
42 1022
46 1610
51 353
53 750
55 1165
67 1743
73 2161
76 428
78 870
83 846
93 957
100 2209
102 42
107 1184
108 1494
117 985
119 516
135 2097
141 1543
144 1366
157 2416
159 1248
166 1262
168 397
172 1570
175 1886
179 1541
183 1407
185 1175
190 1832
194 918
206 573
236 984
237 1048
243 1814
246 2050
247 437
250 2114
251 636
256 404
266 2200
273 1211
286 663
287 2028
295 2477
297 585
301 809
310 602
318 553
322 2211
336 2123
338 1302
343 1793
346 739
350 1263
354 788
356 491
358 379
366 2109
386 1662
391 1507
392 2389
399 2088
404 139
405 1485
406 821
408 1318
410 1428
412 1757
414 807
421 1947
425 818
426 793
433 2195
443 444
446 2465
453 1771
456 803
462 914
467 528
472 2075
474 2014
476 635
477 1802
482 942
486 1863
488 2141
489 1672
491 1786
496 1508
498 2089
500 2090
503 519
504 1561
507 669
514 1613
526 2148
534 1394
538 2387
540 990
562 890
564 339
570 963
574 1736
579 1611
594 1026
599 2456
600 762
602 1328
609 1388
611 1920
619 1466
641 291
644 1731
646 2275
656 522
658 1461
659 996
663 1624
664 976
669 778
672 907
686 1652
689 854
695 731
697 1019
701 370
709 1706
713 1435
718 2434
721 865
727 1872
735 1585
746 2087
765 626
776 1222
778 764
787 679
789 1693
794 2378
795 1512
798 2460
809 2318
811 476
826 304
827 2000
829 541
834 577
841 559
843 1202
850 2555
858 1668
863 647
866 2478
869 1335
871 1982
884 878
887 860
889 1720
897 920
917 823
919 97
920 490
938 757
949 1215
966 537
969 1638
976 1560
984 1356
991 1964
996 2011
1015 434
1025 1382
1035 1224
1036 1303
1037 1347
1050 1733
1055 1707
1059 2096
1060 931
1066 1205
1093 587
1098 1088
1101 1787
1112 795
1124 2033
1126 630
1131 600
1136 1315
1139 1998
1147 2373
1155 2210
1159 1154
1167 652
1169 1783
1171 1535
1173 1237
1196 1323
1199 351
1204 1034
1210 1498
1216 1809
1217 1586
1224 1141
1227 2158
1245 1725
1250 1636
1260 599
1267 642
1269 1807
1272 1612
1279 1756
1283 581
1288 828
1300 2413
1309 2160
1313 260
1316 2561
1322 452
1329 2410
1344 1971
1345 2190
1350 154
1353 935
1360 909
1364 827
1377 1925
1379 1474
1381 1052
1384 911
1389 1150
1390 393
1394 1712
1398 1354
1403 756
1409 1567
1410 1479
1415 1440
1416 2108
1435 1013
1437 1392
1448 1616
1450 342
1458 1003
1486 2020
1496 2113
1508 796
1515 2184
1516 835
1521 1954
1522 1195
1550 417
1553 802
1567 1369
1580 861
1582 2060
1584 2281
1587 1859
1592 1204
1596 926
1605 989
1607 1284
1618 1155
1628 1176
1629 1643
1638 1896
1642 2120
1649 958
1653 672
1656 2053
1661 1452
1663 1968
1669 1975
1671 607
1672 2048
1675 1059
1676 1147
1685 744
1691 1046
1693 1122
1704 316
1706 670
1708 898
1713 2398
1721 308
1726 460
1736 484
1745 1675
1747 1931
1753 1653
1754 2085
1762 610
1765 1762
1775 1061
1785 1711
1825 1741
1835 518
1841 1602
1842 1890
1862 2242
1874 1536
1876 1590
1878 693
1882 2149
1884 1200
1885 2081
1893 1398
1904 1967
1905 771
1911 2550
1920 765
1922 562
1923 2420
1941 1349
1950 1511
1958 1623
1959 224
1963 1858
1968 1443
1975 1641
1977 1210
1982 1295
1991 1938
1999 1906
2000 1888
2008 720
2011 512
2013 1297
2022 1203
2027 1833
2036 1897
2037 2233
2038 2074
2041 1582
2043 278
2047 1936
2056 2302
2069 1618
2073 2216
2079 1220
2082 2224
2100 1079
2116 566
2122 650
2129 1799
2135 1190
2146 1924
2163 2422
2165 1260
2166 2393
2167 1702
2168 1961
2195 2146
2198 2030
2204 443
2206 954
2210 1864
2214 1438
2216 2135
2222 948
2238 1981
2239 2188
2240 1399
2248 1143
2251 1336
2269 1815
2271 758
2272 1510
2283 1053
2291 467
2294 420
2305 1544
2320 1960
2321 2294
2323 1856
2328 592
2329 2003
2342 439
2357 1416
2358 2008
2360 1084
2361 656
2363 1681
2386 2364
2387 1168
2388 1517
2397 1751
2402 1993
2404 2330
2409 1039
2412 1688
2413 1583
2414 1601
2415 1830
2422 830
2423 263
2425 1549
2435 779
2441 1735
2445 466
2450 614
2456 1219
2463 839
2467 886
2470 699
2477 902
2479 1364
2486 567
2499 438
2502 1152
2527 561
2529 618
2548 608
2550 232
2557 1064
2565 286
2575 1901
2577 2202
2587 1694
2593 1063
2598 1604
2608 2280
2621 1010
2628 389
2642 299
2644 692
2650 2331
2673 338
2679 632
2681 482
2682 586
2685 1622
2687 723
2689 1317
2695 631
2700 1016
2748 1017
2759 885
2771 1880
2779 1515
2781 639
2782 847
2787 910
2832 2571
2847 1742
2851 2316
2862 1337
2866 2319
2873 1894
2889 713
2893 894
2895 1639
2902 533
2904 2018
2918 1305
2923 330
2932 314
2935 2064
2946 1027
2953 457
2962 1831
2967 725
2976 1674
2991 2307
2992 738
2997 2293
