f_0082412.png f_0082926.png
0 26
24 140
45 133
51 36
72 60
102 115
108 139
117 90
141 219
313 367
347 280
348 281
377 360
424 438
430 399
433 293
533 403
795 789
816 683
884 854
893 841
955 852
956 1011
976 919
1058 847
1065 1030
1069 1029
1110 1049
1117 861
1158 831
1164 1156
1168 878
1220 1204
1229 1213
1239 1005
1241 1257
1246 1075
1250 1186
1266 1052
1274 1327
1287 1212
1294 996
1320 1155
1350 1028
1434 1353
1569 1490
1570 1398
1574 1388
1586 1316
1650 1621
1668 1366
1691 1659
1696 1633
1750 1707
1759 1731
1776 1681
1857 1758
1985 1938
1996 1533
2003 1945
2095 1982
2114 1988
2503 2264
2624 2536
2651 2586
