f_0082868.png f_0082942.png
0 754
2 362
11 368
12 1881
20 1463
44 254
48 341
50 585
53 453
70 711
72 218
74 1733
76 613
77 1407
88 207
97 141
116 814
119 1073
123 1215
139 2130
143 965
155 1084
160 151
171 1967
175 460
177 840
191 1102
192 1630
231 1790
235 123
239 780
249 1211
301 469
325 2371
333 1104
361 587
365 175
368 1319
374 628
382 244
391 1570
395 744
408 2179
415 2154
422 1562
433 748
450 2085
468 1029
470 1527
484 480
490 942
495 2295
496 968
511 1549
545 2024
553 1811
556 373
559 1177
561 515
563 1471
564 1107
570 784
577 1590
586 673
596 741
601 665
607 1548
613 1136
621 960
623 176
646 2459
657 1521
667 746
678 145
690 432
694 1535
697 510
726 1168
730 656
734 32
746 771
770 747
772 763
789 1072
790 194
796 107
809 2061
810 1099
812 1621
823 1606
829 707
832 444
840 1053
847 1286
851 240
861 1730
878 361
886 2225
890 1761
910 2407
914 816
924 128
929 680
943 1550
955 190
958 1528
976 770
998 1668
1000 1270
1018 302
1030 1519
1045 782
1074 1434
1076 1731
1082 13
1099 786
1102 774
1105 305
1111 930
1112 1219
1117 430
1136 182
1139 1316
1145 1539
1149 2442
1155 1333
1167 681
1170 933
1175 1439
1176 1266
1218 586
1220 473
1238 1620
1254 2342
1259 824
1262 819
1264 921
1284 985
1286 1437
1288 239
1289 832
1290 1288
1291 1801
1315 1196
1324 166
1326 215
1344 603
1349 981
1362 1555
1363 136
1364 661
1373 1675
1380 1075
1384 1205
1392 940
1416 2304
1421 82
1424 318
1425 668
1438 630
1439 980
1443 677
1456 445
1460 1022
1462 1510
1471 841
1482 1183
1505 679
1506 1139
1520 2303
1533 641
1534 1469
1537 2015
1546 1405
1548 1304
1549 1607
1582 39
1617 393
1638 1173
1650 347
1663 853
1664 1035
1673 217
1691 739
1692 883
1696 1435
1719 687
1755 1717
1772 1171
1775 386
1778 313
1798 1210
1818 703
1829 536
1833 1088
1841 1038
1842 1820
1872 2028
1896 719
1903 1728
1906 1247
1940 1222
1951 1654
1960 870
1964 321
1965 692
1972 1949
1976 337
1982 446
2004 23
2014 211
2022 857
2028 582
2043 1722
2045 491
2048 1187
2053 1629
2054 1661
2056 1303
2064 1313
2088 2132
2093 704
2110 45
2113 441
2117 1396
2119 1735
2121 1034
2125 1414
2171 1262
2172 635
2187 1785
2188 1342
2199 920
2201 1124
2211 1604
2217 235
2222 634
2255 395
2261 730
2269 1743
2283 916
2286 402
2290 1118
2292 1852
2298 222
2306 51
2311 1240
2372 392
2379 1353
2392 2284
2395 1666
2402 1404
2410 831
2439 802
2447 57
2448 1025
2456 1815
2458 818
2473 1672
2477 1564
2497 772
2506 1090
2526 1052
2529 1612
2536 948
2539 1312
2560 1486
2577 484
2589 1443
2597 1078
2626 2320
2635 1729
2663 1483
2667 1836
2671 705
2688 2135
2695 1505
2743 255
2751 716
2758 1271
2770 227
2780 1302
2784 193
2788 9
2791 1141
2794 769
2796 65
2830 638
2839 1194
2847 103
2867 1442
2878 1242
2914 977
2930 319
2935 1585
2946 79
2950 901
2966 1002
2968 156
2984 1493
