f_0082518.png f_0082670.png
31 47
34 142
43 84
46 74
52 60
55 190
73 93
75 87
78 102
80 90
82 151
88 244
92 132
97 199
98 154
99 141
103 152
104 143
105 153
113 144
117 158
118 118
119 161
121 180
123 184
124 221
126 283
132 170
133 157
135 288
137 167
140 227
153 210
160 213
176 228
179 273
183 222
187 259
189 245
194 318
202 265
206 250
211 299
213 272
215 321
238 310
242 348
245 333
252 363
259 331
266 314
269 341
271 365
277 332
278 345
293 385
296 370
311 420
317 427
323 419
328 437
330 434
337 452
338 461
343 432
356 492
359 403
363 473
365 413
367 501
374 494
378 509
388 504
395 496
396 526
412 538
413 546
415 569
424 507
430 581
432 561
439 533
441 566
444 572
452 537
453 574
456 701
460 627
466 587
473 651
491 604
513 625
519 637
520 589
525 636
530 634
543 653
544 663
545 669
553 609
562 688
570 620
586 707
603 736
605 656
612 762
613 657
622 784
634 738
636 678
640 713
642 735
643 737
645 760
655 765
658 702
663 785
676 710
679 697
682 719
683 804
687 726
690 841
693 846
696 809
701 798
729 836
737 828
743 879
749 808
754 830
758 799
763 800
764 864
809 870
812 1002
834 980
858 954
869 931
879 897
880 898
902 928
905 873
907 1050
930 1076
931 1047
943 1004
946 1005
951 1017
953 1057
975 1024
981 1152
982 1153
984 1037
986 1193
987 1126
1000 1108
1018 1212
1026 1069
1034 1189
1049 1063
1060 1291
1065 1279
1105 1302
1112 1310
1121 1202
1125 1341
1127 1350
1133 1181
1138 1236
1143 1271
1150 1397
1168 1270
1170 1219
1181 1258
1198 1295
1201 1450
1210 1389
1221 1448
1223 1386
1231 1298
1254 1503
1256 1502
1258 1491
1291 1375
1338 1490
1365 1559
1373 1471
1375 1508
1407 1495
1432 1594
1462 1773
1515 1607
1580 1810
