f_0082702.png f_0082642.png
184 9
251 189
276 288
342 123
367 224
406 460
430 278
462 319
475 279
477 499
511 452
528 375
539 562
550 687
612 372
615 610
677 699
688 415
706 720
709 640
743 773
822 785
830 902
853 791
857 936
903 1013
904 724
918 972
937 984
942 1092
966 828
994 958
1013 1188
1029 1020
1055 812
1072 990
1088 976
1095 925
1112 927
1123 1143
1159 1024
1161 1065
1165 1096
1172 1141
1177 939
1212 1136
1218 1105
1226 1186
1227 1001
1231 1366
1241 1154
1247 1166
1265 1043
1306 1421
1310 1338
1363 1350
1368 1446
1375 1404
1387 1299
1423 1301
1433 1467
1447 1614
1491 1673
1511 1650
1512 1724
1536 1663
1540 1630
1583 1674
1590 1638
1610 1719
1617 1817
1644 1946
1645 1813
1665 1790
1700 2073
1732 2145
1747 1992
1768 2014
1775 2193
1805 2201
1815 2239
1819 2186
1843 2213
1866 2282
1873 2202
1875 2191
1890 2274
