f_0082864.png f_0082642.png
4 468
26 889
29 922
42 1315
49 1046
64 625
103 432
139 1629
145 464
239 963
280 426
347 429
489 820
493 1590
568 2169
574 2131
623 1320
685 690
688 1643
706 530
738 1129
780 589
808 2155
967 1089
1008 780
1130 1517
1229 1252
1366 766
1380 1050
1436 394
1493 1691
1524 705
1717 1289
1800 828
1803 1114
2025 1615
2039 2159
2045 378
2082 1460
2216 560
2261 1259
2307 718
2330 1386
2416 1073
2426 558
2479 682
2497 123
2514 1573
2550 1481
2581 251
2677 1525
2689 1066
2816 506
