f_0082926.png f_0082958.png
10 270
25 205
59 76
74 38
75 39
79 42
93 345
99 366
103 29
106 173
116 68
131 197
132 201
137 450
140 116
141 312
171 301
175 101
189 276
190 384
197 383
203 496
204 524
211 360
216 353
218 439
219 84
222 374
228 74
235 56
236 121
239 379
246 112
249 57
259 15
268 570
271 1
272 164
275 62
280 120
286 231
290 508
298 33
300 238
305 324
309 171
311 618
324 346
327 98
335 189
336 196
338 492
339 652
345 77
348 540
357 503
358 623
363 443
365 658
371 692
374 378
379 131
386 122
391 155
394 676
400 364
401 404
402 398
406 392
413 218
414 462
416 642
420 213
421 261
427 323
430 627
431 641
435 490
439 640
441 272
450 502
453 699
454 738
469 759
472 246
477 771
481 473
487 703
488 782
493 222
494 278
495 537
496 512
497 559
501 501
503 792
508 302
509 347
515 536
516 305
517 598
523 626
525 804
529 328
531 741
536 500
549 838
553 358
560 784
563 589
564 690
566 836
573 577
574 597
575 498
582 631
592 730
598 526
599 754
601 465
602 827
604 654
614 511
615 655
616 521
621 745
623 861
626 753
628 842
631 518
634 834
635 849
642 436
643 639
654 497
658 871
660 907
661 917
668 461
671 900
675 596
676 629
678 766
680 564
681 968
685 817
689 886
690 911
697 857
702 628
703 790
712 965
717 997
721 874
727 643
729 773
730 844
732 856
734 538
736 412
740 679
742 846
749 572
750 778
751 833
752 870
756 873
757 1038
763 899
765 1016
766 996
768 637
778 845
789 793
795 832
796 808
800 906
801 933
806 898
808 1101
818 1058
824 1094
830 1100
832 594
833 694
839 853
841 937
847 678
852 727
853 891
854 897
862 884
863 583
865 930
866 1136
868 1137
870 731
877 579
879 1086
881 1171
886 1151
889 831
891 953
894 1154
895 1155
902 686
903 1046
904 1064
907 742
916 1008
925 749
927 1186
931 890
932 1144
933 1012
936 1195
944 1208
945 1226
948 896
952 1063
954 1207
956 801
958 1088
959 786
960 826
961 830
966 1185
967 1035
968 1109
971 1142
973 1254
979 1179
980 1217
982 1276
987 913
990 1148
992 739
993 883
994 1119
997 1120
998 1261
999 1269
1004 816
1005 809
1007 910
1008 1260
1010 1124
1014 1163
1015 1243
1016 1283
1019 1113
1021 1319
1029 1174
1038 929
1039 948
1043 958
1044 1303
1049 1213
1052 986
1053 944
1057 1342
1069 950
1071 1385
1072 1457
1074 909
1075 1043
1082 1242
1085 1449
1087 1053
1088 1091
1089 1432
1095 1007
1096 1378
1110 1396
1117 1110
1121 1268
1122 1316
1124 922
1127 1230
1137 977
1139 1015
1140 1048
1142 1083
1154 1060
1159 1253
1162 1161
1163 1311
1164 1513
1166 1514
1174 1051
1184 1160
1188 1329
1189 1502
1194 1090
1199 1252
1201 1444
1203 1141
1207 1078
1208 1211
1212 1221
1215 1365
1216 1553
1218 1239
1221 1321
1225 1418
1226 1517
1228 1439
1230 1575
1232 1176
1233 1594
1239 1222
1243 1259
1244 1240
1251 1170
1252 1190
1261 1112
1263 1183
1270 1238
1272 1106
1276 1560
1284 1465
1285 1570
1289 1545
1297 1216
1298 1390
1304 1515
1305 1623
1307 1145
1309 1384
1313 1205
1318 1427
1322 1618
1327 1539
1328 1314
1336 1635
1348 1752
1351 1333
1354 1404
1355 1409
1358 1750
1363 1563
1364 1626
1369 1247
1371 1417
1374 1293
1375 1324
1376 1369
1380 1403
1381 1431
1382 1698
1385 1307
1386 1355
1388 1296
1389 1483
1390 1599
1392 1250
1393 1372
1399 1368
1400 1710
1402 1354
1403 1380
1407 1640
1416 1717
1419 1287
1422 1730
1425 1352
1429 1650
1433 1383
1434 1447
1435 1437
1442 1458
1446 1744
1449 1367
1450 1402
1460 1327
1467 1345
1479 1589
1481 1781
1484 1590
1489 1401
1497 1289
1499 1693
1500 1379
1502 1568
1503 1726
1507 1649
1512 1621
1518 1579
1519 1633
1523 1399
1524 1479
1526 1720
1530 1478
1533 1236
1534 1555
1538 1542
1546 1735
1547 1796
1549 1761
1553 1814
1554 1382
1558 1747
1561 1655
1577 1668
1579 1779
1580 1804
1584 1697
1590 1498
1592 1546
1597 1789
1612 1676
1622 1549
1629 1667
1630 1802
1633 1696
1634 1712
1640 1689
1652 1836
1660 1973
1664 1660
1670 1807
1671 1864
1687 1732
1688 1740
1696 1674
1706 1746
1711 1950
1729 1755
1730 1778
1746 1723
1755 1775
1757 1795
1763 1577
1766 1811
1771 1703
1772 1745
1779 2027
1783 1793
1785 1832
1791 1932
1811 2048
1812 1776
1815 1965
1816 1966
1818 1783
1823 1889
1824 1815
1826 1936
1831 1856
1849 1835
1869 2125
1872 1899
1883 1885
1885 1855
1886 2020
1894 2147
1900 1764
1902 2028
1918 1953
1919 1972
1920 1964
1923 1916
1924 2033
1940 2256
1950 2011
1959 2023
1961 2019
1962 2058
1967 2018
1981 2010
2047 2151
2056 2083
2072 2232
2081 2184
2089 2100
2105 2240
2110 2248
2116 2231
2126 1991
2127 2275
2144 2007
2151 2228
2156 2197
2166 2017
2178 2170
2196 2325
2221 2370
2226 2387
2227 2341
2275 2285
2331 2291
2335 2374
2370 2227
2449 2368
2476 2353
