f_0082412.png f_0082918.png
33 609
187 1690
254 442
264 2297
294 1437
321 82
367 533
371 956
424 1600
439 1588
457 840
466 1547
498 263
514 2612
560 2378
593 989
606 961
607 1295
644 268
688 814
715 1872
758 508
759 1151
768 2395
777 790
816 706
827 853
829 1314
840 619
841 516
843 1724
874 313
956 1441
962 1947
964 1540
965 321
980 838
992 2411
1026 161
1049 1484
1084 434
1101 1494
1124 2119
1136 928
1172 625
1178 1599
1216 240
1220 1008
1240 1769
1248 2282
1272 1903
1336 2881
1339 993
1356 2668
1359 1099
1362 2008
1380 2803
1392 398
1403 260
1414 121
1440 226
1441 1404
1487 1126
1527 201
1530 2749
1548 1473
1578 1183
1625 720
1626 168
1638 718
1682 1210
1684 2898
1695 2746
1696 2182
1710 60
1723 1525
1732 2551
1736 919
1760 548
1812 841
1866 429
1894 1403
1896 2813
1905 1372
1925 2971
1976 2843
1985 116
2038 482
2056 1357
2117 1113
2135 2406
2157 1022
2171 2706
2217 238
2243 1493
2446 2665
2557 2108
2570 1059
2571 2115
2597 486
2600 859
2629 12
