f_0082952.png f_0082912.png
86 1444
121 2967
166 262
183 2477
186 893
226 1658
237 1095
284 49
286 1264
304 2419
312 1028
319 2596
347 1287
358 221
372 191
373 123
395 344
400 2548
427 1053
429 229
435 2116
447 1252
458 2559
476 1652
477 995
516 906
525 385
541 1424
552 2786
555 1380
560 230
574 2706
586 56
609 2452
623 1986
633 911
658 1038
664 2900
701 2660
721 1693
745 2823
754 799
770 745
771 1355
775 579
783 1976
791 12
799 2897
805 870
808 285
832 1196
835 513
840 294
845 5
861 2031
865 84
897 127
902 1475
915 1033
928 1386
936 2115
943 2230
967 946
971 2156
976 1701
986 1366
1038 1511
1061 1273
1066 2911
1071 1060
1073 2259
1113 2134
1114 487
1127 1725
1133 298
1136 2024
1137 2702
1185 22
1198 1109
1203 1319
1204 1560
1205 2855
1212 1805
1224 161
1238 2233
1245 1785
1260 2325
1280 818
1283 443
1307 1676
1312 852
1322 2434
1327 2177
1338 1510
1342 2912
1363 929
1371 206
1406 1554
1409 1638
1416 1644
1428 2737
1442 1089
1498 882
1503 931
1505 1369
1514 1431
1515 1792
1535 2320
1536 850
1540 2792
1541 2139
1557 2014
1566 2741
1567 1286
1570 2956
1579 1495
1590 1874
1625 1194
1636 2611
1639 130
1656 4
1661 1130
1667 2975
1674 1823
1683 2954
1685 2176
1692 2128
1701 843
1703 960
1705 2198
1708 2558
1719 2889
1760 445
1763 2158
1780 505
1787 547
1790 2811
1806 1633
1808 861
1817 1875
1833 1559
1834 2351
1840 158
1863 1731
1871 1522
1875 695
1877 633
1886 2530
1903 1833
1915 1918
1918 2050
1919 2998
1934 1339
1937 2055
1950 2561
1955 652
1972 2711
1983 661
1991 1982
2005 787
2009 2820
2010 2753
2015 1728
2028 664
2032 2534
2048 2654
2063 2602
2081 659
2092 1313
2105 1029
2136 2182
2142 2987
2157 342
2164 1791
2183 1524
2209 1894
2221 538
2222 192
2241 2921
2250 1438
2295 378
2308 2170
2329 2766
2334 485
2336 2901
2388 2513
2410 410
2419 21
2448 1186
2473 1632
2507 2416
2521 1314
2527 2487
2528 379
2535 1564
2547 2830
2570 387
2572 2054
2577 438
2609 46
2634 276
2648 1050
2691 2294
2695 1036
2741 2552
2742 2635
2750 1105
2755 1375
2768 1583
2782 860
2784 2893
2791 362
2797 498
2823 313
2825 407
2848 1003
2854 180
