f_0082452.png f_0082776.png
35 106
50 2
93 109
109 192
113 164
121 56
130 67
145 174
147 16
163 239
168 26
201 307
239 481
274 344
275 274
311 84
332 286
341 390
393 243
416 438
487 101
494 141
503 5
515 176
526 119
577 401
595 413
612 264
616 345
647 311
666 121
710 337
727 523
733 182
742 261
777 278
782 519
783 282
788 312
792 596
803 184
804 414
805 329
830 198
836 351
837 301
843 555
851 161
856 366
875 581
895 489
916 592
926 512
946 387
964 611
972 384
1002 621
1003 569
1011 142
1015 500
1028 538
1036 708
1039 388
1040 677
1056 603
1075 754
1084 599
1107 687
1131 628
1154 656
1158 638
1171 723
1186 393
1187 678
1206 658
1208 763
1227 424
1228 666
1238 779
1253 834
1268 715
1285 425
1291 604
1294 667
1304 755
1313 888
1320 827
1322 492
1328 879
1329 756
1330 786
1341 702
1345 900
1365 551
1368 906
1372 537
1377 796
1381 868
1384 935
1413 558
1418 925
1434 605
1454 892
1460 757
1473 850
1477 927
1486 944
1487 936
1502 976
1508 806
1509 807
1514 823
1524 829
1532 866
1550 893
1561 709
1573 1409
1577 875
1587 682
1608 864
1616 941
1619 896
1626 1027
1632 1014
1664 1232
1674 938
1684 795
1704 962
1727 1066
1728 965
1739 992
1756 942
1761 897
1764 1072
1767 1477
1793 1120
1805 1269
1810 1218
1816 1015
1832 1073
1891 1823
1926 1291
1943 1887
1954 1390
