f_0082492.png f_0082968.png
60 142
201 299
270 292
352 464
353 499
400 492
402 511
493 733
638 825
719 911
757 942
835 1179
874 1000
890 1219
911 1218
960 1296
1026 1431
1101 1443
1102 1528
1111 1419
1214 1489
1252 1505
1260 1364
1284 1640
1318 1590
1439 1465
1452 1794
1467 1572
1488 1516
1611 1686
1622 1761
1625 1913
1633 1625
1669 1656
1687 1706
1731 1931
1734 1757
1752 1740
1788 2066
1832 2099
1846 2040
1869 1976
1872 1985
1953 1955
1967 2079
1983 2214
1998 2257
2007 1965
2020 1939
2026 2384
2028 2048
2031 2145
2032 2230
2050 2341
2087 1945
2098 2198
2105 1838
2122 2001
2146 2327
2158 2015
2175 2144
2204 2399
2230 2389
2326 2050
2338 2406
2345 2292
2346 2394
