f_0082724.png f_0082872.png
4 351
5 750
21 630
26 531
28 329
30 637
50 451
64 171
65 416
71 350
81 596
82 670
85 343
87 287
88 539
89 677
96 415
98 775
104 296
108 669
116 103
117 629
120 389
121 558
126 486
127 498
129 703
131 1066
138 725
145 1428
150 1138
164 923
170 537
178 402
180 682
181 770
188 622
195 317
196 555
208 967
210 496
212 1081
219 444
221 1404
224 579
230 1241
238 599
239 700
245 922
250 395
254 638
279 1282
281 271
282 681
285 233
286 312
296 816
299 815
308 1431
313 989
315 1373
319 873
320 1091
321 1477
324 749
328 978
334 1518
336 572
345 1219
346 598
350 1488
353 1218
360 566
368 1055
369 1130
371 609
377 960
382 1617
383 748
384 1154
389 606
390 1214
400 1028
406 1139
407 1153
409 1254
411 1279
418 615
419 746
428 1321
441 1425
450 1109
456 1054
457 1249
459 635
460 738
465 1253
466 1681
469 1912
478 921
481 1129
482 760
488 1622
493 1471
496 1159
497 1160
500 1023
510 1497
522 920
524 846
527 1358
531 1538
537 1196
538 1341
540 805
541 880
544 1643
556 1350
560 1854
568 1446
575 1702
581 1587
582 1603
583 900
584 1168
587 866
596 1620
598 790
604 1695
610 828
615 1753
619 1996
626 1053
628 1868
629 951
630 1072
635 865
636 1602
637 1672
640 1332
646 995
658 1780
662 1052
667 1847
668 1018
673 1710
679 1586
681 1999
684 975
692 1368
703 1542
716 2079
717 1032
718 1259
719 1528
728 1039
735 1003
747 994
748 1248
758 1836
759 2021
763 1295
768 1508
770 1863
771 2003
773 1515
775 1971
781 1917
788 1752
803 1492
804 1514
806 2002
811 2355
813 1700
820 2020
823 2169
827 1874
837 1474
840 1920
847 2032
851 2309
859 2210
862 2047
868 2331
869 1953
875 2245
876 2340
884 1976
889 1391
892 2410
895 2350
899 1367
901 2287
903 2077
905 1636
908 2028
911 1521
912 1601
923 1801
932 2226
940 2399
943 1580
944 2064
951 2129
953 2370
959 1704
962 1725
988 1984
998 2086
999 2265
1001 2389
1004 2183
1007 2143
1008 1786
1016 2110
1019 1948
1030 1258
1031 2339
1032 2173
1034 2283
1037 2139
1045 2296
1049 2159
1055 1433
1058 2338
1061 1716
1062 1862
1065 2241
1068 1975
1081 2069
1084 2254
1089 1584
1094 2023
1104 2132
1108 2282
1116 2334
1121 2319
1135 2253
1140 2651
1143 2634
1146 2374
1154 2264
1158 2263
1164 1615
1169 1857
1171 2444
1173 2676
1182 1653
1183 1881
1185 2202
1190 2056
1192 2664
1201 2737
1203 2260
1211 2258
1218 2252
1219 2324
1225 1715
1227 2239
1229 2351
1232 2217
1236 2215
1239 1708
1251 2123
1258 2302
1262 2700
1263 2814
1273 1754
1286 2380
1335 2530
1358 2199
1363 2131
1374 2709
1375 2291
1380 2505
1396 2544
1434 2841
1450 2141
1465 2847
1476 2630
1508 2715
1545 2432
1567 2481
1628 2441
1630 2772
1669 2724
1695 2718
1703 2790
1706 2900
1736 2771
1738 2744
1744 2437
1749 2552
1753 2717
1762 2789
1777 2713
1835 2726
1901 2608
1980 2592
2019 2831
2032 2604
