f_0082864.png f_0082872.png
0 719
7 838
20 2520
22 731
24 2648
25 1430
26 1677
29 1740
31 2085
32 639
33 1472
34 1679
36 1335
37 153
38 2366
42 1856
46 1355
47 1489
48 1056
49 1479
50 774
53 1698
58 2601
63 255
68 2196
69 1822
71 2626
76 1473
77 531
80 2515
84 315
92 1645
99 134
102 1047
105 1050
106 693
110 725
112 1801
113 1642
114 905
115 644
116 2007
117 427
121 92
132 1125
140 2320
141 1476
142 1080
143 2766
151 1769
155 713
156 939
159 1440
162 1094
164 2321
165 1487
166 1606
168 527
173 617
178 675
181 572
182 444
184 2301
188 220
190 2582
191 1441
201 2116
203 1304
204 590
206 903
208 1900
213 1776
214 358
215 683
216 703
218 44
221 608
223 1991
224 708
225 1372
230 1267
231 2068
239 1710
240 1402
242 1638
244 185
245 1013
247 1456
249 410
253 1524
256 1260
258 2422
261 1660
264 518
266 2079
268 36
269 382
272 848
275 293
277 662
279 2610
280 1353
281 1346
282 846
285 1130
288 117
291 2664
293 1925
297 212
303 2442
305 2289
307 996
308 584
309 1240
310 1250
312 1436
316 372
325 2183
326 453
327 234
328 499
337 1155
339 596
341 691
342 2143
343 1609
346 1434
353 623
354 1015
355 345
364 2304
365 1248
367 178
368 37
374 1762
375 802
378 95
381 2785
383 766
384 318
386 674
388 812
393 2845
399 538
403 1525
409 2306
410 2525
412 1955
417 779
421 1210
424 1834
426 1120
427 1234
428 480
429 1812
433 1824
437 1206
438 1583
441 1449
443 999
445 487
448 415
451 1811
459 1670
464 1558
468 1996
476 434
477 1711
481 854
482 629
492 2743
493 2252
495 1528
501 1215
504 938
508 471
514 666
520 1570
522 810
523 1940
524 2519
525 1313
530 1641
532 619
535 1152
541 199
542 1224
544 2012
545 1201
547 247
549 299
551 1324
552 718
553 273
555 581
558 340
560 1718
563 1162
568 2318
580 2710
581 775
590 1204
592 692
597 650
598 1411
599 2360
601 1947
602 2028
608 1235
609 1702
611 2020
612 543
618 1088
619 1973
620 2536
621 2061
622 625
624 1448
625 513
636 1011
638 730
640 704
647 2251
651 2333
661 554
671 1184
672 1736
674 2493
677 761
681 2480
687 2081
688 2282
689 533
690 1901
692 2614
698 1580
700 360
701 1482
704 2382
705 123
707 313
709 1178
718 801
721 79
723 280
732 738
735 597
738 1746
740 2691
745 981
746 2086
749 290
751 1649
754 2077
763 2121
764 690
765 1081
766 2089
768 1939
770 500
771 1265
778 839
779 2137
785 2465
787 540
790 677
791 750
793 1849
809 2307
811 685
819 606
824 1867
829 1046
831 2040
832 679
833 1283
837 791
838 1004
841 547
844 2207
845 498
851 2017
855 1612
856 2348
860 726
861 282
870 466
871 193
873 1569
877 417
888 1537
890 1865
892 561
894 2154
896 1273
899 780
901 1408
907 1579
910 287
913 770
917 997
918 2111
920 755
921 2632
925 133
926 1990
928 1373
930 1727
935 1722
937 965
939 2780
945 1745
946 2309
952 525
953 1484
958 2848
959 2750
960 115
962 668
965 374
971 1699
972 1891
973 688
976 2090
978 901
979 1067
980 1035
984 7
986 2109
988 1053
992 1899
994 63
996 1288
997 265
998 579
1001 2054
1003 1816
1004 2285
1005 1385
1017 1695
1022 1394
1023 1956
1028 858
1029 955
1030 1502
1033 2065
1037 1807
1041 2834
1046 2118
1048 889
1052 2562
1055 1997
1057 1189
1058 1992
1059 1532
1060 1559
1065 1341
1072 1172
1078 2453
1079 1071
1082 152
1083 1153
1084 24
1087 1805
1094 1475
1097 1563
1105 740
1109 2250
1111 1868
1112 1197
1113 1598
1117 1787
1121 1646
1122 2531
1125 1933
1129 139
1131 324
1141 391
1146 1110
1148 264
1149 893
1150 272
1151 804
1156 768
1159 2530
1160 1252
1162 1534
1163 2201
1164 1923
1171 2499
1173 225
1174 2389
1178 2310
1179 574
1180 1452
1191 2569
1195 945
1197 192
1198 904
1200 2554
1204 976
1207 1348
1208 205
1209 1498
1214 964
1217 321
1225 2203
1228 1181
1231 28
1232 2277
1243 711
1250 2501
1261 1578
1262 857
1267 2132
1271 2698
1281 2668
1282 1185
1284 1648
1287 1566
1292 2686
1293 2396
1296 1682
1304 2162
1306 1694
1310 333
1313 1588
1316 517
1318 1099
1321 1683
1322 715
1324 873
1337 2406
1338 1001
1341 1111
1342 2311
1345 1600
1347 1998
1348 799
1349 1672
1359 140
1361 735
1364 1272
1365 1681
1372 2052
1377 1654
1378 1573
1389 274
1394 2612
1400 689
1404 1112
1408 743
1409 1685
1410 2163
1417 1270
1423 326
1425 2762
1429 2060
1430 1621
1431 2751
1437 1795
1447 1322
1450 2662
1451 1091
1454 2130
1457 2858
1460 1577
1463 1728
1473 1882
1479 104
1481 1052
1482 2414
1486 1182
1491 1860
1493 2351
1497 733
1498 1118
1499 1082
1500 2733
1503 671
1504 1568
1508 592
1510 2731
1511 1544
1524 1543
1528 371
1532 927
1533 992
1535 1605
1539 2048
1548 2322
1556 2147
1559 388
1566 1796
1570 2405
1578 534
1579 2248
1581 1966
1583 1420
1588 1282
1589 187
1592 62
1593 868
1595 1132
1596 1123
1597 1586
1605 985
1607 210
1611 1760
1615 2159
1617 1540
1619 1066
1622 2296
1626 832
1631 2490
1632 163
1641 308
1643 497
1644 263
1649 1942
1652 1378
1654 2281
1655 1644
1660 275
1667 202
1674 2460
1677 695
1680 2837
1687 2141
1689 2149
1699 1833
1700 2483
1701 1907
1704 1087
1705 1287
1706 411
1708 2419
1712 2887
1713 381
1719 229
1720 797
1721 1192
1728 875
1729 1141
1732 529
1733 502
1737 1491
1748 1374
1749 1516
1750 2244
1752 593
1757 1055
1760 31
1761 934
1763 1458
1765 1244
1770 1065
1773 2265
1779 2298
1780 418
1783 1571
1789 2347
1790 1483
1793 2726
1805 359
1810 1984
1812 2716
1819 2387
1826 91
1827 637
1831 126
1837 1538
1840 2243
1842 2174
1843 1808
1853 2179
1859 2135
1860 1312
1868 2150
1871 1367
1873 2888
1885 658
1886 109
1887 2050
1889 1517
1904 1911
1905 1144
1908 2166
1910 752
1911 423
1915 143
1920 2508
1954 1468
1957 660
1960 603
1977 972
1978 881
1986 549
1997 1417
1998 1218
2008 2126
2009 1275
2012 2122
2014 1388
2016 1220
2017 2314
2025 2022
2033 409
2034 2247
2040 2650
2045 1298
2047 744
2051 2430
2052 1995
2054 1230
2059 2200
2062 292
2063 1061
2076 1180
2087 819
2096 380
2101 1986
2104 1380
2107 194
2111 1360
2113 1652
2116 795
2117 2507
2123 1884
2124 732
2130 963
2131 1381
2132 1358
2134 1474
2135 2775
2139 1887
2144 320
2145 1999
2153 1716
2154 1599
2155 1674
2157 257
2163 659
2164 2417
2166 1384
2176 1453
2181 337
2188 1965
2191 2590
2193 1463
2201 1758
2204 2032
2214 631
2218 987
2222 1174
2228 1971
2229 1919
2230 1029
2231 2327
2234 598
2238 1737
2242 552
2244 1738
2251 286
2252 1827
2253 158
2256 2123
2263 1913
2264 2578
2271 2448
2280 1560
2281 1862
2287 1427
2293 2010
2302 624
2304 297
2305 995
2313 798
2315 111
2316 1043
2319 953
2321 1981
2323 2169
2328 1320
2331 1810
2332 2690
2333 2737
2334 669
2337 1844
2340 241
2341 1734
2354 1731
2356 2605
2358 2284
2359 1786
2360 1074
2361 2828
2370 1254
2371 1027
2375 1703
2382 863
2385 2600
2393 2069
2394 2622
2396 441
2398 1177
2400 1696
2412 1437
2414 1601
2416 1874
2421 354
2427 626
2428 1539
2432 303
2433 2746
2434 1946
2439 1340
2442 1542
2449 1034
2454 2367
2458 1864
2459 1977
2461 1187
2464 815
2469 1398
2480 1368
2484 2429
2489 2654
2497 990
2500 1594
2501 446
2504 317
2507 1212
2508 2505
2513 2607
2516 2062
2518 2240
2520 1832
2523 2587
2529 2245
2531 2445
2540 922
2547 238
2548 180
2550 2075
2555 56
2558 716
2561 1040
2567 836
2570 2097
2574 809
2575 588
2585 1147
2587 1023
2591 2339
2594 1226
2597 1962
2599 4
2603 1697
2606 465
2608 2439
2609 1692
2611 2577
2612 2082
2614 1858
2616 1889
2626 181
2629 1497
2630 2776
2632 1730
2633 248
2641 645
2650 231
2656 325
2658 71
2662 1952
2674 2235
2676 2239
2684 806
2685 852
2689 1836
2693 1214
2701 1828
2707 2332
2711 1565
2723 2633
2729 1169
2732 1325
2733 1334
2734 699
2736 2893
2742 1319
2745 1470
2746 902
2748 35
2751 1451
2752 1918
2754 951
2758 1329
2759 1637
2770 99
2776 1138
2777 1100
2783 2063
2784 1315
2786 1439
2788 2579
2789 2444
2796 2586
2799 1506
2802 1311
2803 1078
2806 1608
2809 970
2810 1691
2812 991
2814 874
2815 2421
2816 850
2824 196
2826 1896
2827 2217
2829 2125
2832 865
2833 1930
2842 1168
2845 55
2856 942
2857 1186
2859 800
2862 1140
2863 651
2864 2415
2870 1323
2874 959
2886 1902
2887 1342
2894 2702
2896 1792
2902 1330
2903 1387
2907 1438
2916 405
2920 2455
2923 2425
2924 1309
2928 727
2932 2338
2936 2693
2938 2573
2946 729
2949 1008
2950 825
2952 467
2953 2416
2960 1242
2963 2649
2977 827
2979 1364
2986 882
2994 2459
