f_0082882.png f_0082670.png
85 37
89 19
92 8
103 65
106 59
116 68
128 86
129 87
133 120
138 57
150 140
151 75
162 148
165 132
176 123
178 128
182 174
183 167
191 210
193 163
195 177
196 200
200 176
207 249
208 252
209 253
212 228
216 218
222 229
223 233
228 285
230 254
231 237
234 243
236 259
245 280
247 293
251 273
254 294
255 261
259 320
262 310
263 302
272 309
275 316
278 311
280 295
281 315
282 347
285 353
291 326
293 333
301 385
302 372
322 373
334 515
335 533
340 448
346 435
349 438
355 449
359 439
365 469
372 487
379 498
406 735
420 560
430 631
440 797
441 640
442 653
447 644
448 663
461 674
466 623
471 692
472 707
473 694
477 717
484 736
497 753
501 754
506 815
515 833
522 721
536 759
552 818
568 879
574 1005
581 846
587 915
589 926
592 1063
606 970
607 954
610 993
612 964
613 937
617 936
619 933
626 997
632 1018
636 1051
638 976
641 1257
643 1014
650 980
652 1008
653 1006
656 908
659 1052
667 1075
671 1288
675 1080
678 1148
687 1094
689 1236
691 1050
695 1074
704 1115
705 1077
715 1213
717 1152
727 1333
728 1242
730 1168
734 1150
741 1190
743 1359
753 1249
759 1218
768 1436
772 1224
780 1291
782 1266
790 1260
794 1326
817 1350
825 1368
830 1370
834 1367
844 1409
850 1522
857 1530
863 1429
869 1477
880 1476
890 1507
892 1439
894 1461
905 1640
911 1571
980 1724
992 1565
1025 1919
1050 1934
1063 1944
1078 2057
1086 1633
1106 2058
1117 2118
1141 2049
1147 1892
1151 2123
1153 2038
1180 2103
1285 2171
1288 2077
1316 1940
1324 1961
1325 1960
1331 1974
1344 2198
