f_0082412.png f_0082876.png
28 51
34 88
40 39
48 77
125 179
151 225
233 223
238 332
247 267
287 383
348 252
354 284
357 260
367 300
401 354
524 406
616 467
649 445
672 352
673 386
789 521
799 769
820 601
884 776
923 587
1023 768
1049 955
1054 714
1089 722
1101 922
1106 788
1126 1002
1193 1060
1247 1168
1316 996
1345 1241
1361 1025
1362 1079
1502 1091
1665 1139
1765 1243
1790 1208
1796 1303
1885 1176
1911 1414
1939 1450
1942 1211
1994 1487
2044 1553
2045 1348
2219 1392
2234 1644
2276 1670
2332 1627
2402 1703
2639 1844
