f_0082928.png f_0082670.png
2 307
5 169
11 312
12 247
13 239
16 65
19 241
23 263
25 240
27 49
33 456
37 242
42 41
45 180
51 343
53 164
54 338
62 179
66 327
70 181
78 543
89 330
90 264
94 208
95 112
97 161
100 89
108 319
109 271
113 393
114 380
121 356
131 155
133 209
144 515
150 553
151 396
159 182
164 505
167 500
175 203
179 272
192 409
193 367
195 93
203 464
204 340
209 443
212 198
217 249
223 386
225 210
233 289
238 533
239 413
240 381
244 484
247 562
249 377
250 328
252 141
255 403
268 397
272 506
273 497
276 253
279 652
287 624
289 511
295 171
297 618
301 486
302 369
313 599
322 666
324 304
345 453
346 404
358 704
360 213
371 232
385 76
391 254
396 336
397 43
404 630
405 382
409 387
410 273
416 347
424 351
429 324
439 430
443 410
444 352
449 779
454 609
456 258
457 673
459 310
462 554
472 656
473 431
480 620
491 760
492 589
495 266
502 302
517 333
518 235
522 257
525 557
541 371
550 385
551 147
554 605
561 321
563 365
564 325
565 237
570 530
577 647
587 419
600 216
603 418
609 619
610 383
614 725
617 724
648 322
649 861
651 616
657 433
660 447
662 411
668 421
669 610
675 918
685 873
688 448
704 452
708 657
709 491
710 477
719 508
720 468
721 469
739 504
740 492
742 507
743 487
760 509
769 501
771 502
772 794
776 445
781 534
784 863
786 648
787 643
804 956
810 1028
817 632
819 538
823 547
828 687
829 637
834 635
835 636
847 912
848 883
857 826
863 625
868 611
872 940
873 865
874 829
880 566
898 845
902 924
908 1070
913 674
928 621
929 1001
930 640
933 600
939 953
942 1147
943 1125
947 655
956 729
971 1181
974 860
989 692
991 1195
1001 676
1016 754
1027 1219
1029 1104
1031 1089
1037 670
1047 1081
1053 958
1067 785
1077 1257
1079 993
1086 1343
1088 813
1112 790
1113 805
1114 788
1121 803
1136 1093
1137 830
1138 818
1145 1051
1147 841
1151 796
1155 888
1157 1411
1163 974
1164 914
1168 1319
1169 1018
1175 1182
1194 1096
1204 1073
1209 853
1215 901
1217 846
1222 842
1223 851
1225 964
1226 939
1234 955
1236 876
1247 1402
1264 1247
1266 1065
1273 1363
1276 893
1279 903
1287 1015
1288 998
1293 856
1312 1120
1326 1006
1327 922
1330 960
1336 1142
1353 1079
1354 937
1366 975
1369 1323
1370 942
1386 871
1388 1237
1392 948
1396 961
1399 965
1402 1296
1406 1495
1421 971
1449 999
1454 1016
1482 1184
1485 1218
1486 1162
1487 1067
1496 1241
1500 1092
1505 996
1509 1167
1510 1048
1513 1027
1514 1185
1515 1002
1520 1084
1525 1076
1535 1214
1536 1403
1541 1604
1544 1121
1546 1603
1550 1325
1553 1303
1556 1150
1569 1158
1591 1701
1595 1707
1609 1136
1614 1662
1617 1276
1618 1277
1622 1302
1623 1215
1636 1285
1640 1209
1647 1387
1651 1496
1659 1672
1664 1266
1668 1243
1670 1164
1671 1329
1677 1279
1689 1290
1691 1366
1696 1576
1699 1291
1718 1441
1723 1304
1726 1389
1730 1336
1741 1350
1759 1370
1760 1399
1773 1421
1777 1397
1780 1380
1784 1682
1789 1479
1794 1797
1796 1416
1798 1448
1807 1423
1809 1555
1814 1409
1820 1833
1828 1452
1852 1806
1880 1789
1894 1546
1904 1515
1905 1482
1916 1438
1946 1404
1956 1791
1961 1786
1976 1768
2012 1574
2083 1855
2100 1627
2102 1571
2119 1879
2122 1964
2141 1649
2154 1882
2225 2072
2279 2110
2294 1809
2300 1943
2308 2073
2310 1856
2312 1850
2313 1689
2369 2142
2380 1895
2403 2078
2461 1904
2469 2153
2475 2174
2534 2083
2535 1953
2547 1871
2580 2184
2586 2175
2653 2015
2660 2055
2673 2052
