f_0082958.png f_0082942.png
1 225
21 183
30 165
36 197
39 175
43 137
62 212
92 267
94 274
134 206
162 133
173 245
179 276
192 360
231 324
233 286
239 302
258 352
270 220
288 295
296 335
303 343
326 368
335 315
336 296
349 347
354 333
370 508
378 421
388 375
392 436
402 316
403 435
491 471
492 444
500 536
502 491
503 454
514 656
519 494
537 514
550 485
553 523
554 445
558 603
559 524
570 433
581 669
596 664
597 582
599 462
603 621
606 521
631 616
632 697
639 646
640 532
643 707
658 529
659 703
662 554
671 661
675 598
676 547
680 575
686 761
693 562
717 588
727 777
729 662
730 654
749 794
754 683
769 705
773 727
774 709
777 681
778 771
793 784
795 789
820 851
837 815
839 748
841 816
842 706
845 799
846 766
848 756
857 755
866 798
869 831
870 787
871 739
877 876
885 773
891 842
892 785
899 781
910 933
911 763
921 764
930 843
936 775
946 788
948 953
967 802
970 865
984 800
985 791
991 811
992 886
993 838
996 801
998 810
1002 819
1006 803
1011 925
1018 920
1019 848
1020 813
1037 841
1045 1028
1054 891
1058 862
1061 997
1063 921
1064 907
1066 844
1071 866
1072 858
1073 1025
1075 946
1086 902
1088 975
1089 880
1097 1099
1098 923
1099 892
1101 884
1104 917
1110 1052
1113 973
1124 987
1125 985
1138 1084
1142 982
1146 979
1147 1053
1148 998
1151 948
1153 1117
1155 955
1157 1034
1159 960
1163 1023
1167 965
1174 1035
1184 1112
1185 992
1189 1164
1191 1073
1200 972
1202 1108
1209 1176
1213 1054
1226 1002
1230 1074
1236 1337
1240 1148
1241 1140
1242 1086
1243 1061
1250 1198
1253 1124
1259 1171
1260 1041
1269 1055
1272 1138
1273 1056
1276 1044
1279 1150
1280 1062
1282 1109
1283 1067
1294 1183
1298 1120
1299 1100
1303 1115
1308 1177
1311 1126
1319 1101
1320 1262
1324 1245
1330 1121
1332 1281
1358 1128
1363 1292
1364 1233
1365 1168
1367 1242
1372 1293
1378 1130
1380 1312
1385 1146
1391 1206
1403 1268
1413 1151
1418 1196
1423 1287
1430 1271
1437 1353
1439 1225
1442 1270
1443 1216
1452 1230
1465 1243
1470 1207
1471 1201
1473 1194
1485 1385
1486 1288
1502 1223
1507 1392
1512 1222
1514 1228
1534 1387
1535 1370
1539 1294
1550 1413
1551 1388
1556 1421
1560 1300
1563 1322
1564 1325
1567 1460
1574 1443
1580 1344
1583 1471
1586 1489
1593 1326
1596 1362
1599 1366
1604 1469
1607 1314
1613 1333
1616 1434
1619 1484
1625 1505
1634 1354
1645 1400
1646 1346
1650 1407
1651 1397
1659 1410
1667 1510
1668 1435
1675 1528
1676 1521
1677 1436
1681 1472
1688 1592
1689 1542
1693 1441
1704 1541
1708 1456
1714 1457
1720 1475
1726 1462
1740 1547
1746 1559
1749 1488
1754 1565
1755 1558
1774 1516
1779 1531
1789 1539
1793 1598
1798 1562
1805 1491
1810 1570
1821 1623
1832 1610
1860 1608
1867 1679
1869 1609
1872 1652
1887 1575
1889 1659
1905 1692
1922 1697
1932 1653
1934 1648
1944 1717
1958 1702
1959 1683
1980 1752
1983 1661
1996 1639
2014 1865
2015 1734
2032 1699
2033 1758
2037 1766
2043 1770
2047 1795
2052 1816
2059 1711
2066 1676
2068 1736
2131 1868
2161 1806
2162 1830
2170 1912
2177 1778
2183 1814
2199 1954
2231 1895
2232 1896
2250 1947
2256 1852
2300 1971
2318 2024
