f_0082412.png f_0082670.png
7 253
11 71
12 102
21 24
40 144
48 329
58 186
81 118
129 307
165 256
206 363
221 195
298 327
314 513
342 338
355 424
392 429
462 423
491 525
503 675
509 564
541 557
567 537
593 708
615 606
643 633
692 668
693 643
695 631
703 615
785 687
807 706
910 567
975 768
1021 764
1049 942
1058 815
1098 784
1103 800
1154 976
1229 1007
1247 1113
1356 1050
1358 850
1362 1067
1374 1174
1384 1014
1429 921
1502 1115
1506 1034
1519 1157
1539 1051
1565 1249
1592 1096
1619 1254
1650 1307
1677 1278
1690 1306
1707 1037
1716 1330
1718 952
1751 1329
1791 1349
1794 1088
1811 1367
1818 1178
1838 1140
1849 1221
1851 1064
1860 1282
1890 1398
1904 1191
1952 1172
2044 1529
2064 1340
2065 1247
2067 1314
2106 1346
2113 1488
2114 1519
2163 1289
2214 1234
2217 1541
2223 1533
2289 1414
2290 1518
2333 1419
2338 1412
2364 1456
2395 1742
2402 1771
2413 1579
2416 1505
2448 1547
2470 1572
2529 1647
2547 1749
2660 1720
