f_0082492.png f_0082876.png
32 58
40 32
44 8
82 98
92 134
104 72
115 191
133 180
141 157
201 231
210 123
233 224
236 198
271 270
278 228
293 264
340 308
359 315
367 316
370 252
372 379
379 353
386 383
404 278
412 338
423 378
428 367
463 372
472 412
482 371
485 390
516 341
519 427
550 438
573 406
586 446
587 456
598 455
626 472
638 467
644 530
648 465
653 525
656 542
664 522
669 501
682 538
689 582
694 581
712 482
732 535
737 452
739 471
740 513
741 616
744 475
749 607
751 612
767 594
797 648
798 649
815 665
828 521
850 510
854 549
876 716
894 568
906 566
907 621
927 586
933 669
934 677
936 739
1019 599
1033 619
1056 784
1061 776
1099 771
1106 775
1125 730
1168 762
1182 782
1213 828
1238 842
1267 831
1276 675
1335 850
1364 858
1371 865
1374 922
1426 883
1434 936
1437 821
1465 981
1499 1028
1507 1061
1551 1004
1557 1063
1585 975
1623 1088
1650 1100
1652 1129
1653 1140
1668 1075
1688 1143
1710 1114
1736 1183
1762 1172
1788 1212
1832 1241
1840 1220
1846 1242
1858 1217
1859 1233
1865 1297
1880 1275
1898 1319
1901 1289
1902 1329
1906 1231
1907 1305
1939 1279
1948 1304
1949 1342
1995 1369
2000 1397
2003 1292
2008 1360
2030 1359
2031 1420
2037 1378
2039 1361
2064 1358
2097 1433
2109 1441
2113 1446
2149 1461
2163 1467
2177 1471
2190 1481
2204 1500
2294 1598
2319 1473
2356 1520
2387 1626
2394 1628
2456 1569
2527 1707
