f_0082412.png f_0082952.png
39 32
60 755
79 568
90 622
133 503
167 474
173 799
203 73
256 106
258 47
271 84
484 379
519 494
526 967
568 1239
570 1313
584 1183
614 690
620 760
629 470
639 1018
660 976
688 1213
749 709
768 676
858 1138
865 1187
867 947
887 730
901 729
902 1472
1112 1626
1121 1150
1133 1005
1141 1186
1160 1093
1178 1297
1180 1259
1203 1030
1205 1880
1267 1604
1283 1312
1305 1502
1312 1908
1315 1596
1316 1618
1333 1590
1434 1689
1514 1668
1559 1600
1569 1697
1673 1869
1714 1456
1719 1579
1758 1898
1760 2253
1789 1637
1802 2020
1812 2288
1830 1999
1843 2148
1857 2026
1868 1994
2049 2242
2112 2072
2163 1595
2319 2179
2334 2023
2400 1804
2569 2320
2590 2108
2600 2466
