f_0082924.png f_0082946.png
3 134
5 153
14 99
15 155
33 176
34 208
37 72
51 169
52 217
54 69
58 259
62 224
63 283
65 127
66 115
68 178
73 139
78 125
79 137
87 173
91 93
92 151
97 320
99 223
125 244
129 221
130 237
138 186
147 339
152 157
155 372
163 258
174 319
181 202
193 371
194 150
195 228
203 415
208 429
210 242
216 295
219 382
220 216
221 152
223 250
224 281
229 440
235 337
237 384
238 385
240 450
249 357
255 387
256 396
262 287
265 364
266 410
274 354
288 459
301 383
302 498
307 212
319 423
328 293
330 168
333 400
337 162
338 292
341 414
342 215
348 220
350 454
351 472
357 463
358 478
363 535
364 492
368 227
369 438
370 536
371 531
373 336
375 404
384 457
385 509
398 309
399 323
401 422
402 466
403 506
409 265
412 380
413 453
420 563
427 562
429 377
431 409
434 516
447 469
449 586
450 426
455 572
458 280
460 236
461 335
463 442
464 599
466 248
470 505
474 391
485 533
492 302
503 504
505 648
510 432
511 511
514 570
516 678
522 554
524 379
525 446
530 606
544 583
547 481
553 540
554 590
557 569
559 659
566 411
569 412
570 431
571 425
576 694
579 634
596 639
599 615
600 690
607 628
608 345
613 740
616 476
621 451
624 706
625 322
626 452
627 477
638 500
640 623
641 702
646 672
648 745
649 566
653 726
654 496
655 705
659 673
661 693
664 816
670 526
671 720
672 713
673 739
676 723
677 724
681 737
686 514
690 416
691 494
692 593
693 637
701 638
702 692
704 790
709 602
728 735
729 814
730 820
731 905
734 480
739 513
742 840
744 467
747 883
748 468
752 670
755 813
763 845
767 846
772 796
773 818
778 930
783 665
786 879
789 782
795 885
802 893
803 852
808 801
809 863
811 808
814 915
815 547
816 836
817 843
821 765
822 771
824 924
827 760
828 849
829 870
830 878
835 699
839 990
841 741
847 929
850 827
851 804
855 812
856 848
858 1026
866 653
869 835
875 943
878 744
885 675
886 841
894 928
896 869
897 936
898 937
900 754
904 896
905 927
909 884
910 997
912 644
915 906
916 1006
917 977
926 757
927 923
928 971
929 1062
930 949
931 703
936 762
937 967
940 934
950 781
955 1045
957 1011
960 847
961 922
968 965
972 759
973 1022
976 751
986 1078
991 825
997 834
998 989
999 1121
1001 1064
1006 983
1009 887
1011 1060
1015 1021
1021 873
1022 1005
1025 866
1030 1092
1032 1040
1035 1095
1037 1132
1046 1020
1048 1165
1051 1098
1052 1131
1057 1172
1059 908
1060 901
1061 830
1069 1048
1072 1063
1075 899
1078 1208
1082 1073
1083 1139
1084 1130
1087 904
1090 1067
1094 1129
1095 1176
1102 876
1107 1019
1112 1118
1113 871
1117 1202
1118 1239
1120 1136
1122 1220
1127 974
1129 1175
1130 1001
1132 1128
1139 1157
1142 1228
1145 975
1148 1135
1149 1151
1150 1164
1163 1000
1175 1170
1177 1178
1180 1255
1183 1197
1184 1207
1190 1169
1194 1018
1198 1138
1209 1127
1214 1004
1215 1094
1218 1210
1220 1084
1223 1117
1228 1225
1230 1336
1232 1058
1233 1090
1235 1227
1240 1057
1242 1150
1243 1233
1248 1186
1253 1254
1261 1252
1263 1337
1266 1114
1267 1224
1270 1293
1272 1272
1273 1360
1277 1072
1278 1083
1290 1223
1292 1298
1293 1308
1295 1325
1297 1392
1298 1053
1299 1286
1303 1168
1309 1106
1311 1156
1317 1235
1323 1284
1324 1306
1329 1285
1331 1397
1333 1167
1334 1204
1336 1368
1343 1184
1346 1374
1347 1431
1348 1290
1349 1312
1357 1262
1371 1283
1372 1373
1373 1268
1375 1331
1387 1329
1388 1313
1391 1433
1392 1142
1395 1401
1398 1267
1401 1241
1408 1119
1410 1162
1412 1115
1414 1183
1416 1318
1421 1181
1422 1280
1434 1376
1437 1370
1440 1278
1441 1343
1443 1511
1448 1279
1449 1353
1451 1462
1453 1155
1456 1354
1459 1357
1465 1193
1468 1335
1471 1414
1473 1277
1475 1203
1481 1334
1484 1372
1485 1522
1487 1342
1492 1364
1495 1479
1504 1409
1505 1444
1509 1300
1510 1269
1516 1356
1520 1340
1521 1400
1524 1341
1526 1385
1527 1244
1531 1465
1533 1261
1538 1443
1540 1570
1541 1310
1544 1369
1558 1339
1568 1420
1577 1355
1580 1408
1581 1418
1584 1535
1592 1476
1595 1375
1602 1371
1606 1550
1613 1473
1615 1580
1617 1361
1623 1626
1632 1403
1633 1416
1636 1601
1637 1614
1640 1399
1645 1358
1646 1359
1655 1492
1657 1560
1665 1502
1668 1515
1670 1566
1676 1569
1687 1428
1691 1440
1700 1590
1701 1585
1705 1514
1706 1543
1708 1391
1714 1455
1718 1584
1719 1608
1725 1549
1727 1604
1734 1625
1739 1434
1743 1488
1744 1486
1754 1637
1756 1712
1757 1534
1760 1664
1764 1571
1766 1496
1768 1589
1773 1464
1776 1594
1787 1482
1794 1657
1806 1658
1811 1634
1812 1681
1813 1531
1815 1454
1816 1542
1819 1532
1827 1613
1829 1722
1831 1553
1832 1588
1837 1574
1840 1504
1842 1583
1845 1652
1846 1690
1853 1602
1855 1530
1856 1607
1858 1689
1864 1709
1866 1780
1870 1615
1878 1708
1880 1628
1881 1746
1885 1633
1887 1724
1888 1721
1890 1641
1892 1707
1893 1611
1895 1568
1899 1656
1902 1757
1904 1829
1906 1817
1908 1670
1910 1796
1916 1732
1919 1647
1922 1774
1926 1646
1927 1700
1928 1756
1932 1785
1937 1773
1946 1635
1950 1734
1957 1792
1958 1851
1962 1753
1965 1761
1972 1891
1973 1887
1976 1791
1977 1810
1979 1804
1984 1856
1985 1877
1990 1859
1996 1638
1998 1881
1999 1876
2001 1744
2002 1932
2006 1875
2012 1886
2013 1742
2014 1752
2015 1788
2016 1833
2020 1718
2030 1705
2032 1772
2034 1885
2038 1879
2042 1827
2043 1944
2044 1954
2045 1693
2051 1952
2058 1767
2061 1739
2069 1868
2073 1910
2078 1867
2087 1924
2093 1766
2097 1970
2100 1729
2104 2019
2105 2039
2107 2033
2110 1878
2112 1923
2113 1896
2120 1777
2126 1959
2151 2032
2153 1762
2160 1819
2164 1969
2169 2043
2170 1759
2172 1943
2174 1935
2180 2050
2184 2049
2191 1984
2193 1899
2203 2053
2204 2025
2208 1802
2220 2142
2225 1927
2230 2105
2232 1942
2236 2038
2238 2070
2242 1973
2247 2001
2249 1830
2251 2011
2253 2124
2260 2042
2277 2173
2279 1967
2283 2069
2290 2172
2291 2052
2295 1948
2297 2077
2298 2089
2315 2079
2316 2180
2325 2036
2327 2140
2332 2068
2336 2087
2344 2152
2357 2055
2361 2009
2363 2171
2369 2224
2386 2104
2392 2197
2407 2117
2412 2133
2413 2282
2414 1995
2415 2058
2418 2028
2420 2059
2421 2132
2423 2138
2424 2166
2434 2109
2437 2240
2443 2101
2445 2013
2448 2170
2450 2066
2465 2212
2480 2184
2496 2196
2500 2195
2502 2061
2504 2168
2506 2319
2519 2262
2522 2137
2526 2376
2527 2093
2532 2165
2538 2311
2541 2235
2546 2218
2554 2136
2556 2193
2558 2355
2561 2239
2567 2255
2570 2402
2572 2294
2577 2175
2582 2164
2598 2408
2599 2146
2601 2187
2604 2167
2626 2259
2634 2418
2650 2291
2662 2318
2664 2432
2669 2205
2674 2206
2689 2340
2690 2400
2700 2327
2711 2237
2712 2371
2734 2421
2738 2433
2740 2496
2753 2474
2765 2393
2766 2460
2779 2517
2782 2500
2783 2314
2786 2387
2797 2429
2819 2428
2821 2345
2822 2370
2824 2463
2828 2351
2829 2411
2836 2471
2838 2378
2839 2542
2842 2368
2843 2369
2857 2551
2870 2404
2874 2409
2881 2412
2888 2505
2891 2531
2897 2537
2898 2562
2900 2437
2901 2486
2903 2436
2908 2435
2910 2530
2912 2485
2916 2484
2926 2453
2937 2529
2940 2560
