f_0082620.png f_0082868.png
78 7
174 929
195 2172
219 1443
242 601
255 690
268 1425
319 419
328 404
343 1246
355 2583
404 621
417 914
421 2410
422 614
427 841
433 2932
434 2215
442 570
443 31
450 2857
474 2870
478 1663
494 963
548 625
549 1771
554 1870
570 296
622 2731
644 1180
653 2793
677 2073
689 2085
707 2526
724 50
763 1112
786 123
811 1290
826 2607
832 1866
862 428
881 2099
921 1766
941 804
954 2935
981 656
993 1684
1002 2335
1004 810
1016 2652
1028 2379
1039 2922
1043 789
1079 687
1106 897
1120 972
1134 1464
1153 527
1169 2434
1170 1968
1195 2156
1199 2990
1235 2091
1258 54
1259 135
1291 836
1302 231
1345 112
1415 886
1421 2364
1447 750
1481 300
1569 2385
1590 776
1616 761
1837 671
1867 1842
1904 1172
1908 196
