f_0082926.png f_0082918.png
0 44
4 167
6 2912
7 1530
17 959
19 1851
22 965
27 517
29 2351
31 1430
32 1189
33 1188
34 1784
36 2447
37 2693
39 2948
41 1032
42 1175
45 1783
54 1601
55 1831
60 1980
65 2781
67 1355
68 1136
69 1117
75 187
76 1585
78 1401
82 2398
85 2330
88 623
93 243
97 2606
102 1159
107 2773
115 1733
116 2049
118 2992
119 219
124 936
131 2750
135 1497
138 1774
142 732
143 988
151 145
152 1384
153 119
159 1086
160 2004
162 1055
165 319
166 208
171 900
173 1714
175 2864
180 970
185 1040
187 976
189 1915
192 930
195 2352
206 485
208 1118
218 817
219 2300
232 2999
236 937
246 1770
247 735
248 193
249 1933
250 18
253 84
259 714
266 451
267 1108
272 941
277 2066
280 2061
286 287
287 2780
292 404
295 619
296 169
300 2955
304 3
305 1899
306 2546
313 361
315 2608
318 445
319 155
320 1789
322 2484
336 1347
339 2671
342 1771
343 1627
344 516
348 2121
352 77
358 122
360 2809
362 1839
363 1248
365 10
368 58
374 1361
376 64
380 16
385 312
386 2166
387 532
388 1992
389 375
392 1594
394 1515
396 2761
400 2359
401 415
404 2553
409 2730
412 550
414 2892
416 1567
417 902
420 2618
424 1231
428 102
430 2203
431 645
432 866
441 1864
444 1075
449 2615
450 1913
452 213
453 1468
454 23
455 1990
460 1437
461 264
462 1294
464 1133
465 43
467 2909
469 2691
470 2139
473 1429
474 2128
475 561
482 2550
486 932
487 2340
489 334
490 1103
491 2885
492 1206
497 1955
498 847
500 806
501 65
510 1803
513 1728
514 2003
517 1529
519 19
522 70
529 93
530 961
532 1732
534 134
537 1488
541 1829
545 2321
547 533
548 4
554 1757
556 2439
559 42
565 865
566 2343
570 74
573 248
578 753
581 2378
582 1815
583 2052
584 983
588 1295
592 1078
593 2867
594 2349
598 2832
601 2938
602 1428
604 118
606 494
607 94
608 2689
611 1084
615 52
618 214
621 2492
625 1345
631 2535
633 1804
634 101
635 441
636 2002
637 1577
640 913
641 778
642 844
643 680
670 2949
671 1293
672 249
675 2205
676 967
678 605
681 47
682 576
689 120
691 2933
692 1684
695 85
696 1216
698 1090
701 1160
702 1325
705 386
708 2672
711 1336
712 1039
716 2006
717 2844
725 2344
728 1626
730 1
732 1797
734 957
735 2371
739 2318
740 2403
745 594
746 1006
749 2256
750 2609
756 344
757 2572
760 1105
763 2785
765 2026
766 1475
778 140
779 1549
780 1849
781 255
789 2134
790 78
792 2888
794 241
795 551
796 447
798 168
800 123
802 536
806 1552
808 204
810 1135
811 829
812 2046
816 772
817 1150
818 2081
821 1935
826 2030
827 559
831 568
834 444
836 2900
840 653
841 1197
843 1612
847 1596
848 934
849 1591
851 1999
856 2382
857 1315
858 1686
859 429
862 1151
864 634
866 1806
867 2064
868 1801
871 2504
872 354
873 1308
874 2312
877 1723
878 1139
880 160
885 2501
888 391
892 300
895 274
896 1321
898 166
901 2269
911 702
912 276
913 611
919 1812
923 2037
924 2581
926 148
929 1599
935 1306
937 1780
938 2168
943 1750
944 1646
946 2042
952 814
957 1855
961 1201
963 832
964 2842
966 2458
968 618
971 95
972 263
975 2221
976 2942
978 2363
979 15
980 513
982 1866
983 1167
984 512
986 1165
990 2072
992 927
993 1606
994 635
1000 216
1003 305
1004 995
1010 1922
1013 2891
1016 1066
1021 1759
1024 1071
1025 203
1026 0
1027 2600
1028 2843
1029 1236
1034 501
1035 1252
1038 455
1040 2390
1044 1499
1048 1411
1049 1481
1056 500
1057 2720
1064 664
1070 198
1071 1110
1072 895
1075 1087
1076 617
1080 1847
1081 1724
1086 2583
1093 69
1096 2260
1101 1104
1105 1433
1108 7
1112 2204
1115 366
1124 944
1125 2678
1130 207
1131 2409
1147 1270
1149 1463
1151 38
1152 916
1155 2567
1157 55
1160 1695
1161 186
1162 197
1163 1409
1165 385
1170 2968
1171 1451
1172 790
1180 887
1181 138
1188 1410
1194 110
1195 2566
1198 530
1203 872
1204 1994
1206 2736
1207 2537
1210 2841
1212 2803
1213 2310
1218 2599
1222 129
1225 2114
1226 383
1228 33
1230 1876
1232 1131
1233 2302
1236 1339
1238 646
1239 260
1243 1781
1248 2423
1251 1223
1252 2905
1253 1112
1258 161
1259 463
1263 322
1267 531
1271 59
1277 2117
1284 1441
1294 407
1295 137
1301 1083
1302 1042
1303 1484
1304 345
1305 1830
1307 2860
1308 2863
1309 1000
1312 2677
1315 2897
1316 571
1318 1311
1320 1850
1327 1436
1330 2239
1331 2095
1334 2487
1337 418
1346 1202
1347 2575
1350 505
1355 2668
1357 2008
1363 1860
1364 117
1368 2015
1371 67
1374 1638
1375 414
1376 1758
1377 1193
1380 909
1381 993
1382 2739
1384 373
1385 2145
1389 1735
1390 2917
1393 1736
1394 2047
1402 2915
1404 2165
1405 1659
1407 2210
1409 347
1411 464
1413 24
1414 2217
1419 2225
1420 2033
1425 985
1432 2415
1433 2975
1434 1266
1435 1683
1436 812
1442 1966
1444 1169
1445 2513
1446 1033
1451 1799
1459 2660
1461 810
1467 2742
1470 329
1476 2520
1477 1185
1484 2043
1486 662
1494 951
1496 2812
1497 904
1505 1435
1510 1772
1511 2813
1512 2309
1513 2825
1520 381
1521 1334
1522 2605
1525 1029
1530 940
1539 1564
1541 781
1542 2873
1546 1310
1550 1228
1552 2848
1555 1854
1558 136
1559 1705
1562 291
1563 1998
1570 2262
1575 912
1577 201
1580 630
1584 1473
1588 356
1592 2406
1593 405
1596 351
1599 2929
1601 1023
1604 2957
1606 2882
1610 2834
1621 851
1624 484
1625 1035
1629 2274
1631 2463
1633 2182
1634 740
1638 397
1640 1372
1642 1318
1643 739
1644 2206
1647 2627
1650 2253
1652 2048
1653 1109
1654 746
1655 1573
1657 314
1658 202
1659 502
1663 978
1668 2837
1669 2939
1670 2511
1671 1971
1674 2108
1675 854
1676 599
1677 834
1678 295
1680 1730
1681 2701
1682 1761
1684 1140
1688 469
1689 1983
1694 1821
1697 1037
1698 1493
1700 2804
1705 1630
1707 2729
1712 1562
1713 2652
1715 2614
1716 309
1717 1418
1722 2604
1726 765
1729 864
1730 2890
1735 1782
1736 1495
1741 1919
1745 1148
1746 2870
1748 1843
1755 578
1756 1460
1757 827
1760 2815
1770 858
1774 146
1775 1143
1778 339
1779 1894
1781 1242
1783 2935
1784 217
1789 1986
1791 1183
1792 1276
1795 707
1796 1068
1801 1229
1810 1717
1812 2814
1814 2527
1818 1727
1822 2471
1826 784
1834 2667
1838 1504
1841 2307
1842 1210
1843 449
1844 525
1848 2924
1852 2623
1855 2512
1859 1253
1860 1595
1865 2934
1867 826
1874 548
1886 841
1888 2431
1890 921
1891 2972
1892 744
1896 655
1904 1519
1907 467
1909 2303
1916 180
1930 2866
1931 2516
1933 2057
1940 1778
1942 2301
1943 2054
1953 999
1958 1368
1967 1657
1969 1356
1976 1706
1980 150
1982 62
1987 1961
1989 1607
1993 663
1995 1028
1996 367
1997 2451
2002 2275
2004 1522
2006 1823
2009 2476
2014 2432
2018 1878
2022 1208
2024 1884
2026 2526
2029 1584
2033 1092
2034 433
2040 456
2045 417
2047 225
2048 1251
2049 1798
2051 1927
2057 1605
2060 770
2062 1063
2068 288
2072 2762
2073 2636
2079 1462
2081 2152
2085 2578
2086 2272
2088 2097
2089 741
2093 1471
2096 657
2104 567
2105 2273
2106 1911
2108 2544
2110 2768
2111 1479
2113 1025
2115 2331
2116 570
2117 1997
2118 972
2126 51
2128 2506
2130 458
2131 2531
2133 2328
2151 92
2156 2665
2168 2649
2183 726
2188 668
2200 2416
2202 1262
2207 17
2208 292
2210 2433
2217 390
2218 1792
2219 2570
2224 143
2226 2775
2229 2144
2235 486
2240 1882
2244 754
2249 279
2266 1827
2269 1125
2272 1583
2274 984
2275 380
2279 2457
2284 25
2286 1111
2293 100
2295 471
2298 1141
2300 2031
2304 2494
2311 348
2315 239
2316 1663
2326 1018
2327 1828
2329 535
2331 1962
2335 2445
2337 1582
2341 514
2343 849
2346 428
2348 1800
2349 2835
2352 538
2359 2807
2369 2928
2376 20
2377 1740
2380 585
2383 1832
2392 194
2404 2115
2409 555
2413 2453
2414 35
2418 843
2422 873
2425 868
2434 2893
2436 224
2437 133
2442 2941
2443 2011
2446 1508
2456 679
2460 163
2461 1763
2467 1449
2472 607
2498 2827
2500 2500
2503 1861
2509 34
2515 2408
2516 2839
2522 2235
2528 2534
2531 371
2543 172
2549 2817
2552 1685
2553 1390
2557 1237
2570 228
2571 2610
2579 466
2587 1984
2594 2223
2604 1050
2606 2797
2629 717
2631 1344
2632 656
2640 1901
2643 573
2644 1726
2645 1787
2651 1766
2660 1900
2666 2674
2672 2779
2674 1007
2677 2926
2679 2010
2698 2530
2699 581
2702 369
2710 1394
2717 1924
2721 775
2722 2708
2723 362
2740 1442
2745 106
2755 968
2762 795
2763 1048
2771 1675
2795 2984
2804 233
2808 1653
2814 572
2817 2211
2825 2094
2827 1652
2830 1613
2833 152
2835 776
2839 2380
2843 542
2845 2613
2850 2038
2852 1388
