f_0082882.png f_0082946.png
16 108
23 20
27 112
45 6
50 15
78 79
89 200
106 134
116 178
120 160
129 223
141 181
143 173
150 237
156 115
160 268
161 439
162 244
169 258
170 492
183 357
191 304
199 287
203 364
219 150
222 478
239 191
243 105
248 454
251 501
257 482
260 505
266 380
267 507
286 554
290 409
294 590
296 152
300 627
302 740
307 350
309 570
315 379
318 215
327 702
328 394
334 264
336 274
337 214
344 278
350 408
355 790
360 148
365 814
368 476
379 879
385 118
391 451
405 782
409 343
414 1054
415 670
426 977
427 1065
430 772
432 206
434 916
436 765
437 760
438 770
440 447
441 956
447 841
469 892
471 1031
474 435
477 966
484 965
491 660
493 653
494 891
495 1208
498 1044
504 568
513 1122
517 962
518 963
519 1238
520 1048
521 1189
525 1067
527 887
532 1175
533 1243
536 1337
539 1188
542 996
546 1050
554 1128
558 1035
559 1293
563 1151
574 901
578 729
579 860
587 1127
589 1117
591 695
592 867
595 856
602 1225
607 1150
611 1152
613 1252
615 1110
623 1236
624 1368
630 1312
631 904
632 1126
633 1204
634 1205
637 1329
640 871
642 1018
644 1430
652 1345
653 1281
663 1268
667 1271
672 1184
680 1429
682 1049
683 1462
686 1259
704 1335
705 1479
706 1279
708 1245
715 1251
717 1465
726 1562
732 958
736 1109
740 1476
752 1420
753 1474
757 1159
759 1418
769 1340
771 1675
772 1473
778 1535
781 1669
790 1501
794 1435
804 1309
805 1506
813 1683
814 1383
816 1634
824 1674
825 1682
828 1571
832 1725
834 1652
845 1636
859 1662
860 1532
861 1526
862 1708
863 1719
870 1574
876 1607
879 1757
882 1628
889 1774
890 1828
898 1740
900 1793
907 1790
910 1855
913 1810
915 1804
926 1647
929 1472
938 1815
943 1955
945 1788
946 1956
948 1954
949 1744
950 1952
958 1752
961 1977
963 1748
965 1821
966 1832
975 1897
981 1990
985 1842
989 1777
990 1889
993 1834
995 1849
998 1865
1012 2050
1014 2043
1019 1916
1023 1929
1024 1598
1029 1895
1037 1609
1051 2172
1052 2173
1053 2163
1074 2191
1081 2036
1084 2029
1094 1986
1095 2068
1101 2104
1112 2276
1131 2239
1147 2357
1172 2305
1177 2336
1185 2452
1222 2413
1230 2520
1237 2477
1256 2563
1285 2578
