f_0082926.png f_0082928.png
1 4
4 20
5 21
10 22
11 48
13 27
14 50
16 5
17 31
21 14
22 6
23 17
26 0
33 26
36 3
37 28
41 12
42 13
43 25
44 39
45 41
47 42
48 24
50 40
51 47
57 19
59 35
60 44
62 71
63 11
64 1
65 64
69 63
70 65
71 87
72 52
73 37
76 83
85 57
86 58
88 80
89 75
90 69
91 98
92 136
94 77
97 84
98 95
99 105
100 93
101 90
103 97
105 82
108 85
109 79
110 86
111 92
113 117
117 94
118 96
120 100
125 145
127 107
130 78
131 122
132 130
133 110
134 101
135 118
136 132
137 140
138 81
139 89
140 133
141 148
143 119
144 109
146 116
147 108
148 178
150 142
152 125
153 131
154 135
156 177
157 162
159 113
162 103
163 114
166 161
169 138
170 156
173 128
176 139
178 163
181 155
182 160
183 199
184 172
185 206
186 143
188 158
190 189
192 149
194 170
195 157
200 176
201 181
202 187
204 202
209 186
211 198
212 232
213 221
222 212
223 228
225 167
231 235
232 246
237 217
240 257
246 223
249 192
250 225
251 269
255 259
257 263
260 185
261 262
262 251
263 277
266 281
268 296
269 236
272 245
273 292
275 244
277 276
280 239
281 248
282 343
283 222
286 250
288 299
289 291
290 295
292 321
293 237
295 247
302 230
304 305
306 320
307 344
309 280
314 211
315 310
316 349
318 303
320 316
321 293
322 271
323 308
324 298
326 270
328 366
330 287
331 288
334 297
337 331
338 342
339 372
340 385
341 286
342 279
347 334
348 351
353 315
354 350
355 359
356 397
357 356
358 393
360 313
362 341
363 377
365 378
366 329
367 362
368 383
370 365
371 402
372 427
373 411
376 391
377 312
378 322
381 370
384 426
387 363
391 337
392 382
393 410
394 421
396 420
397 438
401 401
403 332
405 409
406 380
408 396
409 453
411 431
412 425
414 417
415 418
416 399
417 430
420 394
421 338
424 436
428 424
430 441
431 476
434 373
435 429
439 447
440 479
442 416
443 485
447 461
451 463
452 464
454 503
455 439
456 455
457 489
458 508
459 433
460 443
461 475
462 507
463 440
464 481
465 511
466 529
467 432
468 495
469 518
474 468
476 522
477 523
479 472
483 482
484 516
485 428
487 510
488 543
490 493
494 454
496 487
497 498
501 467
502 450
503 565
506 527
508 480
509 462
512 538
517 536
518 544
519 537
520 530
522 540
524 541
531 569
532 564
533 557
534 496
535 492
536 547
538 534
539 560
544 552
547 539
548 556
551 575
553 515
555 591
557 548
558 571
559 582
563 549
565 597
567 616
568 576
569 590
570 581
572 606
574 580
577 603
581 583
582 619
584 585
586 554
589 598
590 635
594 608
595 648
601 578
605 594
606 589
607 624
609 601
612 647
614 609
615 630
620 641
621 638
623 662
626 654
627 670
629 664
632 642
634 663
636 682
640 636
642 622
646 644
652 651
654 650
657 678
658 688
661 699
665 672
670 673
671 694
672 712
675 669
682 649
686 658
687 686
688 691
690 716
692 656
693 679
695 709
696 733
697 677
699 707
700 743
704 710
706 717
708 708
712 720
713 741
715 748
717 754
720 687
723 761
726 714
729 738
730 727
733 728
740 711
742 767
743 751
747 771
750 757
751 745
754 791
755 750
756 768
757 783
760 756
764 760
765 769
769 800
778 773
779 766
782 789
783 794
786 785
787 759
789 787
790 788
792 798
797 825
799 772
800 813
801 797
802 820
804 778
806 803
808 824
809 860
810 792
812 809
816 854
818 838
819 855
822 817
823 840
825 859
826 856
829 829
830 858
835 822
838 801
839 834
840 835
841 836
843 845
851 891
852 839
853 850
857 868
860 816
861 851
865 867
866 912
868 870
872 919
874 884
879 889
880 883
884 857
885 890
890 862
891 899
892 869
893 888
896 874
898 900
899 893
902 848
903 882
907 873
911 911
912 928
913 915
915 872
916 913
917 921
923 878
935 917
938 927
941 978
946 908
949 924
950 977
952 940
953 945
955 947
958 951
961 946
965 950
966 975
968 968
969 972
970 959
971 973
972 969
973 982
974 997
976 1052
979 988
980 960
981 976
984 944
985 929
990 1000
993 953
996 957
998 989
999 983
1000 1014
1001 943
1010 1008
1012 1034
1013 1017
1014 1011
1015 1013
1019 981
1020 996
1021 1026
1024 1003
1025 1016
1026 1012
1030 1022
1033 1009
1035 1036
1036 971
1038 993
1042 1028
1044 1069
1045 1045
1047 1005
1049 1035
1050 1059
1051 1046
1053 999
1055 1024
1058 1038
1060 1015
1061 998
1063 1004
1069 1020
1071 1060
1082 1050
1083 1074
1084 1099
1092 1058
1093 1068
1095 1048
1096 1100
1097 1117
1099 1073
1101 1093
1104 1097
1105 1089
1106 1113
1107 1090
1109 1091
1110 1092
1118 1119
1121 1084
1122 1112
1131 1087
1132 1101
1133 1127
1134 1129
1141 1116
1143 1108
1145 1115
1152 1131
1153 1132
1159 1088
1160 1133
1163 1128
1164 1180
1171 1137
1172 1160
1179 1156
1183 1124
1187 1148
1188 1158
1189 1196
1196 1172
1197 1173
1198 1174
1200 1154
1201 1189
1205 1208
1206 1193
1207 1145
1208 1171
1211 1141
1213 1165
1217 1207
1218 1164
1219 1182
1221 1149
1222 1213
1223 1203
1225 1209
1226 1217
1228 1202
1231 1178
1234 1228
1237 1161
1238 1186
1241 1168
1249 1187
1251 1218
1252 1200
1253 1201
1254 1215
1257 1216
1258 1244
1259 1236
1261 1177
1264 1226
1266 1246
1271 1238
1275 1268
1281 1262
1284 1276
1290 1282
1295 1304
1297 1241
1299 1245
1301 1260
1302 1243
1303 1253
1304 1299
1307 1231
1309 1275
1313 1265
1321 1300
1324 1318
1327 1327
1329 1310
1332 1288
1333 1297
1335 1331
1337 1251
1338 1281
1339 1274
1341 1321
1342 1345
1344 1263
1347 1350
1348 1360
1351 1314
1354 1325
1355 1326
1356 1341
1358 1364
1363 1354
1364 1337
1365 1346
1366 1352
1370 1309
1371 1319
1374 1372
1381 1342
1384 1301
1386 1340
1389 1377
1390 1370
1391 1280
1393 1353
1395 1367
1398 1375
1400 1413
1401 1405
1404 1378
1405 1414
1406 1264
1407 1399
1411 1358
1413 1420
1415 1421
1416 1427
1422 1409
1423 1400
1425 1403
1427 1436
1432 1376
1433 1382
1436 1418
1437 1419
1439 1431
1443 1429
1447 1441
1449 1381
1455 1368
1456 1439
1457 1455
1462 1464
1467 1461
1471 1374
1474 1475
1476 1470
1480 1478
1487 1493
1491 1467
1493 1424
1495 1453
1496 1488
1497 1443
1498 1457
1499 1474
1506 1463
1509 1473
1512 1522
1515 1491
1516 1516
1517 1440
1520 1485
1521 1533
1523 1495
1524 1496
1525 1466
1526 1489
1528 1472
1529 1468
1531 1503
1532 1512
1534 1482
1536 1520
1537 1460
1540 1521
1541 1504
1542 1509
1543 1532
1546 1510
1548 1508
1550 1545
1552 1484
1553 1556
1555 1527
1558 1525
1559 1557
1563 1540
1567 1529
1571 1542
1577 1544
1579 1551
1584 1555
1587 1561
1592 1550
1597 1564
1604 1609
1605 1543
1607 1560
1609 1548
1610 1598
1618 1572
1621 1582
1624 1575
1630 1594
1633 1578
1649 1636
1650 1626
1651 1567
1656 1605
1658 1577
1664 1615
1666 1616
1669 1581
1671 1646
1675 1640
1680 1585
1681 1622
1682 1654
1683 1661
1686 1596
1694 1650
1698 1628
1702 1595
1716 1642
1719 1647
1720 1664
1721 1669
1723 1674
1727 1663
1728 1634
1735 1668
1737 1673
1741 1651
1748 1699
1753 1637
1755 1680
1758 1688
1759 1677
1768 1681
1772 1696
1775 1705
1779 1700
1780 1672
1782 1712
1784 1702
1786 1692
1787 1703
1789 1706
1791 1723
1799 1683
1800 1697
1801 1698
1804 1687
1807 1729
1809 1745
1810 1741
1814 1754
1816 1746
1817 1736
1818 1753
1820 1717
1824 1728
1825 1710
1826 1730
1827 1744
1828 1709
1829 1761
1831 1726
1836 1765
1838 1762
1839 1802
1842 1760
1845 1759
1854 1752
1860 1782
1861 1783
1863 1775
1865 1763
1872 1771
1873 1823
1874 1796
1877 1788
1879 1813
1882 1786
1884 1822
1888 1784
1890 1834
1894 1828
1896 1841
1900 1756
1902 1832
1904 1837
1917 1805
1918 1838
1919 1842
1920 1848
1924 1855
1926 1856
1927 1857
1928 1826
1929 1812
1931 1840
1932 1916
1933 1901
1935 1830
1937 1907
1942 1853
1950 1862
1953 1852
1954 1835
1959 1897
1961 1900
1963 1928
1966 1882
1967 1866
1968 1887
1971 1861
1972 1877
1976 1873
1978 1891
1980 1884
1981 1902
1982 1893
1983 1954
1984 1908
1985 1865
1987 1890
1990 1846
1991 1858
1993 1922
1994 1936
1996 1912
1997 1913
1998 1903
1999 1949
2001 1881
2002 1896
2004 1946
2010 1943
2014 1964
2015 1969
2016 1955
2021 1925
2022 1931
2023 1960
2026 1920
2027 1933
2028 1932
2029 1968
2032 1953
2034 1959
2040 1956
2041 1939
2047 1950
2051 1985
2053 1951
2054 1967
2055 2000
2063 1995
2068 1977
2070 1957
2072 1990
2074 2026
2078 1998
2081 2003
2088 1976
2089 1962
2092 1999
2096 2036
2098 1978
2099 2001
2101 2044
2104 2005
2106 2006
2108 1992
2111 2019
2115 2009
2117 2012
2118 2066
2122 2021
2123 2040
2125 1993
2127 2043
2135 2023
2136 2062
2138 2053
2139 2085
2142 2081
2148 2048
2150 2073
2151 2033
2152 2041
2155 2058
2159 2069
2166 2067
2168 2060
2170 2102
2172 2059
2176 2068
2185 2057
2189 2100
2191 2083
2197 2056
2201 2097
2209 2087
2213 2107
2222 2142
2223 2082
2229 2093
2230 2101
2232 2089
2238 2157
2241 2104
2244 2113
2250 2115
2252 2112
2255 2130
2261 2084
2264 2119
2272 2147
2273 2196
2275 2166
2279 2174
2283 2136
2290 2114
2300 2131
2305 2236
2306 2151
2309 2177
2311 2165
2317 2172
2327 2121
2329 2195
2331 2186
2332 2192
2336 2193
2342 2179
2343 2253
2344 2228
2346 2194
2347 2209
2350 2255
2356 2208
2358 2211
2360 2226
2363 2221
2366 2219
2367 2286
2371 2218
2374 2251
2376 2232
2378 2257
2383 2260
2384 2206
2386 2241
2387 2238
2388 2305
2389 2217
2390 2245
2391 2290
2392 2266
2393 2274
2396 2271
2407 2318
2408 2216
2413 2289
2415 2294
2416 2243
2419 2307
2420 2310
2422 2313
2427 2300
2431 2336
2433 2285
2435 2281
2436 2254
2439 2330
2441 2296
2442 2282
2448 2302
2455 2299
2459 2340
2461 2344
2464 2323
2466 2320
2475 2380
2480 2321
2483 2333
2484 2393
2486 2358
2492 2354
2493 2338
2497 2357
2498 2404
2503 2371
2514 2396
2515 2383
2519 2386
2522 2360
2523 2385
2524 2391
2526 2387
2536 2401
2539 2381
2542 2359
2544 2427
2548 2395
2551 2432
2555 2408
2556 2455
2558 2461
2562 2403
2563 2435
2569 2456
2570 2470
2575 2423
2579 2434
2580 2447
2581 2462
2583 2451
2590 2466
2592 2471
2593 2452
2594 2518
2597 2476
2601 2493
2602 2504
2611 2485
2613 2495
2615 2531
2616 2484
2619 2478
2625 2488
2626 2494
2627 2491
2628 2514
2629 2512
2637 2498
2643 2511
2648 2538
2652 2530
2654 2473
2658 2569
2661 2517
2663 2546
2664 2540
2668 2537
2672 2544
2683 2545
2690 2543
2693 2605
2697 2555
2698 2552
2701 2568
2702 2579
2704 2539
2712 2567
2714 2557
2730 2616
2743 2594
2745 2620
2748 2607
2750 2649
2752 2625
2770 2629
2772 2622
2778 2611
2791 2624
2799 2669
2810 2665
