f_0082864.png f_0082942.png
2 447
13 1410
19 2067
23 830
33 1319
34 1511
36 1102
70 739
79 428
85 1277
103 1039
105 1097
107 1133
110 579
122 431
136 1006
137 1233
152 2050
155 643
156 1011
161 263
179 1115
181 124
203 1094
206 677
219 1394
231 1652
234 882
259 1292
262 1322
264 489
292 2500
293 1517
307 690
325 1932
329 646
335 1535
337 1044
342 1856
351 4
367 146
372 641
397 522
408 5
416 413
418 1788
424 1469
443 919
461 956
489 984
495 1136
501 1158
536 906
560 1434
581 684
588 444
600 871
601 1489
622 617
635 1564
638 436
646 1570
649 770
651 1865
660 1781
690 1547
716 1543
752 295
756 35
763 1848
780 1140
781 1631
792 813
811 749
829 898
833 1217
837 305
891 800
892 767
900 661
934 1172
941 1029
945 1435
955 1704
965 318
971 1349
988 483
989 1495
992 1528
994 12
1005 1023
1014 2319
1023 1558
1029 866
1038 2229
1048 667
1049 2448
1051 61
1059 1211
1091 314
1100 1887
1124 679
1125 1484
1126 883
1146 1000
1155 2341
1162 931
1163 1732
1170 503
1173 270
1179 545
1187 195
1228 1036
1237 1975
1245 934
1249 842
1262 819
1270 1301
1299 2042
1318 955
1329 1471
1349 1499
1361 681
1400 374
1409 1182
1433 1555
1441 926
1447 1174
1449 1909
1465 683
1468 703
1481 459
1482 2179
1495 728
1499 1096
1503 485
1535 1215
1558 1374
1596 913
1605 892
1606 844
1725 755
1772 1032
1788 2095
1827 575
1828 1582
1843 1521
1871 744
1879 1869
1946 1970
1957 740
1974 1118
1978 788
2004 1273
2016 1187
2020 296
2027 515
2035 948
2054 886
2061 1891
2075 929
2076 954
2089 1506
2127 2377
2149 176
2150 433
2160 891
2176 783
2177 2481
2226 1663
2229 1520
2302 587
2305 441
2306 884
2321 1706
2360 917
2395 1155
2436 1040
2452 1649
2505 2404
2547 248
2561 458
2568 2097
2572 614
2573 546
2574 711
2575 417
2576 1306
2588 688
2627 993
2629 1196
2631 1549
2633 170
2641 712
2657 319
2676 1854
2677 1813
2684 635
2687 1773
2720 1025
2722 1643
2740 1120
2751 1261
2754 361
2787 986
2789 2270
2804 2371
2836 1827
2861 1137
2864 1953
2867 1171
2869 1480
2884 333
2892 438
2897 1176
2913 1392
2924 825
2959 896
2967 1609
2980 178
2990 1198
