f_0082702.png f_0082864.png
5 1157
6 2706
26 268
28 1231
32 368
33 227
40 123
44 2845
62 1592
78 1774
81 1982
86 1013
94 500
97 283
100 1632
103 2245
113 37
117 2808
119 1502
126 2251
133 2980
134 2547
141 327
145 63
149 2084
153 250
155 2304
158 297
161 2681
178 252
181 2656
185 553
192 67
194 2020
200 1559
201 384
202 1512
203 756
204 52
210 2149
215 965
220 1051
224 1805
230 487
235 2884
236 458
237 857
238 1379
242 2521
252 845
255 2262
257 2
258 870
271 2418
275 2724
276 931
286 181
295 445
300 2195
304 1986
305 122
309 2648
312 661
320 2234
321 803
323 2575
326 1350
330 2510
331 294
333 2645
345 2199
350 1010
356 1179
357 1961
365 1715
368 353
371 764
376 341
377 2457
378 2558
379 776
383 962
385 790
389 74
392 1327
393 573
395 592
398 1069
402 0
403 2958
410 1107
419 1995
421 22
425 1153
427 677
428 313
429 578
430 2604
438 804
440 457
445 158
452 481
460 282
470 372
490 1048
491 2236
500 2746
501 1102
502 1825
504 388
509 375
513 1694
516 205
517 1334
520 1262
523 455
525 1507
529 2814
535 1606
539 2754
541 900
547 2305
556 2060
565 977
566 2856
568 1079
574 727
575 2803
586 1042
594 2130
602 1451
609 2601
615 2300
620 1533
625 1498
634 535
638 2729
640 1772
641 2868
642 1453
646 2121
651 1112
653 2809
655 1442
659 2627
661 2109
664 2619
666 348
668 2398
669 48
670 1499
671 979
681 600
684 105
688 2777
699 2693
704 61
705 590
707 86
708 365
709 2924
713 706
714 771
721 715
724 682
725 2045
728 1723
731 2439
733 644
734 230
740 2564
750 2104
758 1364
766 1705
770 366
771 240
775 1871
776 430
777 2477
778 103
780 542
786 467
787 107
788 680
790 2014
801 179
803 833
816 685
825 1550
829 1787
841 310
848 2049
851 1797
864 1866
866 624
878 928
881 274
884 41
891 2751
892 2469
894 969
908 165
912 719
914 495
919 1251
922 33
929 2307
930 1947
935 2326
940 1756
943 1974
948 1113
950 2219
951 219
953 2653
956 1524
959 1402
963 1790
964 2711
965 1969
970 1972
974 2651
979 2414
980 2867
982 137
983 13
991 936
994 1683
1001 557
1003 1377
1010 1284
1011 2806
1016 1212
1017 703
1018 953
1021 92
1026 520
1030 564
1043 1679
1047 2576
1052 343
1056 1034
1059 259
1061 2603
1072 459
1079 2329
1089 676
1090 865
1091 1025
1100 2089
1103 2759
1112 239
1118 1642
1122 1365
1123 1558
1124 2172
1130 2463
1131 261
1137 2276
1138 512
1144 1026
1155 2223
1160 2352
1163 1727
1170 2281
1172 69
1178 360
1184 94
1187 1002
1190 2843
1200 992
1201 2941
1207 2596
1208 449
1209 826
1216 1471
1220 465
1222 1566
1229 923
1232 1125
1234 2886
1235 1637
1248 1491
1249 834
1250 2896
1266 793
1269 1111
1274 2139
1275 1145
1277 951
1279 1703
1286 2520
1290 883
1291 2458
1293 40
1305 513
1324 2288
1332 1828
1339 602
1342 231
1353 611
1365 207
1369 1033
1372 1662
1373 746
1378 153
1381 986
1387 616
1402 810
1413 1689
1422 763
1427 1410
1444 1853
1449 126
1452 148
1487 1654
1512 817
1520 568
1522 373
1554 2358
1571 2241
1572 2932
1574 1585
1575 2278
1578 27
1584 694
1593 1788
1622 2531
1669 2392
1680 772
1717 2666
1721 2796
1722 579
1727 1659
1728 1668
1731 2317
1733 684
1740 1561
1743 1764
1745 1646
1746 1344
1758 1702
1776 109
1782 1834
1788 1292
1813 2695
1822 2333
1872 1769
1877 332
1890 835
1897 1467
1918 1139
1928 519
