f_0082558.png f_0082976.png
14 1159
94 35
114 728
131 1203
150 1803
156 920
165 86
222 1591
243 1612
282 1879
382 737
405 1370
416 1191
421 1829
452 232
512 419
522 734
549 53
552 1936
611 1717
688 1890
704 7
713 1216
716 1382
799 1766
823 1168
945 1587
1078 1316
1087 2088
1098 653
1101 1300
1151 1308
1233 1112
1239 372
1270 2112
1278 1213
1292 1118
1306 822
1339 1271
1354 2001
1384 425
1413 685
1428 142
1441 1999
1454 1607
1463 190
1470 1220
1474 1360
1517 1657
1521 2079
1524 1040
1556 2060
1616 340
1626 1201
1655 1850
1693 873
1727 14
1753 1767
1757 2028
1762 163
1833 1020
1842 1513
1855 1561
1874 991
1883 1124
1912 225
1954 259
1993 1187
1998 542
2076 528
2079 704
2105 1169
2117 1982
2165 939
2167 1262
2185 1781
2205 478
2228 1478
2235 1842
2282 885
2333 1328
2380 418
2460 1078
2473 1649
2503 1627
2569 1305
2592 2046
2601 2072
2648 214
2682 223
2703 1960
2715 91
2791 1426
2812 191
2814 1409
2827 127
2873 1976
2971 442
2976 1152
2987 1227
