f_0082868.png f_0082492.png
7 513
11 478
13 1119
15 586
82 341
84 1743
94 288
96 142
97 1067
107 274
122 2512
123 1694
130 724
137 2314
140 344
144 301
157 1803
174 2240
209 1585
234 2211
251 880
296 1417
305 1525
365 278
411 632
419 963
424 1952
444 1168
467 1451
474 1516
486 209
504 159
520 2473
561 453
563 1878
564 1622
570 1162
571 472
573 503
580 1687
588 1204
605 785
611 579
665 1440
693 55
697 910
730 1555
735 189
736 1603
739 2307
743 1250
765 325
812 1936
830 353
835 2122
836 2190
837 2099
841 1139
851 195
914 1096
943 2266
955 316
963 1252
984 1090
1003 1150
1007 847
1016 936
1032 771
1034 2352
1049 1506
1109 1111
1117 525
1132 432
1163 942
1167 588
1180 1467
1191 281
1235 808
1267 1868
1268 783
1353 2056
1377 105
1393 25
1421 263
1424 197
1439 1027
1443 807
1464 2069
1465 1239
1478 650
1482 1711
1487 290
1502 1060
1505 1248
1511 778
1512 2192
1515 2347
1539 354
1545 330
1549 1843
1560 2048
1562 206
1636 551
1649 1415
1683 1651
1684 1893
1727 2557
1748 1767
1751 1141
1787 2460
1796 2550
1819 534
1896 725
1903 2050
1939 1004
1987 222
2017 1190
2041 187
2069 2375
2074 390
2093 959
2098 456
2114 120
2147 1224
2150 738
2162 188
2176 370
2201 1458
2215 1313
2248 827
2255 854
2261 1600
2291 1336
2316 1536
2357 737
2397 338
2410 1098
2454 1550
2496 639
2504 259
2551 1061
2566 2184
2567 2437
2583 1129
2592 722
2650 1103
2679 1393
2687 1101
2717 395
2749 2194
2763 470
2767 1019
2774 927
2777 1726
2783 428
2809 940
2810 268
2852 514
2897 2012
2902 1987
