f_0082926.png f_0082642.png
128 35
242 120
275 70
295 167
336 55
343 184
346 72
347 41
377 268
387 5
404 85
422 59
438 146
449 44
459 86
474 8
482 32
493 291
495 45
505 165
526 349
554 216
586 312
587 223
591 239
601 295
614 302
616 303
631 318
640 208
645 417
652 334
685 83
702 325
706 358
714 380
715 46
727 326
728 361
730 135
734 515
741 330
750 280
763 191
768 418
786 423
788 608
798 568
848 455
884 523
893 337
907 633
908 581
918 570
930 582
953 264
961 629
989 554
1023 637
1037 660
1038 689
1043 675
1050 388
1053 624
1088 609
1185 670
1204 596
1209 480
1211 907
1218 671
1236 1137
1245 648
1248 1034
1251 786
1253 692
1254 627
1263 820
1274 933
1288 684
1292 1060
1301 714
1302 694
1309 690
1317 853
1328 787
1338 1241
1341 656
1353 892
1357 730
1369 969
1373 1133
1375 859
1379 1276
1389 816
1421 844
1424 1314
1476 679
1479 869
1480 823
1484 828
1493 1139
1495 1070
1519 817
1520 997
1534 1020
1545 792
1548 1277
1561 976
1570 1116
1588 1306
1607 1365
1617 1029
1622 1432
1639 1355
1685 1450
1687 1165
1693 1171
1702 1652
1717 1283
1718 1222
1728 1425
1733 1322
1747 1654
1749 1507
1756 1297
1757 1247
1772 1565
1777 1477
1805 1275
1823 1285
1844 1735
1849 1530
1851 1552
1855 1310
1859 1323
1878 1386
1929 2030
1980 2079
1987 2074
2001 2056
2003 1576
2005 2047
2010 1544
2128 2227
2179 2132
2225 1743
2235 2152
2297 1664
2328 2237
2329 1729
2339 1756
