f_0082670.png f_0082876.png
5 109
18 158
25 133
28 155
32 166
35 121
49 204
51 173
59 198
62 142
65 201
72 185
80 231
82 214
85 218
102 224
105 210
113 250
114 229
118 217
123 251
125 256
131 271
132 274
140 264
148 270
151 216
154 261
155 258
156 291
157 286
158 292
161 284
164 278
166 280
169 266
170 299
174 301
177 304
180 283
182 294
183 318
189 303
194 308
196 315
198 317
204 329
208 298
221 257
228 354
229 349
236 339
237 337
253 356
254 348
263 335
264 345
266 373
272 371
281 391
290 408
295 394
299 395
310 419
315 435
316 439
321 413
326 415
330 376
333 450
338 352
341 456
344 347
352 454
368 426
370 467
371 484
386 449
387 466
402 422
411 502
423 418
433 525
436 538
437 507
443 451
444 474
447 551
449 543
452 544
460 565
468 564
469 570
472 578
473 558
476 579
477 562
486 509
487 582
490 549
492 581
498 598
504 612
508 607
509 609
518 587
519 614
522 613
523 611
524 615
528 566
530 601
535 621
538 648
539 496
542 647
543 512
552 643
559 659
560 658
568 567
569 672
573 670
591 606
598 673
602 634
603 690
609 636
616 692
620 641
626 738
628 732
633 749
636 757
644 763
645 733
646 712
648 755
649 771
653 764
656 700
657 730
658 760
662 744
669 783
687 768
689 794
692 796
693 786
695 797
697 717
698 752
700 804
708 832
713 799
720 837
730 813
737 851
738 838
742 713
746 852
747 854
748 825
750 834
759 857
761 742
763 788
764 774
775 729
783 707
784 751
791 892
799 761
813 902
815 883
817 906
819 924
822 872
831 821
833 882
840 810
845 888
862 822
869 958
875 979
877 856
885 1008
898 935
900 978
905 1016
915 986
919 987
925 972
927 1034
930 1021
931 996
933 1053
937 1046
940 950
941 1019
942 1071
954 1027
960 1060
963 1015
964 1045
968 1025
969 940
972 1080
986 1006
993 1038
996 1116
1005 1024
1008 1096
1016 1115
1019 1092
1020 1126
1030 947
1035 1079
1039 1072
1040 1091
1055 1144
1073 1102
1079 1134
1090 1120
1094 1143
1104 1075
1113 1184
1125 1050
1144 1214
1172 1119
1194 1252
1195 1100
1218 1216
1229 1261
1251 1307
1274 1147
1288 1176
1296 1231
1298 1243
1317 1330
1324 1285
1339 1198
1350 1334
1353 1347
1370 1350
1379 1385
1383 1363
1388 1359
1393 1341
1399 1380
1416 1384
1429 1401
1431 1325
1463 1412
1467 1444
1479 1419
1485 1476
1502 1453
1512 1452
1513 1516
1514 1454
1519 1461
1529 1483
1537 1429
1542 1431
1546 1504
1554 1480
1559 1484
1569 1495
1594 1494
1595 1522
1641 1602
1653 1579
1736 1654
1747 1577
1749 1591
1783 1680
1838 1700
1867 1733
1943 1732
1944 1681
1996 1705
2003 1812
2022 1807
2054 1799
2072 1781
2109 1851
2120 1859
2128 1870
2132 1857
2156 1909
