f_0082924.png f_0082518.png
7 75
8 19
11 74
15 18
35 26
44 166
45 83
55 121
65 233
75 98
93 112
121 234
122 164
129 132
130 140
182 273
184 184
271 229
283 190
314 255
447 267
448 279
452 179
469 106
486 463
524 484
541 410
570 571
610 594
685 208
712 687
728 509
735 702
741 636
750 572
776 738
798 793
816 587
846 561
849 541
851 519
855 542
869 524
892 847
904 477
909 522
919 595
927 534
940 543
970 790
993 619
1009 859
1010 667
1040 677
1044 715
1054 694
1065 965
1069 660
1110 855
1200 814
1233 976
1846 1206
1864 1232
1888 1162
