f_0082928.png f_0082958.png
6 28
28 30
31 39
32 88
56 210
62 22
90 6
95 154
98 270
100 169
101 145
108 16
110 180
111 282
116 146
121 5
122 173
123 194
136 336
146 100
151 4
161 335
165 365
174 92
179 179
182 401
189 384
194 269
196 390
203 62
204 164
209 56
210 57
216 239
223 134
224 307
225 276
234 286
239 120
245 185
248 156
249 167
250 231
251 395
252 439
253 483
255 158
268 166
273 115
274 259
280 171
282 349
284 495
290 258
291 468
295 508
296 570
301 142
303 310
313 77
314 415
316 561
319 554
322 41
323 108
324 341
329 150
337 155
338 182
339 334
341 394
342 492
353 188
363 364
365 612
368 122
371 546
377 443
380 392
381 378
383 523
394 213
395 363
400 676
401 404
405 357
407 591
409 403
426 677
434 373
439 372
446 609
452 502
453 693
454 246
456 699
458 490
462 316
467 447
472 222
473 473
477 717
480 278
487 512
488 566
491 192
492 321
500 519
503 738
506 559
510 703
518 771
519 338
528 710
531 315
534 536
535 537
536 613
543 782
547 500
549 589
554 408
559 337
561 722
565 792
568 499
569 741
573 784
574 387
577 391
585 386
588 788
590 625
593 654
596 777
597 781
598 828
602 603
603 729
604 725
605 814
607 428
609 518
617 396
618 581
620 309
622 436
623 453
627 454
643 707
646 665
650 497
654 753
656 551
662 861
664 894
667 955
669 596
673 762
676 580
677 818
681 834
682 878
683 901
684 912
686 643
688 871
689 908
694 900
696 572
698 794
699 947
701 573
704 926
709 773
711 679
714 471
718 825
720 965
721 966
722 533
723 588
725 764
731 633
733 822
740 943
742 856
743 1002
745 833
753 990
754 997
760 996
768 873
769 1016
771 1020
772 653
773 845
775 898
779 906
780 932
782 1019
783 1038
787 793
788 971
789 1066
793 939
797 933
802 821
803 952
807 694
817 832
818 837
823 1041
828 795
830 983
831 1071
834 853
837 959
838 1058
839 727
840 978
843 647
849 760
850 891
855 1169
857 735
858 1095
863 937
864 1064
867 919
869 1057
873 742
874 731
876 1215
894 1143
897 712
898 789
900 1054
912 1159
913 1008
915 1155
917 1018
928 1167
930 1132
933 1200
939 783
943 721
946 830
947 1218
948 765
958 1029
960 1217
961 1109
970 1158
975 1185
979 829
982 1254
984 1277
988 1179
989 1261
998 835
999 948
1000 1148
1008 1124
1011 1174
1015 868
1017 1260
1020 950
1021 1192
1023 958
1026 1319
1029 902
1034 1299
1035 1213
1039 1028
1048 986
1050 1242
1056 1157
1058 1298
1059 1302
1063 1341
1064 1358
1069 1303
1079 1060
1080 1073
1082 969
1088 1253
1089 1281
1093 1466
1105 1548
1107 1069
1108 1311
1111 956
1113 1395
1118 1191
1126 1102
1131 1643
1135 1050
1139 1475
1141 1068
1143 1472
1145 1078
1150 1461
1153 1027
1161 1021
1162 1042
1164 1225
1167 1521
1169 1138
1171 1211
1184 1496
1185 1067
1186 1112
1188 1239
1189 1444
1192 1178
1194 1131
1195 1470
1196 1502
1200 1210
1201 1275
1202 1419
1209 1418
1216 1373
1217 1517
1222 1572
1231 1152
1233 1259
1234 1346
1236 1443
1241 1216
1254 1528
1255 1553
1256 1605
1258 1594
1265 1205
1266 1237
1268 1406
1274 1156
1277 1536
1285 1258
1286 1324
1287 1294
1294 1593
1299 1515
1300 1584
1308 1307
1312 1274
1314 1369
1317 1636
1319 1417
1324 1404
1326 1442
1327 1539
1335 1223
1340 1355
1342 1431
1344 1540
1352 1228
1353 1368
1355 1642
1366 1494
1369 1291
1370 1599
1375 1339
1382 1363
1383 1474
1389 1332
1395 1380
1396 1702
1398 1377
1399 1640
1402 1320
1403 1352
1415 1270
1418 1480
1419 1552
1421 1687
1424 1401
1425 1650
1427 1695
1435 1379
1439 1394
1444 1447
1445 1503
1446 1522
1448 1562
1454 1693
1458 1526
1460 1362
1461 1399
1464 1701
1474 1708
1476 1772
1478 1630
1482 1555
1484 1422
1486 1583
1487 1590
1489 1720
1490 1730
1491 1774
1496 1479
1498 1771
1499 1499
1502 1510
1503 1716
1510 1735
1521 1786
1523 1665
1525 1747
1527 1523
1528 1524
1530 1542
1531 1632
1549 1530
1550 1546
1553 1604
1556 1814
1563 1696
1564 1779
1567 1582
1572 1789
1573 1804
1593 1615
1603 1923
1605 1619
1617 1732
1621 1679
1628 1657
1632 1654
1635 1755
1645 1624
1660 1753
1683 1718
1684 1784
1691 1795
1713 1968
1714 2038
1721 1983
1726 1856
1738 2066
1745 1914
1757 1848
1776 1842
1781 1678
1788 1847
1807 2147
1811 1872
1812 1882
1822 2093
1826 1949
1831 1962
1832 2020
1840 1987
1847 1957
1849 2015
1855 2028
1859 2019
1861 1943
1862 2011
1878 2037
1884 2042
1895 2149
1896 2051
1897 2023
1923 2077
1935 2069
1956 1866
1971 2151
1977 2168
1982 2162
1983 2146
1991 2245
1999 2309
2003 2184
2005 1991
2023 2216
2025 2264
2033 2224
2036 2288
2037 1951
2043 2275
2049 2230
2061 2105
2063 2286
2066 2302
2067 2017
2075 2281
2103 2307
2122 1994
2128 2116
2147 2300
2158 2244
2185 2039
2200 2173
2205 2056
2207 2196
2209 2278
2218 2214
2297 2299
2366 2355
