f_0082872.png f_0082958.png
442 527
473 39
501 798
522 100
590 591
593 663
602 699
604 193
640 703
650 708
669 351
673 784
680 850
702 394
703 374
721 683
735 777
736 862
755 443
768 878
779 842
798 626
810 907
812 1014
833 900
848 998
856 597
857 965
889 687
890 713
892 714
901 577
929 1072
942 1037
945 1254
954 1071
985 1093
986 1343
990 887
1012 873
1033 1171
1043 806
1046 1159
1048 1167
1074 1166
1124 1445
1152 841
1160 793
1169 869
1207 1424
1238 977
1239 1142
1246 1342
1249 1012
1256 1260
1284 1109
1287 1385
1288 1413
1294 882
1303 1341
1322 1408
1347 1242
1350 1074
1379 1152
1383 1145
1405 1538
1407 1601
1411 1172
1412 1282
1451 1528
1456 1414
1470 1267
1472 1598
1487 1584
1506 1608
1536 1505
1607 1591
1618 1369
1649 1669
1664 1524
1724 1947
1732 2066
1786 1756
1835 1788
1861 1674
1867 2038
1878 1667
1899 1675
1966 1830
1984 1898
1999 2268
2044 2110
2064 2005
2086 2020
2092 2149
2110 2033
2159 2211
2185 2096
2199 2100
2322 2161
2349 2278
2405 2255
2424 2357
