f_0082642.png f_0082518.png
9 272
39 343
92 39
95 368
106 409
123 374
145 454
175 444
196 437
252 465
286 524
320 427
324 571
329 572
332 562
340 589
344 568
349 528
356 632
369 658
396 656
441 732
450 585
460 724
470 657
478 626
483 677
498 718
501 700
504 602
515 753
518 705
524 741
527 720
543 733
545 702
554 776
562 790
567 686
604 722
607 760
632 785
667 814
668 824
671 831
692 839
720 820
735 775
739 888
776 910
782 896
785 927
793 852
825 795
842 873
845 889
871 926
898 937
945 1000
961 959
963 981
967 974
977 980
979 1014
991 1031
1036 1017
1045 999
1062 1034
1070 1063
1129 1028
1174 1148
1175 1069
1213 1085
1221 1099
1235 1118
1246 1153
1247 1117
1260 1149
1269 1098
1272 1152
1279 1168
1285 1131
1338 1178
1372 1221
1373 1162
1399 1189
1427 1217
1446 1208
1466 1226
1481 1273
1491 1276
1494 1258
1495 1203
1522 1274
1560 1319
1566 1330
1631 1362
1637 1400
1646 1315
1674 1388
1716 1371
1728 1452
1729 1413
1743 1454
1751 1399
1753 1410
1776 1382
1781 1417
1913 1449
1947 1505
1969 1511
2002 1573
2038 1541
