f_0082958.png f_0082918.png
5 1031
6 609
9 2912
16 1618
30 2693
37 691
43 2781
48 1136
57 1933
74 2697
76 40
92 1770
102 2049
160 2300
164 941
173 923
174 264
179 131
197 2750
222 706
224 2394
233 2238
234 3
251 1077
254 2864
258 2780
269 45
276 1915
285 93
291 600
295 21
297 271
303 451
310 883
329 659
342 1754
346 39
348 958
357 2266
361 13
364 532
376 1281
384 208
392 1527
394 1839
398 415
403 50
406 214
409 2938
419 438
426 1137
429 840
439 817
448 71
466 2321
473 1690
482 1320
483 1640
490 1710
499 961
500 2778
501 65
519 558
534 2189
535 1256
537 1556
546 1716
548 2181
557 2069
559 1529
569 913
577 248
596 2377
597 613
628 1325
629 967
634 2734
659 755
660 2985
663 1567
671 1420
680 2340
719 392
720 85
722 2884
728 589
730 1078
732 1135
765 2596
784 753
787 2156
802 2949
807 2689
812 1947
821 551
829 1067
835 2752
842 441
845 140
873 344
878 2002
884 1151
891 920
894 1707
896 1599
902 366
903 2921
907 1293
919 634
930 2218
937 1197
951 123
952 2035
955 638
958 544
968 47
983 2046
992 268
1002 2006
1016 2026
1031 1306
1054 166
1071 2064
1075 814
1085 1930
1088 1656
1100 113
1110 1949
1111 2279
1131 678
1136 1806
1139 60
1146 2306
1157 1200
1159 702
1165 801
1173 2677
1174 1236
1177 276
1192 1411
1193 769
1197 1381
1200 2509
1214 832
1221 2803
1239 2599
1251 1544
1252 1008
1257 2435
1272 1003
1275 2566
1280 1866
1282 220
1293 2292
1298 1343
1309 887
1311 1409
1318 969
1320 327
1321 1494
1322 1167
1323 414
1341 446
1357 2756
1358 688
1365 1410
1371 1579
1377 298
1384 1000
1403 121
1409 2668
1418 463
1420 1492
1421 1813
1423 2033
1430 2008
1431 993
1437 1683
1448 812
1458 1966
1459 1193
1460 2436
1480 1083
1486 1769
1487 2507
1491 2720
1494 1036
1499 381
1510 2973
1515 345
1517 383
1518 2277
1528 1569
1537 695
1546 2406
1552 2173
1555 522
1570 2117
1572 734
1579 684
1580 2917
1581 820
1588 2873
1590 2043
1596 81
1600 994
1608 2937
1616 577
1626 117
1630 2574
1642 565
1648 2853
1660 938
1661 2465
1663 2503
1664 540
1667 2274
1668 201
1676 1292
1696 2182
1704 1752
1712 740
1720 1310
1730 2629
1732 2978
1736 54
1738 1329
1740 469
1746 2701
1759 1564
1766 2935
1769 97
1770 136
1773 575
1776 2814
1785 1632
1788 1892
1789 1603
1795 608
1802 376
1824 1983
1861 854
1892 1843
1922 1782
1987 2516
2010 62
2026 1862
2033 824
2065 116
2090 2580
2122 1068
2128 2577
2147 2687
2149 2032
2191 2152
2192 2355
2193 685
2243 30
2252 2768
2254 28
2275 2802
2299 224
2355 471
2374 2445
2387 2775
