f_0082776.png f_0082912.png
0 1207
52 17
97 361
102 202
103 1591
112 766
119 1289
228 1701
315 1875
367 2028
386 1511
577 281
587 1089
603 338
622 2712
644 2805
723 2000
755 1633
756 1806
766 938
796 2571
816 409
835 1036
933 2613
977 2668
989 2836
995 148
996 93
1014 1762
1015 317
1023 2538
1027 2034
1038 387
1060 2910
1064 1248
1072 1091
1073 1854
1079 1564
1103 2393
1135 1373
1137 744
1139 2030
1155 566
1185 71
1191 2235
1198 2894
1218 2670
1264 81
1267 163
1268 2814
1310 1336
1377 1408
1397 1476
