f_0082864.png f_0082926.png
0 380
25 1156
26 1519
33 1322
36 1050
59 672
64 1452
69 1629
72 1051
85 1353
95 466
98 1933
101 1293
103 1083
117 311
126 2106
128 1167
131 835
136 944
139 1764
147 2133
157 1532
175 956
184 1953
199 1253
222 912
226 660
230 1013
239 1579
240 948
245 817
259 1402
265 1365
297 137
309 1085
312 1171
317 1091
345 1252
348 932
356 1508
361 1726
362 1266
365 749
376 602
379 536
381 2724
404 1326
416 282
417 628
418 2026
424 1601
432 1063
436 902
441 1188
448 61
468 1899
476 87
491 2266
495 1218
507 1045
526 1025
527 708
530 1421
532 439
536 917
538 2116
542 1161
553 185
569 2644
573 487
584 1525
599 2157
604 893
618 879
621 1672
624 1221
625 161
635 1641
636 731
638 400
644 970
647 1952
653 2093
659 1139
667 1759
677 280
680 1097
693 382
711 1864
719 1068
720 540
736 1048
743 1754
746 1924
751 1470
769 1671
775 1285
804 299
814 1245
818 1868
819 39
829 866
833 1180
834 1750
851 1784
858 2762
870 131
883 1806
893 2007
907 1140
915 1861
921 2709
931 15
945 1561
951 1766
961 2430
965 136
971 1469
974 2581
979 991
989 1474
992 1658
1005 1082
1023 1729
1024 1300
1029 807
1031 2452
1038 2449
1046 1962
1058 1657
1062 1238
1066 482
1067 510
1091 376
1092 1486
1112 789
1117 1635
1124 771
1126 951
1146 936
1151 244
1153 387
1154 1869
1160 890
1174 2419
1180 1226
1232 2046
1250 2558
1254 22
1262 716
1265 2814
1273 1866
1280 2676
1287 1041
1301 1298
1305 1719
1306 1435
1325 933
1345 1174
1349 1546
1388 836
1400 305
1405 2175
1418 1910
1433 1707
1434 1510
1447 1111
1465 599
1468 786
1477 885
1482 2380
1501 2615
1511 1382
1524 1341
1533 818
1535 1351
1540 2070
1541 619
1550 1141
1565 2239
1575 1711
1588 1089
1593 626
1596 914
1597 1362
1605 858
1650 2038
1686 1060
1689 1981
1701 1569
1705 1071
1718 2055
1738 1788
1752 416
1756 1305
1761 780
1765 998
1770 895
1777 736
1788 2252
1843 1612
1859 1912
1860 1166
1869 1415
1880 1425
1884 1358
1885 304
1904 1839
1916 2742
1917 1567
1929 1075
1944 2223
1947 1288
1967 617
1969 1183
1985 5
1988 1177
1996 1824
1998 972
2041 2469
2045 968
2062 24
2068 1636
2080 2626
2081 2056
2087 698
2125 1173
2130 950
2149 18
2153 1349
2160 898
2163 566
2165 321
2201 1418
2211 2497
2216 935
2224 1618
2229 1640
2256 1801
2263 1568
2266 2834
2279 1663
2295 704
2306 808
2311 666
2353 589
2363 824
2371 535
2379 505
2391 2066
2398 654
2414 1251
2426 811
2428 1314
2441 1989
2454 2271
2463 1597
2464 496
2467 1685
2491 712
2495 2496
2505 2561
2514 1951
2516 1823
2530 1204
2572 606
2579 1053
2582 2281
2589 1582
2592 2074
2603 1436
2629 1225
2653 1348
2657 155
2662 1786
2671 757
2683 2177
2685 421
2693 943
2699 767
2700 2823
2707 2024
2749 1203
2758 1240
2772 1853
2806 1429
2810 1536
2816 302
2832 298
2843 1633
2890 75
2904 355
2913 1490
2917 850
2922 2655
2924 889
2925 2052
2952 104
2978 635
2981 1765
