f_0082864.png f_0082924.png
0 401
29 1593
36 1030
39 1441
48 923
74 515
85 1394
90 1689
92 1393
112 1569
122 324
139 1816
151 1658
152 2151
160 1165
161 127
162 290
178 478
181 92
194 930
199 1111
204 358
208 1688
221 357
259 1342
262 1375
265 1337
270 1624
297 147
302 184
306 435
312 1148
325 2083
345 1275
346 1125
355 6
362 1235
365 776
379 541
389 2218
394 1179
407 910
416 305
427 1168
430 1046
437 915
445 286
451 1572
453 1374
459 1457
460 1130
467 1076
468 1900
480 661
499 1062
506 1567
532 440
535 850
538 2069
544 1846
573 504
583 2023
590 962
613 800
616 1972
624 1197
626 1709
644 993
646 1764
650 1515
677 327
680 1095
698 1156
699 937
706 961
709 886
716 1706
719 1106
720 544
736 1022
738 1592
746 1922
759 2284
765 917
770 226
780 1166
790 471
792 697
796 1967
821 973
836 1628
844 1893
845 130
853 1369
860 579
870 154
900 683
915 1903
924 1754
938 1220
945 1552
956 1924
965 158
967 1288
969 1157
971 1501
992 1681
996 1070
1002 1499
1004 2014
1009 1790
1022 903
1029 791
1046 1960
1057 722
1059 1291
1062 1274
1069 522
1091 390
1113 1108
1117 1626
1126 1008
1136 19
1138 981
1180 1211
1185 1767
1218 1060
1228 958
1250 2603
1261 1170
1262 729
1273 1875
1306 1444
1314 2221
1317 437
1322 113
1323 1268
1324 582
1325 942
1336 2165
1347 1865
1348 607
1366 1442
1386 1985
1406 802
1451 695
1463 1521
1476 1708
1486 990
1487 436
1503 452
1504 1323
1511 1376
1527 1944
1530 641
1532 617
1551 376
1558 1411
1562 1035
1569 1605
1576 378
1580 845
1605 824
1612 247
1626 662
1651 1667
1657 1027
1664 2065
1677 521
1694 604
1725 742
1726 1929
1752 425
1759 1554
1765 986
1786 1536
1796 1397
1800 1357
1801 1456
1810 1792
1814 773
1828 1831
1855 1395
1860 1117
1900 1200
1904 1860
1911 186
1917 1578
1918 783
1924 2857
1954 1201
1956 403
1958 29
1969 1199
1972 1266
1986 310
1998 944
1999 1630
2021 611
2027 414
2038 1158
2048 360
2064 1330
2093 1671
2121 842
2133 1854
2160 905
2200 559
2201 1427
2206 1619
2208 1222
2216 966
2224 1614
2230 754
2233 926
2242 351
2256 1853
2276 1574
2279 1678
2280 1289
2281 1556
2287 1229
2307 1247
2318 745
2334 495
2337 1611
2359 1528
2360 875
2393 1857
2398 735
2464 543
2477 1069
2491 719
2493 241
2518 2125
2530 1216
2574 673
2576 1430
2579 1115
2581 830
2583 2285
2624 1622
2629 1228
2631 1711
2644 1746
2647 81
2651 1316
2653 1313
2660 395
2665 1886
2672 1078
2707 2030
2712 463
2725 1947
2727 289
2731 2225
2749 1221
2779 781
2801 1290
2802 1053
2855 1675
2856 782
2862 887
2866 1580
2892 483
2900 972
2904 345
2913 1492
2941 1732
2957 1450
2977 252
2998 1703
