f_0082882.png f_0082886.png
1 95
4 51
13 55
14 106
16 75
17 116
30 72
32 141
40 62
44 115
46 160
47 161
53 171
59 170
64 183
71 45
73 204
74 138
84 191
87 205
88 226
90 230
92 143
105 243
115 249
120 162
128 177
132 168
133 190
136 291
138 281
157 279
159 117
165 247
166 283
174 199
191 240
193 332
202 184
207 254
208 261
209 280
212 298
215 263
228 277
229 284
231 386
232 421
234 412
236 353
240 310
241 324
242 207
243 211
247 295
250 321
260 368
265 251
269 448
271 322
274 467
277 351
278 380
280 381
281 361
292 447
294 396
299 359
311 358
313 525
315 376
318 312
319 416
321 489
326 469
331 342
334 349
337 348
340 510
343 346
350 391
351 474
355 507
356 451
357 548
361 405
362 487
369 463
370 573
372 543
375 606
377 517
395 593
400 582
406 468
420 641
422 651
424 500
426 613
430 556
433 572
436 563
442 585
443 586
444 664
446 567
451 676
461 624
466 723
468 693
472 650
473 655
477 657
478 685
484 663
489 623
495 734
497 683
500 591
501 684
509 748
511 636
514 750
515 643
519 770
520 682
531 639
539 785
545 698
546 720
553 637
558 726
559 816
561 749
564 814
571 862
578 674
579 692
583 897
588 802
589 756
592 729
595 714
596 724
598 772
608 940
610 771
623 846
624 880
632 805
633 835
634 836
647 879
651 981
654 933
658 777
662 813
664 903
666 793
674 851
687 915
689 876
690 884
691 938
692 825
694 902
699 854
700 960
701 1044
704 907
706 912
709 992
712 945
713 1027
717 974
722 944
724 1053
726 1029
735 1058
736 899
737 963
740 1000
744 980
746 1071
749 1008
750 1034
751 1077
753 1019
754 1047
756 983
758 926
759 991
762 1026
764 1082
768 954
769 977
771 1081
777 1025
781 1105
782 1059
784 962
794 1032
797 1084
800 979
808 1074
811 1018
812 1111
813 1108
817 1097
826 1123
829 1120
830 1131
833 1135
835 1141
841 1197
846 1151
847 1146
855 1188
860 1102
861 1106
863 1162
864 1163
869 1187
872 1183
873 1184
874 1244
877 1167
878 1168
879 1176
880 1194
886 1208
889 1206
899 1247
900 1221
902 1259
903 1215
910 1238
913 1234
919 1218
920 1227
921 1258
924 1257
931 1255
932 1263
938 1261
941 1291
943 1298
944 1288
946 1309
950 1287
951 1311
953 1173
960 1182
964 1233
970 1281
973 1297
991 1300
994 1377
995 1278
1000 1398
1003 1361
1006 1318
1008 1322
1009 1334
1012 1376
1016 1307
1019 1333
1030 1368
1033 1326
1046 1475
1049 1369
1052 1446
1054 1360
1057 1464
1058 1324
1065 1407
1066 1456
1072 1445
1073 1430
1074 1463
1082 1462
1090 1405
1091 1461
1092 1498
1094 1393
1095 1432
1106 1438
1112 1520
1114 1529
1117 1451
1122 1427
1137 1480
1145 1566
1146 1476
1156 1493
1166 1622
1167 1599
1169 1606
1171 1543
1172 1565
1175 1605
1177 1572
1180 1568
1182 1625
1199 1604
1201 1609
1223 1702
1228 1636
1253 1621
1256 1729
1263 1732
1269 1758
1288 1790
1299 1745
1301 1731
1312 1805
1316 1864
1324 1878
1333 1861
1348 1814
1350 1796
1351 1874
1352 1826
1361 1907
1363 1901
1371 1912
1374 1930
1376 1918
1381 1933
1384 1853
