f_0082702.png f_0082918.png
179 1760
185 1700
192 1783
193 2062
208 132
209 130
210 681
212 2901
214 2781
223 2606
229 2385
230 1520
232 2582
234 1136
235 208
236 1214
238 1795
241 98
243 1831
246 1910
247 1960
248 40
258 2750
276 157
277 1384
282 281
287 2049
295 379
303 2447
304 1942
308 2948
315 955
316 13
326 21
329 2940
344 131
345 108
346 1899
348 1733
349 1618
350 1826
368 894
369 1833
371 39
372 210
376 438
385 1796
389 1294
393 2340
395 1689
397 2892
401 1641
402 16
405 453
407 264
410 2889
417 2680
421 308
425 50
427 2061
430 77
431 144
432 2343
433 112
434 658
452 711
458 499
461 1982
463 2083
472 889
475 101
478 1053
488 1803
490 1804
496 1039
499 677
504 897
507 2207
514 2734
517 2312
518 2166
520 2006
526 2003
527 200
528 1797
537 2990
538 485
539 1872
547 1010
552 619
559 2339
564 1274
565 686
568 192
569 2597
574 2377
580 2900
584 2938
591 490
603 1315
608 2064
622 1708
629 160
635 274
649 932
651 2134
655 2591
662 756
673 2563
677 2009
679 352
686 1947
694 203
704 1950
710 2823
726 819
736 1558
737 1200
741 1421
743 1722
753 895
773 617
785 220
790 2308
791 790
796 473
805 212
806 372
813 2933
814 1085
818 2756
838 2019
852 2333
854 1949
861 2257
866 161
869 296
872 1536
874 391
876 197
887 2803
888 1042
892 2575
893 1187
898 2721
899 168
900 2981
908 1793
918 697
930 1000
933 1145
934 81
937 429
949 2562
957 2668
970 322
972 328
980 2634
981 751
982 909
985 1067
986 2001
987 215
996 2145
1006 505
1010 414
1015 2042
1020 654
1021 128
1028 2596
1029 1808
1037 2574
1038 1254
1039 1266
1048 1280
1066 2532
1077 2863
1080 2653
1084 1629
1087 944
1089 1513
1092 1194
1098 2873
1105 408
1111 1126
1112 376
1113 951
1114 381
1122 96
1125 978
1128 1772
1129 2263
1133 870
1139 2746
1145 2048
1149 740
1152 2745
1153 2897
1156 2366
1159 854
1161 1892
1172 2274
1175 2789
1187 124
1188 1372
1191 1821
1193 2742
1204 1782
1205 165
1208 146
1217 2701
1220 2039
1226 1477
1234 1495
1235 2441
1236 986
1243 365
1245 2406
1247 1082
1249 337
1254 1218
1257 2603
1263 827
1272 1894
1274 707
1275 267
1276 608
1279 2335
1288 1560
1298 722
1300 1717
1314 1044
1316 320
1322 852
1323 1210
1329 1595
1331 1718
1339 548
1352 2032
1360 841
1363 1356
1367 738
1372 1313
1373 2091
1376 116
1381 655
1394 2057
1409 1911
1416 1241
1428 1180
1443 2273
1449 1062
1462 190
1483 1979
1487 1208
1489 2328
1499 1278
1505 2272
1513 2569
1515 657
1557 2728
1563 2196
1579 471
1586 2519
1618 665
1631 1604
1634 2886
1637 1467
1672 1365
1681 991
1749 1969
1754 1675
1825 2931
