f_0082864.png f_0082928.png
7 789
16 975
22 517
36 1059
41 1222
93 1780
102 758
105 1018
109 2627
142 883
155 612
158 330
159 1127
166 1319
179 1131
201 1776
203 1075
208 1622
215 591
226 704
230 1017
234 948
261 1599
265 1346
279 2428
312 1121
322 404
338 1383
345 1200
362 1246
374 1509
379 547
396 56
404 1273
418 1920
424 1553
427 1207
481 338
489 1020
499 908
522 694
560 1500
564 1442
584 1496
590 976
602 1782
623 1435
626 1638
650 1463
675 2267
677 239
680 1117
682 1052
690 1652
693 407
697 1404
698 1107
716 1623
720 561
736 1021
738 1544
746 1832
764 274
803 109
819 2
836 1588
838 726
852 2641
870 122
876 1294
886 2046
928 1220
937 709
941 1057
975 2203
986 1838
988 554
1003 1619
1017 1512
1018 1428
1034 1534
1036 1436
1050 680
1056 1519
1057 671
1066 423
1069 516
1070 413
1086 1851
1092 1480
1099 445
1100 1940
1126 939
1160 862
1192 474
1212 1477
1213 1116
1249 867
1251 1328
1265 2613
1267 1806
1284 1286
1301 1216
1305 1647
1346 506
1354 1401
1434 1502
1441 924
1460 1492
1463 1497
1464 1804
1493 2107
1495 667
1500 2579
1524 1298
1545 748
1548 1961
1553 275
1557 808
1562 1030
1568 447
1573 14
1593 654
1599 861
1615 1935
1620 1152
1626 661
1642 1517
1653 2207
1666 521
1686 1015
1694 568
1714 1255
1720 435
1726 1868
1738 1703
1802 2318
1808 1339
1834 2646
1839 1320
1844 1473
1880 1403
1919 1281
1947 1227
1954 1245
1996 1752
2045 968
2076 930
2082 1816
2101 1688
2160 900
2206 1565
2226 1739
2230 781
2248 2289
2252 1633
2256 1717
2258 1514
2263 1548
2272 1493
2279 1608
2306 870
2307 1171
2308 534
2359 1499
2370 913
2371 492
2393 1757
2398 650
2437 1161
2438 1722
2442 1201
2468 840
2478 1631
2486 2299
2491 740
2530 1155
2549 797
2551 1379
2576 1365
2583 2277
2620 634
2623 1962
2644 1643
2648 371
2653 1360
2660 328
2662 1692
2676 1950
2680 2398
2712 303
2734 89
2754 374
2798 2008
2822 733
2833 1621
2840 2026
2843 1578
2867 1233
2874 570
2903 920
2930 2665
2939 2538
2949 432
2953 2104
2958 494
2978 688
2981 1698
2986 770
