f_0082702.png f_0082958.png
6 483
38 264
45 42
74 495
80 76
143 203
172 943
208 613
225 848
230 457
253 980
256 945
264 631
266 1013
275 963
278 654
289 625
311 1041
323 695
396 501
398 667
408 714
435 1256
479 736
488 565
495 580
602 1044
682 930
702 953
728 1074
762 1113
765 1174
771 890
772 1162
776 1191
805 868
823 1699
827 882
851 1607
863 944
887 1202
894 1211
895 1239
904 1391
915 1275
926 1160
929 1240
930 1384
943 1138
957 1409
961 1170
962 1314
972 1404
980 1259
981 1318
982 1403
986 1258
999 1251
1002 1237
1003 1227
1006 1355
1010 1323
1023 1349
1038 1340
1039 1372
1043 1293
1047 1423
1051 1681
1055 1849
1059 1363
1060 1380
1061 1503
1067 1351
1084 1383
1088 1568
1093 1402
1094 1507
1098 1522
1113 1436
1117 1332
1118 1574
1145 1851
1157 1662
1158 1510
1164 1412
1167 1863
1173 1686
1174 2059
1188 1656
1200 1675
1208 2029
1217 1746
1233 1571
1235 2093
1255 1932
1265 2186
1321 1835
1322 1955
1342 1776
1363 1964
1368 1903
1374 1913
1381 1953
1397 1976
1428 2183
1491 1844
1504 2102
1509 1800
1525 2151
1535 1916
1540 2270
1546 2006
1551 1943
1552 2034
1562 1874
1589 2156
1597 2261
1598 1954
1606 2229
1654 2299
