f_0082946.png f_0082876.png
3 239
16 76
22 297
23 123
42 98
50 144
55 54
82 23
83 19
84 490
90 386
100 259
102 55
111 206
112 56
116 269
117 37
118 534
129 59
134 198
141 165
150 422
155 166
164 118
169 224
173 263
181 298
182 261
184 82
188 63
196 42
208 212
212 516
217 219
221 299
222 218
223 231
236 548
237 284
238 110
244 270
248 674
258 316
270 223
271 78
274 619
278 618
282 202
283 119
287 327
290 124
296 280
297 114
303 445
304 258
307 459
309 509
310 510
316 406
321 85
339 147
354 353
355 274
357 290
361 120
363 675
369 281
372 143
375 566
377 482
395 285
403 759
407 742
408 629
409 466
411 636
412 641
421 555
430 664
433 382
439 254
441 587
443 267
455 137
478 349
481 517
492 251
506 419
516 288
533 468
537 214
552 391
553 536
560 550
568 886
571 460
574 501
584 413
586 334
593 702
595 499
598 486
599 395
605 461
636 342
646 558
648 415
650 337
654 569
670 730
671 623
678 332
681 487
685 483
691 326
694 420
702 478
704 743
706 396
708 531
718 698
720 588
721 479
726 525
735 653
738 556
739 542
740 488
747 645
758 654
765 744
769 595
770 755
771 756
774 656
778 709
781 919
790 543
797 562
801 748
803 858
807 950
811 661
812 749
813 647
821 514
827 757
829 581
832 447
837 570
840 612
848 723
851 682
853 609
857 913
858 830
862 782
864 584
867 1014
869 764
872 527
879 598
884 783
885 649
888 883
891 850
894 504
896 776
899 1050
911 624
912 1049
914 842
915 672
916 731
917 715
922 804
928 736
942 750
944 666
964 831
966 823
982 1006
992 877
996 951
1000 1074
1001 994
1004 1132
1005 851
1006 716
1007 704
1021 853
1031 769
1036 791
1040 869
1043 922
1050 937
1057 1114
1059 838
1062 678
1063 889
1066 1259
1078 818
1079 812
1080 696
1085 967
1096 792
1103 1093
1110 1052
1111 725
1113 1155
1117 1032
1118 933
1121 733
1122 844
1126 1087
1132 833
1135 954
1138 945
1139 870
1149 1079
1150 1027
1151 955
1152 1045
1153 806
1155 1283
1162 1189
1163 1094
1170 968
1172 794
1174 1043
1175 884
1188 916
1189 863
1190 826
1195 1020
1198 786
1200 1001
1204 1092
1225 1002
1229 895
1232 981
1239 834
1241 1134
1245 1182
1252 1028
1261 1301
1266 1171
1272 979
1282 1104
1284 1046
1290 1077
1292 1021
1301 997
1312 1063
1317 1177
1323 969
1325 1033
1331 1086
1340 1244
1343 1174
1349 1053
1352 1172
1360 952
1362 1223
1363 1216
1367 1232
1374 999
1376 1115
1381 1151
1397 946
1398 1395
1404 1008
1407 1285
1417 1315
1427 1430
1428 1325
1432 1392
1435 1292
1444 1184
1447 1168
1456 1339
1462 1113
1468 1108
1479 1152
1489 1341
1497 1169
1514 1316
1517 1160
1521 1186
1522 1067
1530 1458
1540 1126
1550 1235
1562 1191
1570 1130
1580 1225
1584 1276
1601 1249
1620 1187
1626 1194
1636 1396
1642 1334
1653 1540
1657 1350
1666 1329
1669 1247
1671 1355
1674 1340
1681 1363
1697 1302
1709 1401
1713 1252
1716 1505
1719 1412
1720 1521
1722 1366
1734 1511
1735 1343
1741 1557
1747 1582
1750 1296
1780 1346
1797 1374
1817 1423
1835 1368
1846 1593
1871 1661
1887 1468
1906 1462
1916 1613
1918 1475
1932 1491
1936 1605
1941 1657
1944 1529
1949 1644
1952 1530
1953 1531
1955 1512
1959 1579
1993 1679
1995 1721
1997 1647
1999 1640
2005 1536
2019 1547
2021 1584
2022 1545
2032 1580
2049 1598
2056 1690
2064 1616
2086 1688
2096 1636
2140 1649
2142 1630
2180 1662
2184 1697
2187 1755
2227 1671
2232 1803
2247 1686
2249 1698
2254 1836
2269 1854
2276 1708
2282 1701
2298 1728
2343 1801
2347 1775
2349 1746
2358 1762
2375 1772
2384 1774
2405 1874
2411 1869
2430 1815
2460 1837
2500 1886
2512 1929
2520 1881
2536 1922
2552 1945
2558 1965
2560 1972
