f_0082702.png f_0082452.png
31 15
45 11
53 17
63 18
107 120
134 94
165 155
168 204
169 176
217 314
218 222
228 230
281 289
315 335
337 379
364 441
370 486
372 425
406 513
416 542
434 512
438 558
442 520
453 559
454 544
482 686
495 636
498 694
539 698
554 792
567 810
614 855
645 836
650 887
727 949
769 1065
800 1027
815 1025
838 1011
852 1099
898 1192
903 1221
925 1202
930 1132
957 1182
966 1193
989 1374
1013 1305
1028 1381
1051 1284
1070 1453
1117 1394
1162 1506
1163 1592
1171 1626
1204 1442
1246 1489
1268 1514
1278 1509
1296 1524
1297 1543
1300 1554
1310 1576
1328 1568
1343 1613
1380 1705
1382 1641
1383 1605
1389 1785
1401 1654
1405 1663
1413 1666
1414 1667
1454 1680
1496 1742
1519 1895
1531 1799
1533 1819
1541 1816
1550 1911
1579 1876
1608 1891
1612 1924
1615 1925
1623 1945
1730 1979
1768 1969
1896 1984
