f_0082558.png f_0082928.png
30 381
43 409
46 953
49 475
61 1344
73 908
78 338
79 503
118 1136
119 109
121 128
124 1419
133 337
134 955
137 544
154 830
170 1511
177 423
201 346
216 1796
247 12
253 729
264 1320
268 1092
286 174
308 804
309 706
310 89
314 948
324 864
335 96
338 358
350 676
355 1411
366 1791
374 525
397 938
400 1217
405 1148
413 900
415 939
421 1617
430 722
443 25
495 822
503 377
507 536
512 334
513 1268
517 2025
521 4
533 1729
536 702
537 914
551 568
556 1485
562 709
570 646
579 987
581 750
587 1271
589 303
591 1353
595 995
599 1596
600 192
602 656
611 1482
619 617
625 244
669 209
676 1815
689 388
693 1021
742 1120
748 1927
751 640
775 55
780 1058
792 1447
793 1103
796 52
798 2099
807 1001
830 537
843 711
849 1361
874 1341
878 1639
883 1654
886 810
887 203
894 157
912 673
916 1020
918 584
925 991
960 153
962 998
970 669
975 1450
982 309
992 2053
1019 114
1036 450
1078 902
1080 1556
1081 509
1096 1162
1099 745
1166 482
1169 986
1192 922
1206 184
1217 874
1224 554
1227 1528
1250 1039
1252 541
1277 1336
1289 487
1296 1080
1301 1496
1308 869
1322 67
1325 1124
1330 692
1340 1915
1343 1806
1351 330
1352 905
1364 345
1365 1700
1366 480
1370 539
1379 428
1389 609
1418 1412
1450 15
1464 1660
1486 1424
1489 835
1503 920
1517 1388
1525 893
1526 1892
1538 1177
1559 849
1560 1565
1567 622
1568 301
1575 1193
1577 1159
1581 1448
1627 151
1638 979
1644 2
1659 362
1671 193
1672 1790
1676 454
1711 472
1715 1659
1725 878
1741 724
1748 1017
1768 1487
1774 231
1795 806
1803 1674
1808 957
1816 1894
1825 1170
1829 1597
1859 2102
1865 583
1870 62
1873 843
1875 1612
1876 784
1877 941
1885 1606
1889 1213
1890 965
1900 817
1905 590
1933 848
1938 542
1961 603
1991 1031
1996 726
2014 989
2019 405
2022 515
2037 1402
2047 1719
2054 607
2076 770
2090 1546
2095 818
2104 1634
2112 1053
2115 413
2116 258
2129 1048
2159 263
2166 1953
2167 993
2168 1723
2181 1766
2185 1502
2231 1509
2247 66
2250 281
2259 834
2263 861
2285 1857
2307 433
2317 974
2320 1618
2335 1015
2337 1288
2342 19
2347 690
2356 1030
2363 999
2373 1051
2388 857
2402 1755
2413 1201
2415 1192
2458 633
2470 240
2483 778
2499 13
2527 304
2545 1389
2553 838
2577 1926
2581 51
2591 249
2613 137
2666 1153
2673 97
2685 1171
2690 789
2701 90
2772 347
2773 1461
2786 1010
2800 5
2810 802
2821 1047
2833 308
2835 1991
2844 579
2853 792
2873 1689
2877 1195
2880 28
2888 904
2892 890
2917 519
2918 717
2919 1323
2923 45
2939 1392
2965 1621
2999 2017
