f_0082558.png f_0082518.png
0 169
1 846
9 1004
16 194
31 217
35 203
45 460
70 693
75 840
77 1507
81 509
82 1156
94 162
97 987
111 418
112 295
124 907
125 1430
144 679
145 478
161 1222
170 935
174 1265
185 570
188 1214
227 1400
232 1212
242 1193
243 985
246 1190
250 1189
253 793
259 648
263 511
264 883
270 1127
287 1143
301 399
304 1302
313 363
331 1211
336 1208
338 591
340 298
352 1528
363 740
368 463
370 241
377 1445
388 1374
391 811
396 605
402 934
413 526
416 717
425 387
426 365
448 1314
450 116
451 790
457 604
487 791
495 466
499 610
503 214
513 810
528 106
532 1459
535 626
560 1405
578 156
587 777
593 446
599 1437
602 658
605 1540
608 532
619 753
623 1408
625 429
628 349
631 1022
638 1505
640 1450
672 454
677 1221
680 1420
686 897
699 901
720 472
731 836
732 339
781 1219
788 404
798 1461
806 452
815 736
816 1585
843 572
844 805
850 1512
851 802
855 276
861 495
863 313
865 615
871 1076
881 1332
915 1016
929 1114
939 192
969 890
977 1321
979 132
991 1098
995 609
1012 1364
1020 1440
1028 1593
1034 718
1039 915
1042 1041
1060 421
1069 620
1078 958
1081 506
1082 465
1086 1254
1090 1493
1093 269
1098 520
1102 216
1112 412
1139 1140
1147 1336
1155 1286
1186 1000
1211 104
1222 240
1235 1546
1244 1199
1261 1557
1268 776
1272 858
1276 1584
1278 818
1297 1216
1303 852
1307 1458
1320 1160
1343 1337
1345 1257
1354 1105
1366 574
1395 1509
1408 706
1410 785
1413 518
1441 1483
1448 838
1453 640
1474 769
1490 870
1496 1188
1500 1537
1508 394
1531 951
1583 633
1591 714
1597 323
1605 484
1607 655
1618 579
1636 756
1638 994
1671 278
1672 1162
1676 553
1726 190
1747 1063
1752 957
1756 571
1772 705
1785 927
1786 1569
1787 120
1794 578
1806 923
1810 164
1825 937
1840 1438
1841 829
1843 595
1848 534
1855 1085
1864 1491
1865 492
1882 1226
1883 688
1905 400
1925 992
1944 178
1956 1572
1975 859
1986 692
1999 1047
2019 360
2039 1564
2041 839
2043 98
2056 1355
2057 1581
2068 1269
2086 1264
2101 1562
2110 1166
2111 814
2119 889
2134 1487
2140 1200
2142 622
2165 631
2167 902
2187 1592
2197 1330
2203 1570
2216 1230
2224 696
2231 1031
2233 1354
2247 320
2248 568
2251 654
2258 1150
2269 1028
2274 1338
2276 1486
2289 226
2310 209
2334 906
2342 198
2358 1126
2362 1362
2375 1003
2390 62
2392 545
2415 976
2416 462
2417 1097
2435 395
2445 253
2491 165
2552 350
2565 125
2577 1267
2578 1151
2586 1503
2601 1069
2607 1315
2616 502
2620 536
2645 247
2650 1383
2661 613
2671 1250
2673 140
2682 267
2692 1365
2702 1014
2704 1494
2716 1072
2722 1252
2725 632
2740 650
2742 315
2759 443
2776 529
2783 497
2786 695
2789 1273
2790 812
2800 157
2802 1353
2837 813
2873 1078
2899 866
2928 1367
2931 770
2933 732
2940 1168
2953 206
2984 941
2991 1341
