f_0082886.png f_0082858.png
25 1725
102 2229
109 1679
158 1258
272 251
354 1390
381 392
418 1091
419 748
424 2904
430 2222
445 2583
447 429
484 2063
556 864
568 511
654 381
753 2519
762 2455
773 2711
791 1868
807 2862
814 900
823 1501
840 2981
850 684
852 2253
893 1779
914 1654
985 856
991 1613
1001 2245
1008 1616
1013 1344
1031 1323
1034 1807
1049 2946
1053 831
1063 1577
1076 411
1082 2849
1094 1163
1111 2268
1161 664
1162 121
1163 2456
1168 592
1184 1883
1215 1751
1224 54
1289 2756
1290 204
1302 179
1307 1002
1341 2153
1348 211
1350 32
1367 2133
1371 2291
1375 2204
1403 907
1405 78
1406 617
1412 2785
1434 2157
1435 1419
1444 1953
1445 2906
1457 264
1465 58
1468 1380
1483 1473
1489 2300
1497 2803
1499 2551
1500 2067
1508 1537
1513 1410
1524 1970
1535 750
1540 2511
1549 521
1565 2339
1570 1295
1573 410
1577 1226
1596 2907
1605 2586
1608 85
1617 443
1668 452
1670 91
1686 1645
1689 1138
1695 2520
1699 176
1701 1400
1753 1961
1754 751
1763 351
1766 1739
1773 124
1788 2377
1790 663
1796 2084
1812 151
1837 792
1843 657
1846 76
1860 2381
1866 969
1873 1475
1896 2661
1938 56
1951 93
