f_0082452.png f_0082958.png
3 22
39 448
43 342
51 349
57 102
61 303
86 79
87 296
88 297
100 295
112 707
117 239
121 95
128 419
151 226
152 438
156 6
157 101
158 462
172 590
192 490
212 326
231 378
232 730
241 334
250 397
251 404
256 121
257 437
258 598
283 254
291 729
302 64
315 139
317 237
322 544
329 112
330 673
336 4
341 3
364 72
369 123
373 160
376 2
378 536
380 20
381 625
388 171
393 184
398 99
403 120
408 824
424 323
440 133
441 348
442 132
446 178
463 183
473 189
476 62
478 709
479 138
484 263
501 115
512 478
516 870
519 959
525 251
536 500
538 299
540 639
541 98
544 634
557 317
559 549
566 279
569 119
593 218
594 223
600 267
613 854
616 499
621 188
630 108
636 552
648 937
652 155
660 477
670 316
682 347
696 291
715 466
722 643
741 409
783 799
792 278
794 407
796 1012
801 521
804 628
812 795
814 285
815 387
823 302
824 543
835 565
854 322
860 1018
873 328
892 371
909 580
922 406
932 386
937 455
947 382
970 453
976 497
998 1308
999 1321
1006 481
1056 896
1075 653
1079 538
1084 1128
1087 1110
1116 1384
1133 735
1163 678
1187 1202
1200 883
1214 686
1215 830
1219 1591
1228 1370
1229 1590
1247 1053
1248 1238
1274 1176
1283 1325
1316 957
1320 1102
1381 1170
1392 1048
1394 1257
1396 1307
1411 835
1412 1178
1457 1351
1467 1205
1478 1542
1486 1087
1547 1051
1550 1793
1575 1180
1597 1173
1598 1541
1638 1554
1665 1451
1798 1464
1815 1629
1846 1603
1866 1731
1875 2022
1907 1485
1967 1723
1971 1703
