f_0082724.png f_0082776.png
184 46
191 15
216 7
282 61
295 101
324 85
336 109
376 82
377 196
395 160
413 180
415 161
433 274
435 221
441 189
442 210
451 282
455 305
460 317
472 290
477 328
478 308
480 309
482 327
489 325
495 359
496 338
497 329
505 345
506 405
508 268
510 240
513 355
515 253
517 372
518 301
519 339
520 246
525 331
527 384
530 214
537 406
538 387
540 411
541 420
548 296
553 438
574 436
576 463
577 470
594 333
598 518
603 493
604 397
608 528
609 306
615 352
617 552
626 525
631 572
646 568
649 561
668 596
670 557
672 598
685 614
686 570
688 501
691 543
692 602
698 452
714 625
718 631
719 628
729 659
737 678
738 642
749 694
753 706
754 681
755 542
757 705
766 686
772 730
773 615
778 701
788 712
804 746
805 722
807 704
825 783
826 757
835 782
862 645
865 792
869 743
870 805
884 775
894 847
905 836
912 827
943 883
954 911
956 725
960 892
972 890
984 925
989 767
997 960
1008 920
1013 932
1019 933
1020 794
1043 984
1048 1017
1052 1021
1057 977
1074 1058
1075 898
1093 1075
1104 1045
1112 1121
1133 1123
1142 1100
1175 1086
1190 1177
1206 1217
1210 1200
1222 1161
1230 1255
1246 1140
1251 1252
1260 1194
1271 1257
1278 1279
1279 1261
1285 1206
1287 1274
1293 1318
1320 1238
1330 1287
1334 1339
1337 1353
1340 1281
1344 1304
1350 1305
1367 1409
1368 1319
1373 1317
1394 1427
1406 1323
1421 1415
1436 1417
1449 1368
1454 1476
1482 1528
1493 1486
1496 1517
1516 1499
1517 1457
1527 1544
1542 1496
1566 1614
1567 1541
1576 1647
1589 1513
1600 1522
1602 1564
1645 1745
1655 1691
1678 1741
1710 1758
1721 1816
1736 1631
1745 1805
1750 1800
1753 1815
1757 1820
1777 1855
1796 1863
1810 1867
1831 1918
1838 1889
1839 1891
1860 1955
1861 1932
1862 1952
1890 1850
1901 1982
1902 1992
1905 1809
1908 1971
1931 1904
1934 2021
1937 2036
1945 1908
1960 1943
1970 1962
1974 2056
1987 1984
1994 1958
2014 2027
2036 2053
2058 2026
