f_0082492.png f_0082642.png
135 311
585 0
669 39
692 58
699 41
723 5
728 70
758 55
764 114
777 106
778 93
808 113
828 132
831 160
845 131
846 116
854 136
859 175
860 141
870 122
873 154
874 144
889 170
894 165
905 164
906 155
927 161
943 195
954 185
967 220
997 322
1017 231
1021 237
1022 218
1023 219
1027 279
1056 182
1063 261
1064 292
1081 110
1088 271
1089 280
1104 291
1110 355
1124 299
1129 288
1141 312
1142 326
1149 313
1154 358
1160 118
1163 258
1169 344
1175 323
1176 333
1185 394
1200 321
1204 340
1205 387
1214 402
1227 357
1237 370
1266 477
1304 390
1318 483
1327 445
1330 491
1331 463
1334 420
1336 405
1337 496
1340 444
1344 467
1349 435
1360 531
1369 424
1371 519
1373 506
1399 577
1423 525
1434 559
1440 528
1447 526
1452 549
1455 622
1458 627
1465 544
1466 515
1470 568
1476 583
1478 664
1485 643
1491 546
1492 552
1494 632
1498 606
1499 668
1507 625
1513 644
1522 553
1541 599
1545 697
1551 671
1561 657
1566 621
1567 709
1583 714
1617 660
1623 736
1636 782
1642 786
1669 674
1679 704
1680 727
1701 808
1706 776
1711 785
1733 940
1735 975
1753 867
1761 899
1762 877
1771 918
1803 905
1808 764
1809 1057
1814 892
1850 913
1859 1075
1868 955
1878 1062
1886 970
1906 1151
1920 1116
1931 1070
1936 1220
1939 1174
1946 1206
1950 1250
1953 1074
1963 1110
1966 1235
1982 1217
1995 1329
1997 1290
1998 1287
2003 1282
2006 1138
2020 1257
2030 1307
2037 1403
2038 1368
2046 1274
2093 1192
2109 1378
2121 1427
2124 1621
2126 1320
2151 1553
2185 1491
2188 1410
2193 1548
2210 1531
2225 1538
2240 1586
2276 1582
2281 1496
2292 1595
2320 1603
2331 1657
2340 1751
2359 1689
2367 1648
2408 1724
2409 1692
2435 1750
2441 1804
2524 2117
2580 1961
