f_0082702.png f_0082518.png
117 52
204 79
208 119
209 122
213 87
232 107
234 113
276 189
295 168
305 172
334 206
346 229
371 259
403 245
428 359
448 386
470 379
480 394
493 371
520 351
527 411
548 492
598 511
627 531
628 493
664 541
776 675
859 761
915 858
1000 897
1025 852
1040 907
1053 1010
1112 930
1172 1101
1217 1153
1247 1081
1268 1118
1306 1357
1319 1159
1330 1133
1332 1334
1358 1363
1362 1272
1367 1457
1375 1251
1382 1212
1389 1297
1390 1408
1401 1256
1414 1280
1567 1438
1775 1479
1784 1495
1849 1519
1861 1543
