f_0082918.png f_0082942.png
3 397
4 586
5 1487
7 1144
8 357
9 1094
11 744
13 444
20 2098
25 2131
33 1225
38 1166
42 673
48 50
49 84
50 435
51 1842
56 2542
57 1221
58 485
61 754
64 475
67 1277
70 622
71 454
73 2010
76 2377
79 1940
81 1379
82 102
85 727
88 2095
93 459
99 1454
100 1982
101 739
109 1963
113 898
118 677
119 313
120 774
123 837
126 1244
128 1282
129 1220
132 241
134 416
136 1499
138 1022
141 299
142 455
146 1627
147 916
148 978
149 1495
150 1755
156 531
158 1563
167 137
168 702
169 266
173 902
180 1724
186 1217
187 175
188 1165
190 1885
196 1415
197 1112
198 959
202 1528
204 930
208 333
216 1056
235 515
237 1556
242 382
246 1081
253 559
264 505
270 463
272 996
274 949
281 314
282 1829
283 1014
285 2515
286 2052
300 913
307 498
308 624
325 117
326 688
327 1262
328 1247
330 1048
335 456
339 1596
345 1294
346 1617
351 1460
353 992
354 962
358 760
368 651
376 1548
378 235
379 394
385 1202
388 47
391 751
394 1858
397 1484
404 427
409 1456
412 581
414 1245
421 602
426 824
444 838
445 352
451 343
452 296
455 904
458 1946
461 120
463 1243
469 1547
471 2023
477 401
480 1367
481 1207
484 1498
487 1746
488 504
490 892
491 2302
495 409
496 601
498 406
499 121
503 1447
505 1215
507 177
510 506
513 1061
514 2042
515 1599
517 63
523 276
525 1634
526 875
530 1200
536 915
559 745
560 1350
562 301
570 1920
571 1170
572 2460
575 1486
578 1600
583 1414
597 487
598 295
613 582
617 1119
618 985
619 256
623 240
625 1114
633 1621
640 1906
650 1912
651 646
659 347
660 1250
663 1791
665 2248
667 1266
675 755
676 1195
677 225
679 2244
681 176
685 1796
688 1128
702 960
707 1662
708 1095
718 932
728 638
732 319
734 1304
742 1465
748 599
749 2054
750 136
755 703
756 336
758 1371
766 1311
770 1793
772 907
779 798
781 1490
783 1443
786 1976
790 1184
800 479
801 1040
802 679
814 942
816 1531
818 230
823 1846
824 1758
828 887
831 1512
832 1013
838 628
841 1727
842 1966
843 2215
850 1426
852 1734
854 1589
864 1558
868 2119
869 1257
870 1003
873 2275
877 1182
878 1017
884 1837
886 292
894 521
895 1159
898 2096
910 1592
912 1401
913 614
916 1180
917 1080
923 245
931 471
932 346
936 229
954 695
962 2007
964 1566
969 1306
973 1337
975 1511
977 1246
985 1242
990 509
1003 1138
1006 810
1007 2497
1009 2015
1011 1398
1016 502
1026 2265
1028 1699
1031 214
1036 1329
1037 1533
1039 782
1041 1187
1042 1211
1049 507
1057 1292
1058 1836
1066 1055
1070 779
1071 1030
1072 1320
1074 378
1080 767
1086 233
1092 1855
1097 2187
1102 1515
1104 1208
1105 656
1106 763
1109 1575
1110 1131
1111 1887
1121 1183
1122 483
1133 573
1150 861
1154 294
1177 1117
1179 1639
1183 1653
1193 1302
1195 508
1203 472
1210 1703
1212 1884
1214 376
1223 1118
1226 1125
1237 2323
1240 122
1248 422
1256 445
1259 2488
1260 1535
1266 1293
1272 2474
1284 1406
1294 545
1300 364
1303 2178
1306 920
1307 1526
1308 853
1316 100
1320 637
1321 794
1322 1358
1323 800
1326 1099
1334 1496
1336 629
1343 1120
1352 2525
1356 1757
1359 1611
1361 421
1367 13
1368 1743
1371 808
1374 986
1385 1106
1393 356
1399 889
1404 1365
1410 1168
1415 805
1418 1542
1420 661
1422 476
1435 1348
1436 1322
1439 1049
1444 380
1445 185
1449 2158
1451 1150
1453 1427
1459 1463
1463 984
1464 981
1465 1477
1474 309
1475 823
1478 2352
1480 1610
1481 1086
1482 1067
1490 2045
1492 1374
1494 1178
1495 1638
1506 2074
1518 1509
1519 1717
1522 1819
1523 845
1535 997
1536 795
1541 2239
1547 1075
1556 514
1570 199
1577 740
1578 411
1585 208
1588 701
1589 2374
1595 1718
1598 1157
1603 1539
1607 1902
1609 1537
1616 126
1621 1931
1624 2079
1626 707
1627 255
1629 1332
1630 1538
1634 1626
1637 1744
1646 1006
1648 1189
1656 946
1657 1732
1662 480
1665 2294
1688 398
1690 494
1691 803
1695 1226
1704 1051
1706 1716
1707 742
1708 1019
1714 211
1724 1079
1727 1618
1739 510
1740 2084
1743 140
1746 2049
1750 970
1752 1541
1754 353
1756 413
1758 1287
1759 1101
1760 191
1766 2463
1768 1523
1779 2061
1787 2418
1793 1333
1796 534
1798 1891
1803 442
1813 1046
1821 1601
1830 1372
1832 2151
1836 879
1838 830
1849 863
1850 1253
1851 193
1853 478
1860 1344
1866 1062
1870 1441
1872 361
1879 125
1889 311
1896 906
1897 1762
1899 374
1901 2433
1908 337
1914 350
1917 934
1922 987
1925 2409
1926 1113
1931 1431
1932 174
1933 261
1938 79
1942 400
1948 1010
1949 940
1950 1001
1951 971
1961 1765
1962 2055
1963 263
1980 77
1985 2382
1987 254
1991 2342
2001 1171
2002 741
2008 1271
2016 1786
2026 841
2032 1773
2033 1349
2035 792
2042 806
2045 1637
2048 1573
2052 681
2057 1886
2058 1313
2066 362
2067 967
2072 998
2081 880
2085 1418
2086 72
2096 264
2097 1806
2102 202
2107 1224
2114 1216
2115 2211
2125 1691
2133 980
2145 1210
2146 216
2149 609
2150 842
2154 1506
2159 306
2165 1409
2170 330
2180 627
2185 1995
2190 287
2196 2174
2197 1057
2200 1361
2203 518
2205 664
2218 843
2219 222
2224 988
2228 953
2230 1822
2233 1900
2242 973
2246 1585
2257 1355
2259 870
2260 1167
2262 1450
2268 1281
2272 1980
2274 1510
2277 1387
2279 1005
2286 1949
2289 448
2291 1587
2294 2541
2296 1124
2299 836
2301 1709
2306 979
2307 1660
2311 1275
2319 1393
2335 1702
2339 173
2346 429
2349 711
2359 436
2360 2034
2363 905
2373 849
2375 721
2379 634
2391 128
2394 351
2417 2401
2420 1241
2427 943
2434 1494
2436 1289
2437 680
2440 1933
2442 1276
2444 1680
2446 239
2448 1199
2465 1407
2466 2224
2472 811
2476 1808
2487 1323
2490 1545
2491 318
2504 851
2509 972
2513 1462
2524 1534
2532 1047
2539 2044
2540 1078
2543 1562
2556 156
2564 249
2573 724
2574 1417
2575 1373
2577 2006
2579 88
2580 1706
2583 924
2587 1590
2591 360
2592 2476
2596 860
2600 1097
2604 1536
2616 488
2618 373
2628 595
2642 490
2646 825
2649 1958
2654 213
2660 1316
2662 1274
2663 876
2667 1588
2669 2386
2674 2444
2686 635
2687 1745
2689 738
2695 1133
2699 164
2701 1559
2702 219
2707 1681
2708 2484
2712 1471
2713 273
2720 1104
2721 735
2723 1083
2735 1481
2736 1193
2752 899
2754 1190
2761 495
2770 1191
2781 215
2788 2091
2794 704
2803 1108
2804 1624
2805 2056
2813 1375
2814 1613
2816 2451
2826 297
2847 1501
2848 1382
2863 1205
2865 1107
2868 865
2874 900
2885 639
2888 847
2902 1028
2915 1286
2917 1366
2919 1712
2924 1633
2930 1849
2933 568
2934 1644
2935 1598
2941 2159
2946 917
2951 61
2954 18
2958 1036
2962 2448
2964 1678
2969 1151
2976 1259
2978 1549
2980 1084
2982 1068
