f_0082620.png f_0082918.png
12 66
13 206
28 1095
29 1175
33 157
37 2140
38 83
41 1172
68 2948
71 2691
87 1833
93 1567
102 1631
114 1166
119 2885
122 2343
134 144
157 753
194 808
199 42
203 2680
207 2932
209 508
215 4
230 2300
244 1871
247 2100
259 825
274 1488
286 2572
294 2026
303 2734
316 2069
317 2378
350 2090
370 1579
372 2573
382 1346
397 192
402 2195
404 702
440 93
451 1813
454 276
480 2389
483 1866
495 2982
496 148
502 800
520 1947
527 2628
538 802
565 1681
571 708
579 916
611 1724
619 1537
636 188
653 1311
666 820
677 2566
696 174
713 512
714 2319
718 2250
720 2169
726 181
728 117
738 2995
757 2874
758 1000
760 544
769 256
780 2087
786 2236
797 718
806 328
809 215
813 1705
817 505
818 1735
828 121
834 2812
865 2043
877 2120
880 2574
886 761
904 1966
906 678
909 731
917 2277
929 575
948 2863
952 2799
954 2603
960 1056
961 1057
983 2873
988 2712
1010 2783
1033 1761
1036 740
1053 1971
1063 707
1074 424
1075 202
1077 2503
1083 633
1086 464
1092 1029
1116 908
1125 938
1129 1717
1140 1069
1144 1210
1149 2930
1153 1595
1164 2800
1166 1232
1173 763
1179 2335
1187 146
1224 2939
1299 2233
1324 1561
1337 2614
1345 225
1357 394
1375 1412
1417 1605
1420 17
1598 2833
1599 2544
1602 650
1607 294
1629 2500
1721 2124
1726 1338
1738 2631
1743 2683
1749 89
1764 1199
1769 73
1822 1259
1863 139
