f_0082452.png f_0082670.png
8 202
39 228
49 214
51 253
58 220
73 273
82 299
87 265
89 280
93 242
101 245
105 247
110 246
112 310
119 305
126 263
141 333
149 269
171 284
172 358
192 341
197 301
199 308
216 411
217 327
229 318
230 340
241 353
251 370
253 437
265 399
279 362
281 387
283 369
329 386
335 404
355 473
359 456
366 494
385 403
389 430
398 413
405 476
412 472
418 491
426 582
434 507
446 446
450 542
457 453
469 471
475 568
502 558
511 490
525 495
539 552
540 535
600 528
615 661
651 554
653 550
656 557
666 660
679 692
682 563
709 727
744 688
759 778
766 605
769 616
792 609
794 615
800 619
812 658
814 620
833 706
844 687
873 664
881 766
892 671
894 647
916 682
932 698
933 786
944 813
972 809
988 768
1014 775
1028 835
1053 764
1059 899
1067 789
1070 942
1071 922
1086 826
1104 833
1107 834
1126 975
1132 936
1148 892
1149 939
1179 1042
1186 1048
1187 926
1200 891
1209 884
1210 1057
1226 1050
1227 1076
1238 935
1243 898
1246 877
1267 897
1279 941
1281 967
1290 1049
1293 1083
1295 1159
1298 925
1314 1100
1316 958
1321 1162
1328 963
1329 1075
1340 986
1358 992
1369 1337
1371 1079
1381 1018
1396 1052
1401 1167
1402 1261
1421 1284
1435 1130
1448 1112
1449 1252
1451 1307
1460 1253
1461 1095
1469 1127
1470 1277
1475 1368
1486 1051
1488 1305
1489 1306
1492 1142
1494 1207
1502 1081
1508 1349
1514 1329
1515 1336
1517 1072
1518 1120
1524 1367
1532 1341
1552 1107
1553 1275
1559 1357
1568 1398
1575 1149
1578 1118
1583 1197
1584 1421
1593 1203
1598 1241
1621 1213
1632 1303
1641 1502
1651 1448
1652 1446
1655 1599
1657 1510
1674 1443
1680 1491
1713 1386
1720 1410
1728 1492
1742 1546
1764 1393
1785 1377
1795 1765
1797 1436
1803 1512
1825 1549
1830 1494
1837 1382
1842 1474
1843 1580
1857 1533
1875 1538
1920 1530
1953 1564
