f_0082412.png f_0082872.png
12 200
22 129
23 234
38 168
76 167
125 582
158 552
174 684
182 150
200 421
202 118
206 173
207 208
221 161
237 608
333 567
406 682
516 536
614 728
620 716
638 654
649 747
657 706
793 740
884 1214
906 995
972 1353
1016 1412
1049 1449
1169 1392
1223 1415
1333 1521
1355 1579
1435 1636
1441 1629
1507 1704
1508 1760
1603 1821
1618 1873
1672 1840
1691 1925
1696 1907
1711 1881
1750 1951
1796 2025
1802 1988
1810 1974
1842 2069
1870 2159
1993 2104
2145 2246
2211 2364
2265 2386
2437 2552
2504 2610
2547 2667
2571 2655
