f_0082976.png f_0082452.png
88 114
211 290
223 295
229 284
231 506
243 495
291 278
320 594
332 298
355 677
397 528
407 408
424 636
445 603
456 654
463 718
489 781
495 569
502 577
508 769
510 671
517 618
532 842
565 662
581 828
597 743
603 814
624 873
628 564
630 562
675 489
728 757
779 987
787 705
811 734
814 979
856 1143
881 1119
905 1026
922 713
935 1007
936 740
949 1162
952 1174
964 760
985 784
1056 933
1097 845
1130 1153
1143 1367
1151 911
1175 1131
1229 1149
1253 1132
1257 1020
1260 1558
1276 1332
1278 1279
1297 1318
1331 1603
1335 1362
1370 1206
1401 1041
1425 1425
1427 1228
1446 1721
1464 1499
1481 1090
1486 1486
1492 1566
1542 1789
1604 1738
1616 1747
1672 1735
1681 1778
1704 1805
1709 1752
1737 1269
1741 1314
1798 1261
1806 1311
1816 1322
1909 1613
1976 1431
1995 1534
1999 1971
2050 1945
2099 1561
