f_0082924.png f_0082952.png
3 39
4 7
18 160
22 14
28 4
29 5
31 36
34 116
38 53
61 56
87 78
90 377
93 137
100 237
107 190
110 197
115 214
127 248
130 185
134 278
139 49
140 284
142 238
143 359
147 521
155 403
158 336
162 135
174 363
179 3
180 35
181 93
183 134
185 297
186 376
197 276
200 32
202 409
211 217
212 319
215 184
222 121
223 165
225 318
226 415
233 101
234 348
236 294
238 469
246 262
247 287
253 226
254 335
257 576
263 432
265 357
269 183
273 334
274 342
275 389
279 175
286 504
288 625
289 653
291 206
303 164
309 317
310 536
314 339
315 442
317 542
318 382
326 198
328 286
329 704
332 273
333 451
338 261
339 315
342 174
343 253
344 399
345 560
348 177
349 283
355 375
358 582
359 752
363 703
364 728
365 764
368 105
372 322
375 501
379 819
384 562
389 519
390 592
392 758
397 205
398 296
408 131
412 412
414 575
417 291
419 450
422 158
425 669
426 774
429 447
431 458
432 572
437 457
438 490
457 837
462 351
464 835
469 594
470 661
471 667
472 843
475 500
479 763
485 568
487 506
488 623
494 557
499 757
500 771
503 574
504 785
505 865
514 655
518 393
525 487
528 737
530 789
532 564
536 628
538 896
541 601
542 620
544 831
553 769
554 783
557 698
558 953
568 972
569 407
570 408
572 563
577 691
582 685
590 903
593 465
606 817
610 473
613 932
623 778
629 918
634 614
635 660
636 706
637 961
638 551
641 913
646 805
651 824
653 930
655 899
659 839
660 970
661 934
663 982
667 683
670 709
671 840
672 892
673 938
675 690
676 857
677 890
680 548
681 902
682 605
684 922
686 578
687 600
692 732
694 901
695 925
700 589
703 985
706 917
708 754
709 787
712 604
719 1070
720 1073
726 1120
728 941
735 658
736 923
740 646
745 555
746 759
749 634
750 827
752 777
754 993
762 816
766 889
770 797
775 645
782 1158
806 1006
809 1045
819 844
823 976
824 1219
827 952
836 1156
837 1234
842 1201
845 820
847 1271
851 1069
854 663
855 1018
857 1107
861 983
870 1246
884 1233
892 853
895 1068
896 1101
897 1315
898 1308
903 803
905 1214
907 765
911 1405
915 1165
917 1338
919 1104
927 1182
932 965
937 1463
939 1454
940 1213
952 1392
953 1421
957 1388
960 1005
961 1187
962 1396
967 1229
968 1254
975 1458
978 1269
981 1487
983 1294
985 1408
986 1452
991 1012
993 1301
995 1412
996 1476
997 996
1003 1496
1009 1088
1012 1578
1014 1003
1015 1360
1021 1036
1022 1346
1030 1499
1032 1378
1034 1417
1037 1529
1044 1323
1049 1043
1054 1324
1055 1494
1068 1364
1069 1369
1070 1602
1072 1410
1073 1648
1077 1532
1080 1135
1082 1390
1083 1583
1084 1577
1092 1569
1093 1485
1098 1582
1105 1136
1109 1258
1111 1422
1115 1257
1116 1591
1121 1627
1130 1280
1132 1505
1138 1404
1140 1628
1145 1195
1146 1215
1148 1472
1149 1527
1151 1696
1158 1423
1161 1670
1165 1341
1176 1559
1177 1614
1188 1279
1189 1536
1190 1558
1205 1337
1206 1607
1208 1300
1209 1446
1211 1726
1212 1736
1217 1581
1218 1656
1219 1704
1222 1377
1225 1727
1226 1424
1228 1655
1230 1731
1233 1382
1234 1580
1235 1713
1241 1416
1242 1502
1244 1759
1254 1756
1255 1776
1275 1482
1277 1351
1281 1626
1282 1799
1285 1604
1288 1437
1289 1562
1290 1606
1295 1789
1296 1811
1310 1431
1312 1762
1313 1915
1314 1573
1315 1501
1317 1654
1319 1844
1323 1733
1328 1619
1335 1783
1339 1381
1343 1557
1348 1699
1349 1760
1353 1444
1355 1548
1357 1690
1360 1860
1367 1677
1369 1456
1373 1695
1374 1651
1375 1782
1380 1579
1383 1884
1385 1474
1387 1750
1393 1633
1394 1645
1395 1866
1400 1588
1401 1589
1403 1572
1405 1509
1407 1674
1414 1528
1421 1520
1422 1612
1425 1924
1427 1521
1428 1698
1429 1688
1430 1668
1431 1834
1432 1873
1434 1839
1436 1663
1441 1715
1456 1788
1457 1697
1458 1708
1461 1888
1463 1962
1464 1943
1466 1625
1467 1684
1470 1650
1473 1643
1479 1838
1480 1617
1482 1758
1483 1895
1484 1769
1495 1978
1499 1673
1505 1916
1506 1971
1507 2022
1516 1729
1521 1818
1522 2058
1523 1687
1528 1792
1531 1951
1544 1753
1554 1982
1555 1886
1560 1768
1562 1899
1572 1738
1576 1766
1578 1820
1580 1806
1581 1871
1582 1872
1583 1904
1586 2051
1590 1848
1595 1764
1597 1837
1613 1869
1626 1961
1628 2155
1630 2113
1642 1810
1643 1907
1655 1950
1660 1877
1662 1862
1663 1981
1668 1960
1670 2111
1676 2105
1681 1921
1689 2187
1692 1859
1698 2247
1700 2120
1705 1946
1710 1994
1711 1999
1716 1987
1718 2164
1720 2230
1723 1945
1725 2010
1727 2143
1734 2172
1735 2238
1753 1998
1754 2171
1756 2307
1766 1984
1771 2148
1785 2034
1794 2205
1799 2372
1807 2383
1812 2221
1819 2031
1823 2144
1830 2062
1833 2096
1848 2408
1850 2326
1852 1980
1864 2253
1865 2474
1868 2349
1873 2288
1875 2386
1877 2008
1881 2359
1887 2304
1888 2234
1901 2251
1903 2390
1905 2177
1906 2483
1922 2356
1927 2241
1928 2276
1929 2284
1932 2366
1941 2370
1942 2419
1951 2325
1953 2043
1954 2382
1958 2590
1963 2480
1967 2530
1973 2563
1999 2515
2017 2542
2027 2454
2031 2240
2037 2479
2052 2680
2057 2330
2059 2467
2063 2301
2068 2441
2108 2357
2122 2459
2126 2678
2128 2364
2131 2401
2132 2498
2144 2399
2161 2534
2213 2423
2215 2828
2223 2647
2228 2218
2236 2693
2237 2816
2239 2295
2241 2724
2250 2457
2253 2787
2260 2731
2265 2329
2308 2852
2350 2734
2358 2789
2393 2783
2408 2625
2425 2810
2433 2819
2434 2838
2439 2644
2473 2682
2478 2703
2486 2864
2496 2848
2529 2760
2530 2752
2536 2768
2577 2815
