f_0082724.png f_0082642.png
108 33
138 69
147 18
210 86
211 102
216 198
250 132
257 114
265 140
370 401
390 290
568 684
595 708
603 634
610 623
644 804
650 767
654 794
671 704
705 749
734 764
744 963
764 805
769 1037
819 1146
838 1084
840 1167
865 1027
878 986
889 974
919 1209
923 1338
943 1174
947 1381
949 1067
960 1075
961 1231
1019 1372
1028 1216
1037 1474
1079 1337
1081 1549
1097 1576
1115 1406
1134 1624
1145 1595
1170 1649
1179 1569
1190 1732
1205 1628
1212 1599
1270 1724
1293 1929
1301 1781
1427 2097
1448 1995
1454 2261
1923 2091
1943 2108
1970 2122
