f_0082958.png f_0082670.png
6 214
15 338
37 181
48 102
59 208
94 463
104 69
142 356
185 297
223 428
239 249
283 562
348 404
358 550
388 194
393 331
418 347
440 141
468 187
469 709
521 557
526 537
535 157
553 399
581 541
611 281
627 358
628 610
634 523
638 535
642 282
658 81
675 414
676 213
690 425
693 135
695 459
711 287
719 672
729 418
730 419
736 552
738 159
753 466
764 555
778 658
793 648
805 883
808 596
814 326
820 728
824 507
831 744
832 632
871 448
877 812
878 411
881 991
884 679
890 815
891 644
904 713
919 653
929 898
930 663
933 587
937 625
943 492
965 468
966 469
970 674
1002 487
1007 928
1008 688
1016 501
1038 498
1054 651
1071 519
1085 718
1088 707
1105 931
1109 720
1110 866
1120 737
1122 1134
1125 736
1141 970
1156 1172
1157 809
1160 941
1223 1289
1232 691
1242 795
1246 680
1258 1014
1260 692
1268 804
1282 821
1293 1097
1302 739
1311 836
1315 939
1316 790
1324 1041
1333 1019
1339 1131
1363 1112
1365 853
1368 1053
1379 1259
1383 1127
1404 984
1405 979
1418 876
1420 1221
1438 975
1439 868
1443 893
1447 1143
1448 1075
1452 874
1453 1456
1457 711
1458 1049
1459 947
1473 767
1489 1026
1503 1108
1515 922
1523 1324
1527 1008
1535 976
1539 937
1550 1185
1555 1218
1563 942
1571 1392
1573 1560
1574 1166
1576 1459
1586 1376
1590 1067
1596 930
1599 965
1604 1270
1628 1508
1639 1283
1640 994
1647 1210
1648 1208
1649 1188
1654 1393
1663 1189
1664 1156
1665 1100
1668 1121
1672 1260
1675 1271
1678 1605
1679 1327
1686 1230
1689 1315
1692 1101
1693 1032
1696 1199
1713 1265
1723 1558
1725 1415
1732 1276
1734 1122
1735 1076
1738 1408
1740 1277
1766 1316
1775 1528
1778 1309
1784 1396
1787 1126
1788 1261
1799 1249
1801 1680
1806 1357
1811 1306
1813 1538
1818 1190
1819 1366
1824 1212
1834 1797
1836 1209
1839 1748
1848 1498
1856 1443
1870 1159
1873 1077
1882 1581
1892 1291
1894 1594
1901 1290
1904 1448
1909 1116
1910 1397
1915 1859
1919 1304
1921 1791
1928 1997
1930 1549
1941 1514
1945 1350
1952 1740
1959 1370
1962 1709
1964 1465
1967 1556
1978 1767
1979 1559
1980 1519
1983 1285
1985 1792
1991 1785
1995 1399
2002 1310
2007 1807
2008 1800
2012 1573
2026 1390
2028 1429
2031 1574
2043 1451
2054 1463
2059 1368
2069 1534
2070 1515
2073 1750
2076 1550
2082 1557
2090 1354
2093 1379
2095 1758
2100 1787
2112 2141
2114 2026
2118 1384
2120 1546
2146 1629
2147 1423
2149 1476
2154 1272
2169 1611
2185 1670
2198 1622
2200 1675
2212 1570
2225 1915
2228 1921
2229 1906
2232 1638
2234 1586
2263 1632
2289 2092
2305 1489
2306 1956
2322 1653
2337 1535
2342 1688
2370 1711
2381 1957
