f_0082702.png f_0082876.png
4 6
16 19
19 12
26 18
29 20
32 9
37 17
42 13
44 30
47 33
48 31
56 46
64 29
66 24
67 42
72 54
76 55
77 51
84 43
90 74
97 72
98 77
106 78
107 85
120 91
123 115
134 119
139 122
142 110
144 160
146 134
152 157
156 137
158 132
161 161
165 143
170 145
171 135
172 155
174 162
178 173
185 163
187 206
190 208
191 198
203 201
207 205
208 219
209 224
212 228
213 197
214 231
221 210
227 220
230 264
232 225
236 280
242 278
243 261
247 239
251 283
252 284
258 270
264 271
273 297
274 279
277 316
282 317
283 333
286 312
288 315
292 296
294 321
296 304
300 323
301 303
308 335
309 330
312 352
314 325
315 345
317 331
324 326
330 361
332 337
333 314
334 372
338 342
341 350
344 371
345 339
346 389
348 376
349 366
351 374
356 383
362 379
363 404
365 406
367 435
368 412
371 411
377 427
378 425
382 426
384 409
390 410
393 394
396 442
399 393
402 446
410 421
411 449
412 423
414 448
418 467
421 460
425 466
426 487
438 451
440 472
441 525
447 493
449 513
450 535
455 503
458 512
461 537
462 538
466 515
468 558
472 551
473 528
478 549
479 579
481 496
484 571
487 586
488 587
489 561
490 593
491 552
493 594
495 566
498 529
499 516
501 545
509 572
514 621
515 622
522 585
523 597
536 590
541 643
543 610
544 618
545 624
546 628
549 608
552 605
553 631
556 652
559 599
560 630
563 619
566 616
567 671
568 634
570 638
573 636
575 689
577 651
581 672
584 668
585 650
586 641
590 658
595 660
597 680
598 718
608 670
609 673
611 678
616 722
618 748
619 724
621 710
630 691
632 693
637 711
638 757
643 674
645 756
646 736
650 700
651 755
653 699
656 760
657 705
661 775
663 768
668 734
671 732
672 765
673 746
674 767
677 714
679 774
680 753
681 804
703 772
704 811
705 796
718 785
720 788
721 828
725 852
733 851
736 802
737 831
738 869
742 843
743 787
745 813
746 807
748 778
750 859
754 829
758 867
759 847
770 858
771 876
781 855
783 849
792 848
793 908
800 906
806 865
807 920
808 932
809 914
810 938
811 898
815 937
822 913
828 955
829 896
833 899
834 931
840 925
841 924
848 946
850 968
851 981
853 935
855 928
862 949
866 1001
869 977
870 1002
871 982
885 950
886 959
889 954
894 985
905 1028
906 972
909 1005
913 996
915 1027
916 993
923 1000
925 1015
926 1019
928 1025
929 1047
930 1048
939 1016
940 1036
944 1071
945 1077
953 1008
955 1017
956 1060
961 1039
963 1068
964 975
965 1038
967 1054
978 1085
988 1058
995 1087
997 1067
998 1072
1017 1084
1019 1035
1020 1051
1022 1107
1028 1074
1030 1105
1034 1116
1040 1159
1044 1183
1049 1059
1055 1178
1064 1180
1067 1156
1068 1153
1069 1121
1077 1139
1086 1195
1087 1137
1096 1173
1106 1194
1112 1224
1121 1191
1126 1118
1130 1241
1143 1147
1152 1238
1159 1254
1168 1256
1174 1266
1178 1251
1184 1265
1187 1243
1205 1287
1208 1277
1214 1286
1218 1309
1220 1273
1233 1284
1234 1314
1235 1291
1242 1329
1250 1307
1255 1334
1257 1324
1266 1311
1270 1338
1271 1355
1275 1330
1281 1340
1282 1347
1284 1350
1287 1308
1291 1335
1300 1363
1302 1351
1306 1325
1312 1371
1317 1368
1323 1384
1330 1268
1333 1413
1338 1398
1339 1412
1343 1422
1354 1403
1356 1416
1360 1434
1366 1356
1369 1417
1372 1438
1374 1452
1376 1453
1380 1426
1386 1408
1390 1442
1411 1404
1426 1451
1427 1484
1444 1497
1445 1492
1448 1469
1450 1499
1459 1473
1467 1506
1480 1522
1485 1509
1497 1536
1502 1519
1505 1526
1510 1538
1524 1573
1532 1565
1533 1555
1534 1561
1538 1559
1540 1562
1543 1546
1553 1596
1559 1600
1568 1609
1570 1594
1572 1637
1584 1608
1588 1650
1590 1663
1613 1671
1616 1640
1619 1687
1627 1582
1631 1680
1644 1606
1650 1699
1653 1688
1665 1711
1681 1775
1687 1731
1699 1801
1705 1816
1713 1811
1720 1835
1741 1861
1743 1837
1751 1881
1760 1841
1801 1864
1802 1894
1823 1897
1826 1936
1873 1952
1874 1961
1877 1964
