f_0082886.png f_0082958.png
74 126
99 7
113 272
125 257
149 347
185 258
190 147
247 439
254 239
289 135
295 207
296 554
359 363
371 437
415 512
447 1256
463 603
469 683
476 672
487 566
492 818
506 563
529 716
562 772
566 845
600 863
604 905
611 930
613 1167
640 1062
650 1088
653 829
659 1185
682 1124
685 1559
699 1303
709 1163
730 1191
740 876
749 1253
756 1212
778 1623
784 1239
803 1365
833 1318
844 1259
845 1314
853 1405
868 1324
869 1474
886 1486
907 1437
911 1354
912 1380
917 1351
946 1382
949 1402
954 1485
973 1412
974 1720
980 1700
991 1670
996 1735
1009 1824
1019 1668
1020 1747
1021 1787
1063 1799
1074 1740
1083 1746
1097 1901
1102 1853
1104 1911
1107 1881
1108 2048
1121 1801
1132 2044
1134 1921
1148 1949
1151 1959
1208 2177
1233 2041
1234 2036
1238 2208
1253 2151
1258 2212
1265 2222
1438 2299
