f_0082642.png f_0082968.png
5 409
30 442
67 1182
68 479
77 1154
94 1198
110 1156
112 348
134 750
190 689
192 1289
198 1297
233 1344
273 892
275 1452
281 772
284 1293
286 890
293 944
296 870
297 1769
319 1233
327 911
332 1131
338 1494
347 1535
351 1175
375 1328
377 1312
399 1146
400 1420
405 777
410 1766
418 770
423 793
431 1052
436 1219
453 1074
478 1402
483 1260
484 1718
489 1601
503 1617
517 1655
531 1679
537 1098
549 1754
558 1178
603 1735
610 1096
627 1569
629 1013
639 1213
647 1394
658 1734
664 1785
679 2077
681 896
683 1492
684 1521
692 1408
718 1488
724 1869
741 1626
744 1539
778 2024
790 1305
793 1951
800 1193
816 1748
823 1782
828 1767
838 2032
845 1913
859 1530
861 1880
869 1781
879 2243
881 2044
886 1868
910 2093
929 1436
935 1068
940 1162
943 1852
945 1747
946 2112
977 1950
1022 1898
1081 1504
1085 2165
1170 1793
1206 1757
1214 1706
1236 2156
1267 2079
1284 2106
1286 2302
1302 1625
1311 2322
1320 1777
1334 2230
1335 2324
1336 1592
1353 2145
1371 1875
1377 2192
1378 2299
1390 1756
1444 2359
1474 2370
1478 2282
1481 2154
1489 2296
1491 2387
1493 2323
1502 2251
1514 2346
1518 2365
1522 2376
1530 2143
1593 2315
1603 2281
1611 2325
1616 2395
1707 1871
1771 2119
1859 2222
