f_0082912.png f_0082942.png
3 529
4 1225
6 846
7 2000
12 663
15 2022
25 2090
29 1995
33 2364
36 2043
46 1955
47 1996
50 1115
57 962
59 412
66 1742
78 1993
79 838
81 2428
87 2129
90 881
113 1741
137 1830
138 2088
144 1652
146 1845
148 2024
154 1104
158 1476
162 2161
165 687
189 506
190 2116
193 2050
201 2179
210 768
216 2416
217 960
230 445
234 2215
254 849
265 2377
279 2224
280 1196
285 745
322 2079
323 1451
329 719
338 910
346 866
347 1667
349 174
365 2105
393 1860
400 1040
412 2078
424 1129
429 468
445 1322
455 969
456 884
490 1614
499 1379
504 1563
505 1283
508 2302
538 1638
551 1495
558 1931
592 267
601 1773
608 1449
617 1792
633 1427
643 1620
661 1488
664 1499
690 624
692 386
716 982
726 2271
730 1932
733 377
734 1409
744 1800
750 797
757 1610
766 916
767 1861
770 1712
777 2506
783 183
786 991
797 1687
801 1173
805 942
806 2202
849 1888
865 2173
869 1732
872 781
878 2383
882 1171
884 2052
887 896
892 1697
895 2049
896 1521
902 455
913 546
933 1463
937 491
940 1287
949 2032
950 1067
953 808
958 2130
971 1167
984 2484
985 680
990 575
995 442
1000 1083
1003 2122
1007 2077
1029 1589
1032 1210
1052 1570
1059 1457
1091 1586
1094 919
1105 2121
1106 320
1108 63
1111 1376
1112 2412
1131 2279
1132 359
1136 164
1137 976
1151 1223
1153 266
1169 2186
1202 702
1221 1543
1251 1621
1259 1515
1262 1341
1263 1885
1272 674
1276 1522
1277 2313
1289 436
1294 1653
1316 2306
1320 1575
1335 717
1353 2135
1355 617
1357 860
1363 1918
1370 2041
1398 1699
1404 683
1408 2010
1411 681
1416 1398
1418 1634
1421 1031
1426 1181
1427 907
1430 1624
1434 1642
1447 841
1451 1407
1460 1905
1461 2026
1466 777
1469 628
1470 1160
1475 705
1476 2046
1482 2291
1493 2204
1510 965
1515 1096
1526 557
1531 1386
1541 1669
1543 899
1548 1609
1565 1358
1569 1936
1627 1276
1649 2038
1655 1890
1676 979
1677 1778
1685 599
1688 1930
1692 1100
1693 500
1698 1493
1710 1430
1711 836
1724 1325
1727 1743
1738 1530
1755 521
1762 1655
1773 664
1780 984
1796 1842
1799 767
1801 1349
1823 1277
1828 775
1834 2165
1854 1895
1865 282
1870 1914
1878 502
1891 2076
1897 2370
1940 922
1943 1807
1952 1628
1956 1917
1958 1491
1961 826
1962 2251
1968 787
1976 636
1990 2175
1997 1496
2013 2248
2017 1010
2022 1590
2028 1206
2031 710
2038 1408
2041 1607
2049 1431
2051 423
2054 1915
2069 1130
2071 2015
2072 698
2079 1526
2081 1941
2097 1684
2100 1245
2101 1555
2130 1240
2156 741
2158 1333
2167 1691
2168 1824
2182 1592
2197 732
2198 1261
2225 236
2231 2065
2259 811
2265 2150
2270 319
2278 878
2289 2094
2295 102
2312 156
2318 692
2321 1938
2326 2389
2333 2403
2358 385
2363 747
2367 2174
2369 498
2377 2476
2398 73
2401 1487
2402 1617
2406 704
2414 1571
2430 395
2441 1548
2473 547
2478 1892
2491 1611
2511 486
2513 1789
2516 1770
2517 77
2530 1485
2532 478
2536 638
2538 1959
2549 1703
2550 1249
2552 2086
2556 1765
2558 1317
2560 977
2561 1388
2574 1026
2579 1561
2599 2538
2603 2391
2617 2103
2624 551
2627 2223
2633 1095
2641 2166
2651 1009
2660 587
2662 74
2663 1482
2666 1672
2670 1527
2674 1447
2684 810
2702 959
2751 100
2761 1531
2784 1503
2785 832
2786 494
2790 945
2797 532
2808 1005
2811 1420
2820 1565
2821 829
2825 2167
2829 966
2834 1572
2835 1649
2838 400
2844 2345
2845 1627
2895 2265
2900 621
2931 2194
2947 847
2956 1197
2957 2062
2990 1726
2997 1735
