f_0082642.png f_0082876.png
18 443
29 467
39 709
65 394
73 600
110 413
133 538
232 724
233 649
250 698
272 749
282 764
286 757
297 616
307 755
317 775
331 760
346 708
359 768
421 842
502 516
524 1001
528 894
542 854
571 882
589 902
596 973
600 729
606 922
628 982
636 1077
652 1063
659 802
670 977
671 1004
710 1061
721 1045
764 871
815 1094
829 1140
876 1135
939 1178
970 1190
991 1172
997 1215
1020 1216
1054 1246
1102 1133
1172 1118
1190 1059
1220 1334
1236 1274
1273 1355
1288 1100
1305 1128
1310 1305
1321 1141
1335 1384
1383 1188
1423 1228
1455 1453
1466 1416
1475 1283
1476 1356
1479 1444
1619 1415
1621 1529
1628 1392
1629 1431
1878 1618
1909 1583
2074 1519
2103 1715
2162 1702
2199 1803
2270 1840
2290 1789
