f_0082946.png f_0082952.png
134 25
140 103
142 54
143 13
153 91
154 76
157 35
158 52
167 89
173 78
188 67
192 223
193 230
200 147
202 93
212 106
213 187
214 177
216 121
232 270
237 219
244 221
257 132
259 244
274 157
287 258
288 336
292 273
295 334
297 384
307 347
311 315
319 385
330 388
331 317
335 189
346 430
350 316
357 531
364 451
369 426
371 526
373 356
376 397
380 412
390 379
394 477
396 553
401 504
408 380
410 525
412 408
414 541
426 489
428 575
432 488
433 580
446 487
447 498
452 470
458 661
462 667
466 586
470 561
477 514
478 725
487 593
492 728
495 540
512 722
514 578
515 679
521 763
526 631
527 705
528 601
529 691
538 563
548 692
550 793
554 811
560 647
575 779
583 770
608 780
610 777
635 863
637 828
638 790
639 846
641 887
660 740
661 861
665 729
670 827
671 873
676 898
686 939
688 866
696 960
699 796
705 933
713 917
720 901
725 969
735 941
737 978
752 968
760 952
767 906
769 1044
770 955
772 966
773 984
774 1007
778 998
781 853
801 1013
811 1051
812 1018
829 1070
839 951
841 1069
844 1115
864 1204
866 974
869 1101
870 1108
872 1211
874 1074
878 1133
887 1088
889 1190
897 1219
904 1096
914 1125
916 1232
920 1231
922 1187
923 1213
927 1214
929 1271
935 1254
937 1286
938 1353
956 1307
965 1269
971 1289
982 1352
983 1285
988 1288
996 1259
1020 1304
1021 1360
1040 1391
1041 1420
1051 1324
1052 1412
1063 1432
1077 1495
1086 1449
1091 1422
1092 1499
1095 1493
1096 1539
1097 1480
1103 1344
1104 1389
1107 1506
1114 1383
1117 1428
1118 1505
1126 1431
1129 1560
1135 1472
1139 1583
1142 1599
1143 1561
1144 1598
1150 1502
1151 1551
1152 1491
1157 1664
1169 1558
1175 1665
1178 1614
1184 1557
1185 1549
1187 1581
1195 1580
1201 1669
1205 1535
1213 1517
1219 1711
1222 1649
1251 1566
1252 1710
1265 1686
1281 1698
1284 1733
1289 1677
1290 1699
1297 1695
1311 1690
1322 1676
1333 1766
1334 1708
1336 1866
1339 1767
1341 1693
1342 1684
1343 1715
1344 1750
1350 1850
1354 1741
1356 1729
1357 1749
1366 1703
1368 1860
1369 1753
1372 1775
1377 1835
1380 1787
1381 1838
1407 1927
1418 1790
1423 1822
1445 1963
1457 1877
1459 1862
1475 1989
1482 1912
1487 2037
1488 2055
1489 1938
1492 1950
1493 2089
1501 1897
1506 1939
1508 1898
1514 1921
1520 2041
1528 2065
1531 1955
1534 1949
1549 2010
1556 1980
1558 1994
1559 1999
1569 2105
1575 2019
1578 2121
1589 2020
1590 2120
1594 2025
1604 2157
1624 2174
1642 2205
1643 2248
1644 2200
1650 2108
1664 2279
1668 2115
1670 2210
1671 2281
1672 2186
1681 2221
1686 2220
1688 2233
1690 2228
1696 2277
1700 2219
1701 2294
1702 2118
1712 2351
1717 2386
1720 2280
1721 2227
1724 2288
1739 2156
1756 2276
1767 2347
1772 2322
1777 2208
1783 2191
1796 2484
1819 2255
1820 2374
1831 2329
1841 2495
1847 2373
1855 2515
1857 2476
1877 2537
1879 2460
1881 2544
1882 2593
1883 2514
1887 2563
1889 2627
1935 2632
1937 2655
1960 2629
2003 2755
2016 2744
2019 2801
2032 2759
2042 2712
2044 2772
2070 2817
2075 2770
2077 2731
2078 2814
2080 2736
2086 2769
2115 2803
2119 2828
2141 2852
2144 2819
2148 2810
2168 2843
2175 2815
2178 2838
2179 2859
2183 2851
