f_0082924.png f_0082868.png
6 100
8 1800
26 72
28 1191
29 1013
42 2282
51 2609
56 1228
61 1874
65 235
75 365
80 1673
81 817
91 877
128 2893
129 906
139 1120
154 94
184 1018
212 1778
225 1119
258 631
263 2052
265 830
274 2
275 2408
285 2019
286 1670
293 337
298 2911
305 1539
309 1964
310 82
319 832
327 2357
330 2033
351 1985
357 2717
364 2185
371 329
374 1117
384 571
425 1023
445 331
453 1177
463 411
471 573
472 1707
479 361
482 1268
484 156
486 2774
488 956
496 2852
497 1819
499 2580
500 2386
501 430
503 725
504 555
509 1064
511 2630
519 1163
522 1636
530 1229
534 878
536 1230
543 2028
556 974
567 2642
569 175
579 2830
584 1484
590 628
596 586
604 1344
607 929
619 1628
621 2155
629 944
632 406
634 283
636 454
637 2072
639 1032
641 70
650 1653
657 2669
661 713
662 770
678 1003
679 197
681 1313
685 1197
686 1825
687 409
688 1896
692 294
704 1907
708 2787
713 419
716 2265
717 404
719 65
722 374
728 0
729 1262
735 1408
737 2497
749 1021
752 1719
754 1007
761 1399
767 2746
771 2840
773 242
775 2140
781 444
782 1471
785 2291
789 1536
799 1321
808 1109
819 839
822 570
823 841
825 2425
827 239
832 780
835 2573
836 177
837 455
846 2080
847 1234
850 914
851 2159
856 2653
862 2864
869 2410
877 2261
886 614
895 1035
896 1551
897 670
898 621
909 31
916 1844
917 143
921 976
923 2932
926 509
933 930
942 442
950 1200
952 2966
970 938
981 2800
992 1692
993 2623
994 198
998 1284
1002 2610
1006 1160
1015 1624
1022 2793
1023 1133
1024 429
1034 542
1039 1765
1040 221
1048 2048
1050 1664
1062 222
1066 1170
1068 119
1080 2195
1081 2373
1089 625
1092 2791
1115 2448
1118 324
1134 1460
1136 820
1146 1826
1148 17
1160 1836
1167 1997
1172 155
1175 726
1178 1771
1181 418
1182 1638
1191 1940
1201 1108
1205 2895
1208 14
1215 2214
1218 138
1221 2900
1228 1315
1238 2290
1240 810
1244 2885
1246 1971
1247 1482
1261 558
1263 224
1267 1049
1296 368
1297 2633
1312 2557
1321 1906
1323 709
1333 2177
1338 1973
1343 804
1346 1286
1352 2888
1356 2064
1364 2116
1365 893
1366 2173
1372 978
1375 578
1385 390
1395 2125
1400 1953
1403 1225
1404 2284
1410 1152
1423 600
1424 732
1426 2156
1448 2539
1449 2960
1476 762
1482 2675
1485 2303
1487 1956
1489 1589
1500 1561
1506 104
1511 499
1530 1803
1553 180
1556 1353
1569 2901
1578 1175
1585 1041
1593 2872
1597 1534
1601 1282
1607 694
1619 1748
1621 1096
1630 2777
1662 2695
1663 1785
1665 190
1674 1362
1677 1558
1680 2232
1691 2998
1693 1877
1697 2477
1707 1476
1729 2460
1736 323
1740 2330
1746 2211
1762 2804
1772 259
1780 943
1794 812
1803 919
1809 2790
1816 2120
1820 808
1821 892
1830 1193
1831 823
1833 218
1834 2053
1838 161
1846 722
1848 2157
1853 1986
1854 2091
1855 1622
1856 882
1903 1903
1912 279
1914 351
1916 74
1940 2882
1950 2119
1956 1037
1962 2269
1971 246
1972 233
1975 2622
1977 234
1979 295
1988 2449
1997 615
2004 861
2005 1025
2006 629
2010 1702
2015 553
2049 1034
2059 142
2062 786
2073 2063
2075 2754
2126 2304
2133 28
2136 36
2137 132
2142 2010
2155 776
2164 2137
2174 2884
2247 2745
2261 828
2269 520
2319 738
2337 447
2358 277
2373 1891
2406 1314
2415 2013
2441 748
2466 1520
2476 533
2524 469
2542 194
2553 1245
2576 1203
2578 99
2590 683
2592 2109
2598 1846
2610 1510
2619 910
2637 1093
2658 1149
2687 2620
2704 62
2733 854
2869 347
2873 2697
2905 636
2909 1620
2910 462
2921 2765
2924 2049
