f_0082926.png f_0082952.png
5 98
16 14
17 15
19 70
33 4
37 56
47 163
69 57
82 136
83 260
88 191
90 13
107 228
108 213
111 229
117 135
120 238
122 86
124 127
125 341
131 221
133 249
136 336
139 48
144 134
147 92
157 422
162 23
163 101
166 363
168 170
172 433
173 3
176 305
185 411
187 184
189 293
190 385
193 12
194 275
207 73
212 475
217 432
221 340
228 165
231 348
237 292
239 415
242 38
250 342
254 311
255 334
256 357
258 576
261 294
263 554
265 84
266 352
267 320
271 106
272 274
281 246
287 344
288 504
292 671
295 105
309 261
316 704
319 451
322 189
327 205
333 653
334 131
336 273
344 157
346 283
348 546
355 560
362 501
365 703
366 291
387 412
389 752
391 268
394 758
396 575
400 448
411 774
412 775
413 316
416 701
420 296
422 394
424 573
425 876
427 387
430 717
431 695
436 801
437 852
438 381
442 534
445 396
451 569
456 594
457 835
460 557
465 843
468 667
469 815
477 837
485 267
486 304
487 779
491 865
496 565
497 655
508 407
510 477
511 615
515 620
516 408
517 698
522 648
523 720
526 338
527 368
531 832
554 523
555 932
558 724
560 903
563 691
565 918
566 945
575 614
577 858
581 606
582 746
583 900
584 499
586 551
588 660
589 960
592 817
593 847
599 868
601 579
603 600
604 805
606 705
612 938
615 839
617 1026
619 605
622 959
623 982
626 894
627 931
631 631
635 970
636 971
639 476
640 760
645 544
647 925
652 709
654 635
655 732
658 994
662 1046
666 1021
669 845
670 924
672 809
673 969
675 759
677 923
683 646
685 1008
688 787
691 598
697 1014
698 1066
700 1055
702 777
704 1053
705 1120
710 634
711 754
712 1078
715 977
717 1110
718 1071
721 1064
726 599
727 816
729 941
731 999
732 1020
738 804
740 856
746 1111
749 730
751 989
756 1007
757 1146
765 1095
768 866
770 741
783 1321
790 1045
797 1273
801 1115
813 1185
817 1155
819 1253
824 1227
830 1234
832 803
835 1133
841 1105
846 1326
847 885
849 1106
854 1114
857 1265
858 1252
864 1084
866 1266
871 988
873 1060
879 1263
881 1317
892 1240
893 1233
896 914
899 1214
904 1248
907 916
911 1308
912 1338
913 1316
920 1188
922 906
923 877
926 1245
930 965
931 1072
932 1307
935 1187
938 1125
942 1138
947 927
955 1392
956 1010
959 1043
965 1247
966 1365
967 1212
968 1288
972 1313
973 1433
982 1443
983 1459
985 1012
987 1129
988 1030
989 1176
994 1298
995 1330
997 1335
998 1419
999 1457
1000 1475
1001 1002
1005 1036
1007 1088
1010 1285
1015 1412
1016 1473
1017 1570
1026 1417
1029 1378
1032 1418
1035 1512
1039 1092
1041 1058
1043 1194
1044 1515
1047 1067
1049 1410
1050 1486
1056 1493
1061 1136
1065 1180
1071 1529
1074 1216
1076 1449
1082 1432
1089 1594
1093 1577
1095 1222
1096 1532
1100 1485
1101 1602
1105 1465
1108 1609
1109 1569
1110 1597
1111 1593
1118 1586
1119 1268
1121 1480
1127 1448
1128 1472
1132 1276
1135 1598
1138 1267
1142 1340
1143 1505
1150 1341
1153 1635
1155 1337
1156 1492
1163 1527
1168 1559
1174 1279
1181 1274
1185 1407
1188 1551
1190 1723
1198 1641
1199 1471
1201 1653
1203 1383
1206 1614
1209 1727
1211 1322
1215 1585
1216 1736
1218 1446
1221 1531
1225 1607
1227 1351
1228 1656
1232 1416
1243 1498
1244 1445
1249 1389
1251 1401
1254 1580
1259 1655
1264 1526
1265 1581
1270 1484
1272 1373
1276 1779
1277 1756
1281 1780
1285 1759
1290 1726
1293 1409
1294 1437
1299 1746
1301 1550
1302 1654
1303 1646
1304 1721
1309 1604
1313 1461
1315 1359
1317 1482
1320 1596
1321 1816
1322 1811
1324 1857
1327 1733
1332 1574
1333 1634
1336 1796
1341 1678
1342 1823
1349 1455
1354 1613
1355 1651
1363 1760
1367 1489
1368 1474
1369 1524
1370 1557
1373 1534
1375 1589
1378 1817
1382 1856
1385 1573
1388 1548
1389 1732
1390 1782
1393 1612
1394 1750
1399 1633
1402 1611
1406 1542
1407 1797
1411 1530
1415 1824
1420 1688
1421 1685
1422 1967
1425 1588
1428 1958
1429 1839
1430 1902
1436 1715
1439 1925
1444 1840
1446 1901
1447 1919
1449 1637
1451 1712
1452 1982
1455 1617
1456 1625
1459 1649
1462 1910
1465 1923
1467 1650
1470 1793
1473 1673
1474 2006
1483 1758
1484 1808
1485 2002
1493 1703
1495 1729
1497 1595
1498 1774
1499 1895
1502 1749
1506 1679
1509 1603
1510 1806
1511 1753
1516 2058
1518 1833
1522 2042
1526 1916
1534 1790
1539 1883
1542 1822
1546 1951
1549 2005
1557 1792
1562 2057
1564 1662
1568 1773
1570 1848
1571 1899
1574 2051
1578 2035
1579 2028
1580 2052
1584 1886
1594 2074
1596 1810
1597 2049
1598 1661
1602 1879
1603 2131
1612 1904
1615 2093
1618 2066
1624 1871
1631 2270
1632 1717
1634 1950
1638 1847
1640 1878
1642 2078
1644 1891
1648 1907
1652 2092
1654 2155
1658 1921
1660 2200
1662 2166
1664 1929
1665 2027
1666 2126
1670 2048
1675 2105
1679 1831
1681 1987
1686 1890
1688 1999
1693 1994
1694 2120
1698 1931
1707 2020
1717 2004
1720 2157
1723 2216
1724 2215
1744 2279
1749 2013
1755 2032
1765 1956
1771 2008
1787 2277
1791 2205
1794 2031
1810 2221
1813 2148
1815 2248
1821 2220
1823 2214
1825 2103
1834 2096
1836 2326
1845 2268
1848 2132
1858 2169
1867 2392
1874 2288
1876 2359
1913 2192
1919 2267
1921 2047
1924 2356
1936 2213
1939 2699
1950 2280
1960 2319
1967 2296
1977 2334
1978 2324
1997 2381
2028 2416
2044 2136
2051 2560
2057 2543
2058 2592
2062 2558
2068 2472
2071 2556
2072 2557
2076 2402
2081 2502
2091 2639
2099 2427
2101 2630
2104 2301
2110 2572
2115 2554
2118 2643
2122 2329
2123 2583
2124 2611
2149 2363
2153 2755
2160 2581
2202 2785
2210 2534
2231 2466
2235 2578
2265 2571
2268 2772
2271 2731
2303 2724
2318 2757
2322 2647
2337 2750
2348 2807
2354 2868
2387 2734
2388 2860
2391 2845
2409 2461
2425 2783
2430 2735
2455 2810
2459 2844
2471 2843
2478 2854
2493 2811
2526 2830
2556 2760
