f_0082620.png f_0082886.png
48 304
58 295
80 320
199 350
200 359
232 466
274 414
295 528
302 451
303 463
314 533
318 536
319 472
321 581
360 312
364 531
405 684
429 585
432 586
442 559
443 611
450 624
477 571
542 623
544 468
548 708
585 643
637 698
660 726
667 757
705 554
707 756
726 784
777 872
795 846
806 857
817 845
828 869
849 844
892 810
913 915
925 972
939 996
961 912
964 761
966 911
994 1009
1000 980
1006 763
1021 901
1025 944
1039 871
1043 877
1059 1074
1069 866
1072 1083
1073 1120
1114 889
1147 1096
1197 1183
1210 1167
1235 1199
1244 1012
1374 1095
1416 1119
1460 1272
1523 1150
1558 1172
1623 1367
1742 1306
1806 1422
1839 1531
1852 1553
1859 1491
1881 1524
