f_0082882.png f_0082876.png
4 3
9 16
10 18
15 4
20 12
21 24
29 75
30 65
31 38
34 34
41 76
44 51
47 67
49 81
55 69
56 47
61 144
62 79
72 88
73 87
85 164
86 142
87 120
89 140
90 106
95 102
99 111
101 197
102 132
103 201
106 207
111 143
113 152
117 155
120 228
128 212
129 231
130 177
131 263
132 261
137 189
138 214
139 181
141 278
142 283
147 293
150 264
151 225
153 351
154 298
156 335
157 238
159 365
160 300
162 270
165 285
166 245
168 299
169 284
170 251
181 268
182 317
183 290
185 242
186 243
188 338
195 287
197 306
201 295
209 353
214 343
219 422
222 349
225 363
226 441
227 429
229 390
230 384
231 339
232 321
234 364
238 430
240 398
243 458
244 406
245 403
246 495
249 477
250 407
252 381
256 408
259 431
261 491
262 419
263 414
266 465
268 413
269 410
271 446
273 392
274 380
275 439
276 454
277 435
283 520
284 553
285 466
286 432
287 404
293 450
299 517
303 421
304 604
305 561
306 463
309 505
311 549
313 485
321 527
323 476
326 525
327 507
328 587
331 605
334 617
336 619
340 557
342 500
344 618
350 629
355 564
361 636
362 594
364 622
365 570
367 671
369 621
372 582
375 565
377 645
379 614
380 697
383 639
387 692
389 644
390 653
393 631
397 741
398 721
401 630
403 632
405 723
406 742
408 626
410 683
412 761
414 686
416 628
420 662
421 778
426 670
427 690
428 660
431 715
433 745
434 736
435 809
436 744
438 755
440 787
442 764
443 775
444 705
446 768
447 771
449 712
450 767
451 732
458 706
461 776
462 733
464 836
466 766
469 842
471 796
474 900
476 773
478 797
481 791
486 793
488 856
492 780
494 850
496 785
506 876
509 824
510 905
511 919
513 844
515 882
516 883
518 873
520 851
522 849
524 906
528 914
529 878
535 885
536 857
540 891
542 951
543 915
544 962
545 941
546 937
555 880
560 924
562 954
563 955
565 984
571 908
572 904
575 945
580 981
583 925
586 1024
587 986
588 1001
590 893
597 960
602 1002
604 970
607 1027
609 1075
610 1038
614 1007
615 1052
616 1045
617 1048
619 998
622 1060
627 1000
628 1114
630 1046
632 1087
633 1092
635 1031
636 1072
639 1161
640 1148
642 1137
644 1058
645 1029
647 1071
649 1095
650 1111
651 1009
652 1077
653 1088
655 1073
656 1068
659 1094
663 1082
664 1086
670 1055
674 1133
675 1136
676 1151
677 1115
685 1175
690 1171
691 1159
698 1085
704 1162
705 1152
706 1190
709 1153
711 1219
712 1174
714 1127
716 1168
721 1163
722 1215
724 1130
729 1193
730 1183
735 1149
739 1205
741 1195
744 1199
750 1212
753 1246
756 1257
757 1301
759 1217
761 1180
764 1194
765 1201
770 1239
776 1204
777 1288
779 1297
781 1247
782 1254
784 1290
787 1317
788 1337
790 1280
796 1312
797 1269
798 1302
801 1356
802 1364
804 1333
805 1292
807 1392
808 1271
810 1314
812 1295
813 1310
815 1326
816 1342
817 1334
819 1355
825 1329
826 1323
828 1359
830 1350
831 1395
832 1370
834 1362
835 1363
839 1366
840 1330
843 1331
844 1369
849 1439
852 1394
857 1408
860 1432
862 1397
863 1384
866 1385
868 1458
869 1417
870 1451
872 1433
881 1478
882 1469
884 1470
885 1452
889 1441
891 1443
894 1462
896 1493
897 1409
900 1453
908 1515
910 1477
911 1468
916 1483
923 1519
927 1521
928 1501
931 1507
935 1506
938 1497
943 1512
944 1513
948 1531
951 1530
954 1567
955 1543
966 1550
968 1552
969 1553
970 1554
971 1555
975 1561
984 1586
987 1578
993 1591
995 1593
997 1547
998 1572
1000 1517
1001 1605
1008 1592
1009 1617
1019 1613
1026 1628
1029 1635
1030 1610
1033 1620
1040 1563
1041 1573
1044 1639
1046 1571
1047 1668
1051 1609
1052 1599
1067 1566
1069 1595
1070 1587
1074 1632
1076 1644
1078 1658
1081 1666
1082 1623
1085 1670
1086 1645
1091 1673
1094 1682
1111 1721
1113 1687
1114 1650
1115 1706
1118 1723
1129 1674
1132 1719
1138 1759
1149 1802
1150 1788
1161 1717
1164 1769
1173 1800
1179 1843
1181 1822
1184 1849
1185 1810
1191 1840
1195 1763
1198 1855
1199 1828
1201 1833
1216 1792
1218 1870
1220 1889
1222 1866
1223 1814
1225 1903
1227 1891
1230 1881
1234 1904
1236 1829
1242 1900
1246 1837
1247 1901
1248 1920
1254 1917
1257 1861
1264 1878
1265 1852
1266 1939
1269 1893
1271 1937
1275 1944
1284 1967
1288 1908
1293 1962
1297 1912
1299 1961
1303 1964
1310 1983
1316 1910
1318 1971
1319 1989
1320 1980
1324 1925
1325 1932
1328 2013
1329 1981
1331 1938
1340 1955
1342 1968
1353 1984
1360 2000
1363 2012
1370 1998
1381 2014
1390 2010
