f_0082952.png f_0082518.png
28 17
59 1
68 78
166 132
185 35
219 140
286 183
300 193
329 202
334 207
340 221
429 259
454 258
465 198
507 292
645 439
664 407
697 410
821 495
823 411
890 442
925 437
936 473
966 531
996 706
1037 630
1038 610
1064 460
1085 555
1104 606
1126 633
1153 692
1161 674
1215 857
1231 598
1237 747
1261 696
1262 557
1427 992
1456 1013
1486 736
1493 743
1508 1088
1509 1082
1678 903
1711 812
1712 1017
1715 1010
1729 1063
1775 1031
1804 1313
1831 1336
1842 920
1862 1229
1947 1052
2007 1023
2049 1089
2087 1111
2163 1285
2212 1273
2221 1206
2417 1362
2543 1365
2642 1240
