f_0082620.png f_0082926.png
13 311
15 200
20 194
23 369
30 319
51 261
52 320
53 394
64 286
79 453
97 396
101 382
116 115
128 484
139 219
140 387
145 540
153 474
157 531
164 278
167 589
170 193
179 114
183 522
185 517
187 523
190 174
191 422
193 199
202 336
203 347
225 427
227 621
254 253
270 669
275 615
281 731
295 695
304 730
305 752
319 643
320 677
322 807
331 818
332 505
334 793
335 881
341 575
352 341
353 342
357 509
359 835
376 892
408 616
410 898
414 676
415 822
425 586
431 687
432 844
440 508
441 580
446 708
447 940
453 741
458 740
459 478
462 603
468 529
469 789
482 680
491 714
506 654
507 969
510 990
513 998
528 1089
531 786
533 1014
534 651
537 768
543 1097
546 1084
548 1024
552 994
554 1078
561 1109
563 683
573 710
579 1152
584 720
585 889
614 734
619 798
621 931
629 1171
631 737
640 908
644 978
655 1228
663 896
668 1299
681 925
686 907
690 1310
702 902
705 838
706 901
719 956
750 860
751 1006
756 959
757 962
759 815
768 1103
771 1052
777 1390
796 1486
797 1037
800 876
809 1069
820 1003
822 1074
836 1102
837 1381
838 1412
840 921
846 985
847 1356
849 1243
850 1499
851 1547
862 1263
885 1262
890 1116
892 1138
897 1582
902 1181
903 1297
905 1594
907 1250
911 1137
924 1211
933 1578
940 996
957 1293
963 1033
966 1402
967 1662
969 1242
980 1369
984 1561
991 1671
1016 1425
1018 1419
1022 1721
1034 1193
1053 1759
1054 1130
1055 1493
1065 1418
1074 1787
1085 1241
1086 1467
1100 1734
1113 1337
1122 1338
1127 1565
1130 1596
1131 1823
1132 1360
1140 1664
1142 1855
1152 1874
1154 1974
1158 1291
1169 1719
1174 1733
1189 1773
1196 1669
1201 1831
1225 1749
1257 1554
1281 1943
1330 1605
1346 2047
1354 2127
1370 2284
1386 1864
1489 2357
1725 2394
