f_0082976.png f_0082620.png
5 55
8 42
11 10
39 32
48 158
55 114
74 111
79 191
107 188
127 217
129 202
132 142
134 131
156 148
158 182
169 263
184 350
207 255
244 134
245 262
250 268
251 174
267 272
270 281
280 264
312 346
317 320
351 541
361 321
368 526
420 373
437 408
440 390
470 400
631 450
647 689
760 565
773 742
780 783
797 496
810 504
814 712
822 706
867 524
878 473
879 762
882 756
892 522
954 569
958 751
990 546
998 785
1007 574
1050 602
1061 620
1074 682
1132 629
1180 655
1249 902
1255 1102
1267 1080
1306 571
1318 741
1325 656
1331 1208
1346 794
1374 949
1375 828
1385 863
1389 792
1396 818
1472 802
1477 811
1510 941
1534 950
1600 934
1628 1263
1669 1606
1670 1057
1699 1099
1849 915
1902 973
1936 1451
1962 930
1985 1746
2036 1131
2071 1201
2099 1179
