f_0082926.png f_0082872.png
1 522
6 352
15 566
16 490
18 377
22 415
24 292
25 272
41 570
42 571
57 572
58 496
59 390
60 615
67 655
69 433
74 497
76 421
87 409
92 268
94 513
101 598
103 538
107 434
121 706
125 392
128 745
132 474
136 374
137 212
161 555
165 579
170 573
184 476
189 492
192 853
196 668
201 647
210 534
236 747
246 728
247 447
251 452
256 551
274 850
281 746
287 681
288 487
293 1148
297 865
301 549
305 689
306 469
309 773
320 548
338 589
382 590
386 977
391 932
411 524
422 791
423 648
430 637
439 619
441 914
443 576
451 669
453 602
466 435
472 1018
479 1095
480 1040
481 808
487 640
490 695
491 612
500 915
510 921
514 920
527 1166
530 907
532 650
540 726
549 631
551 562
566 659
571 685
573 944
574 856
581 1019
586 1053
589 718
591 927
594 767
600 545
601 1041
603 1097
622 757
623 758
626 868
628 779
629 750
631 1085
634 817
636 768
647 862
649 891
654 1177
669 965
672 1054
681 800
689 871
691 1366
695 978
696 922
698 819
705 812
707 1168
726 1319
728 1119
738 1203
740 1205
750 1109
752 984
756 1012
757 874
761 777
766 924
768 1260
772 1079
789 1150
795 1151
804 1264
807 954
808 934
810 1314
818 993
819 929
822 1152
832 1394
838 1367
844 1153
852 1313
854 1179
859 1413
864 1178
866 1006
874 839
877 1454
879 1088
880 1080
885 1074
890 1252
894 1045
895 1065
896 1401
902 1422
910 1206
911 1076
912 1048
915 1466
916 1230
917 1132
925 1400
931 1356
935 1278
943 1255
948 1374
949 1239
953 1180
956 1481
959 1467
963 1174
966 1218
967 1350
972 1243
975 1131
978 1392
983 1124
985 1535
996 1566
1010 1358
1013 1267
1028 1598
1039 1492
1040 1316
1046 1138
1057 1246
1059 1610
1068 1521
1071 1287
1078 1321
1084 1335
1101 1288
1104 1435
1114 1635
1116 1562
1120 1445
1135 1322
1150 1515
1153 1344
1171 1436
1187 1448
1190 1328
1194 1580
1196 1450
1206 1426
1209 1375
1214 1440
1218 1528
1225 1471
1235 1373
1246 1497
1253 1542
1260 1456
1268 1301
1280 1623
1284 1516
1285 1405
1290 1451
1293 1664
1295 1431
1301 1576
1303 1536
1313 1651
1321 1487
1322 1472
1326 1774
1340 1666
1348 1418
1350 1605
1354 1594
1356 1607
1358 1482
1371 1606
1384 1856
1388 1709
1394 1586
1402 1704
1403 1670
1404 1571
1405 1889
1407 1587
1408 1588
1420 1699
1421 1641
1427 1592
1429 1608
1433 1725
1436 1697
1448 1850
1450 1751
1453 1569
1455 1857
1459 1812
1463 1518
1473 1839
1478 1945
1486 1572
1487 1564
1494 1821
1495 1779
1500 1851
1509 1924
1511 1786
1524 1862
1548 1886
1559 1632
1566 1965
1571 1740
1577 1746
1592 1915
1594 1680
1604 1617
1617 1808
1618 1775
1621 1815
1624 1929
1629 1878
1637 1627
1639 1925
1640 1919
1644 1966
1650 1732
1652 1809
1654 1724
1659 1882
1660 1747
1664 1963
1666 1783
1667 2071
1673 1737
1675 1836
1677 1988
1680 2024
1697 2030
1701 1795
1705 2010
1706 1935
1722 2041
1728 2023
1733 2007
1742 1984
1747 2056
1749 2051
1753 2131
1754 2127
1757 1985
1758 1986
1764 2105
1773 2042
1778 2017
1790 2119
1810 1967
1811 1936
1813 2008
1818 2095
1835 2069
1846 2142
1849 2075
1856 2003
1858 2108
1876 2031
1877 2155
1878 2085
1883 2135
1898 2033
1900 2251
1901 2207
1904 2117
1908 2208
1912 2163
1914 2045
1917 2200
1936 2148
1942 2224
1950 2225
1957 2220
1960 2175
1976 2239
1978 2176
1987 2217
1993 2166
2011 2390
2012 2343
2022 2277
2026 2268
2037 2258
2041 2281
2042 2295
2053 2230
2070 2423
2088 2345
2101 2150
2120 2318
2131 2231
2136 2324
2147 2415
2180 2347
2189 2242
2216 2244
2230 2417
2240 2464
2250 2424
2262 2439
2266 2380
2269 2547
2295 2422
2322 2402
2331 2465
2332 2442
2355 2543
2370 2509
2377 2449
2379 2408
2380 2414
2405 2459
2448 2599
2539 2640
2548 2610
2553 2472
2590 2505
2678 2646
2693 2614
2771 2691
2807 2756
2809 2836
2810 2825
2815 2679
2816 2692
2824 2686
2830 2775
2833 2788
2839 2883
