f_0082976.png f_0082958.png
25 185
76 363
112 329
127 294
160 629
163 373
164 462
232 883
253 843
269 498
280 351
290 343
300 359
318 374
325 360
328 913
362 561
370 1028
375 832
395 884
421 503
444 1061
458 1102
474 590
475 550
493 999
498 1105
502 1083
505 930
508 1110
525 812
547 1170
552 1141
568 1178
581 1250
609 1030
621 1182
624 1206
660 1190
682 1108
687 1176
693 1227
703 1210
727 707
737 1237
779 1264
803 1074
811 1085
812 825
824 1064
828 1148
842 1258
848 1367
850 1271
858 1211
874 1353
875 1212
883 1240
884 1174
919 1213
941 1225
958 1354
982 1380
983 1377
1012 1436
1027 1314
1061 1275
1062 1191
1088 1447
1089 1162
1100 1318
1103 1369
1108 1192
1146 1423
1166 1364
1170 1541
1172 1103
1234 1458
1237 1542
1242 1480
1252 1507
1300 1510
1309 1418
1314 1503
1317 1522
1327 1526
1375 1504
1445 1465
1467 1588
1548 1452
1593 1686
1618 1713
1646 1732
1673 1740
1700 1819
1718 1778
2141 1972
