f_0082864.png f_0082952.png
22 1075
45 2609
64 1824
69 2026
86 1254
89 1656
145 1480
165 1762
171 1341
179 1495
197 1901
239 2028
246 2759
262 1782
266 2650
341 495
362 1652
374 1872
394 1780
405 1847
456 1019
486 2087
535 1018
536 1379
538 2611
560 2056
574 2728
589 1831
617 280
674 2855
788 1755
802 2569
838 936
839 1529
841 698
846 1800
848 1894
883 2155
900 790
988 494
1018 1859
1022 1206
1117 2060
1284 1774
1313 1802
1369 1326
1409 1643
1414 1804
1441 1238
1463 1886
1464 2352
1481 1137
1509 2074
1532 1138
1569 1969
1596 1313
1670 2806
1689 2335
1693 1942
1705 1398
1746 1534
1800 1808
1830 2811
1871 1036
1947 1732
2043 79
2066 1617
2073 2812
2082 2252
2093 2167
2101 2227
2121 1248
2188 1890
2250 2722
2316 958
2359 1990
2366 2469
2368 1746
2393 2261
2397 1856
2416 2064
2468 1106
2515 2704
2561 964
2582 2694
2623 2318
2651 1849
2652 178
2656 325
2693 1243
2730 986
2745 1612
2751 1725
2759 1943
2802 1640
2803 1212
2822 925
2834 2817
2878 1697
2897 1687
2959 1572
2967 2257
2994 2826
