f_0082952.png f_0082876.png
11 56
13 269
25 198
48 376
53 228
62 142
77 346
78 263
81 104
94 278
106 516
112 298
134 341
141 82
190 270
218 316
233 338
261 475
262 371
266 119
277 318
280 294
281 171
304 417
312 327
321 713
324 453
380 629
396 549
412 465
417 163
427 240
465 634
477 587
490 442
500 518
517 467
521 238
543 802
568 455
579 668
590 734
612 605
623 472
624 373
629 536
646 752
658 735
661 412
668 384
669 350
670 323
706 601
710 436
737 450
752 379
763 394
772 383
776 940
785 414
790 611
804 722
806 558
816 743
827 730
832 440
843 395
847 486
858 538
861 524
872 623
889 708
911 483
922 580
926 469
934 551
938 507
939 479
952 760
958 709
982 502
1007 656
1013 748
1014 602
1026 462
1033 543
1038 799
1054 564
1055 546
1066 508
1070 581
1076 682
1084 771
1101 764
1120 539
1135 1070
1146 598
1147 547
1151 894
1153 842
1158 615
1161 840
1165 805
1188 776
1191 616
1202 731
1203 624
1225 715
1244 784
1251 1114
1253 625
1269 837
1271 670
1275 1015
1292 769
1293 1024
1299 666
1316 710
1318 1074
1319 704
1324 901
1326 650
1337 1039
1341 991
1343 779
1398 797
1403 985
1431 1087
1440 1004
1445 1032
1450 811
1466 792
1472 945
1473 818
1479 1101
1480 938
1496 808
1504 948
1529 833
1531 963
1532 867
1543 870
1553 758
1567 1092
1571 824
1598 812
1604 1048
1612 1134
1615 884
1620 863
1640 956
1641 916
1651 1082
1655 1028
1665 918
1671 903
1696 895
1703 1124
1704 911
1736 929
1740 1174
1748 926
1751 952
1756 969
1774 1199
1781 1172
1782 1071
1790 1217
1811 1007
1819 1033
1822 1220
1825 1053
1850 1083
1878 1288
1903 1034
1908 1151
1921 1298
1924 1062
1987 1312
1993 1280
1994 1313
1998 1316
1999 1304
2025 1345
2049 1195
2052 1111
2059 1341
2066 1212
2073 1359
2076 1246
2087 1234
2116 1167
2131 1191
2144 1371
2221 1350
2248 1355
2284 1446
2380 1481
2641 1910
2660 1916
2668 1925
2678 1579
2727 1955
2867 1636
