f_0082872.png f_0082670.png
240 26
250 35
274 18
287 21
289 37
291 19
296 17
313 32
315 54
317 47
325 20
331 45
338 51
350 59
352 60
357 49
358 64
366 101
372 79
374 62
391 87
393 116
399 123
404 112
415 119
416 102
418 131
421 120
423 97
426 107
433 140
435 177
447 132
452 156
454 189
458 186
466 148
468 157
474 145
480 155
490 169
495 180
500 175
501 188
505 221
508 243
512 212
514 182
523 183
525 213
528 237
533 224
537 196
539 210
542 214
543 204
547 200
548 205
551 197
556 257
564 268
566 245
569 261
570 247
571 240
572 241
574 258
578 296
580 249
588 228
592 272
604 312
608 266
610 301
616 271
619 281
621 265
623 273
635 327
640 302
643 285
650 295
654 339
655 343
656 330
657 308
664 362
665 314
669 290
673 325
674 355
677 310
678 309
682 305
683 326
691 329
692 321
699 345
701 315
703 311
711 356
715 395
716 367
722 348
728 386
729 353
735 354
738 417
739 352
747 397
749 398
760 443
761 413
772 481
775 400
778 480
779 427
790 463
793 445
796 418
797 431
804 499
808 410
809 437
821 436
823 448
824 474
829 432
832 433
841 500
846 486
853 505
854 490
865 533
866 511
868 466
871 477
873 472
874 498
880 516
896 525
902 476
910 567
912 571
914 528
921 518
923 504
924 509
928 494
932 512
933 491
939 560
940 570
942 524
951 565
952 550
956 559
957 608
958 588
976 599
977 572
988 523
990 534
991 538
998 547
1002 617
1006 569
1008 618
1013 545
1019 593
1020 566
1025 542
1027 592
1033 600
1041 605
1045 581
1051 646
1053 615
1054 574
1062 642
1067 629
1079 606
1082 622
1085 619
1092 673
1103 683
1111 670
1112 693
1135 631
1142 689
1150 643
1151 632
1152 633
1154 625
1155 655
1159 658
1160 648
1168 657
1173 644
1179 663
1185 712
1197 687
1199 730
1201 698
1206 669
1214 659
1216 711
1218 675
1230 674
1234 740
1259 743
1278 700
1279 708
1292 781
1295 764
1310 737
1315 731
1317 771
1328 806
1337 791
1342 754
1343 770
1349 777
1354 788
1359 810
1374 817
1384 812
1387 808
1390 881
1397 805
1414 890
1415 845
1418 851
1425 818
1437 908
1441 844
1452 846
1460 912
1462 854
1463 910
1470 860
1481 897
1483 943
1493 894
1494 885
1501 879
1514 909
1525 951
1528 914
1543 975
1552 939
1560 955
1576 954
1581 960
1588 971
1601 1018
1602 1007
1613 1039
1618 1019
1623 1045
1627 1068
1636 1052
1641 1049
1645 1056
1649 1046
1651 1090
1654 1066
1660 1137
1670 1091
1671 1075
1684 1181
1697 1108
1704 1112
1725 1127
1748 1205
1751 1173
1761 1184
1762 1166
1763 1167
1779 1192
1786 1179
1788 1153
1800 1186
1802 1174
1809 1190
1822 1210
1826 1218
1919 1315
1934 1326
1935 1335
1937 1385
1941 1318
1956 1334
1959 1405
1983 1377
1984 1362
1985 1357
2009 1396
2014 1393
2018 1388
2046 1447
2062 1448
2074 1457
2096 1480
2107 1542
2108 1488
2120 1497
2166 1543
2180 1546
2303 1741
2426 1820
2441 1829
2465 1869
2493 1851
2509 1969
2520 1920
2558 1923
2574 2000
2575 1981
2604 2023
2614 2022
2672 2092
2689 2142
2699 2159
2715 2151
2736 2181
2803 2194
