f_0082670.png f_0082918.png
8 1760
31 1700
38 1783
43 1865
48 132
49 1963
51 2285
59 2391
86 40
87 2606
93 1137
97 2190
100 2901
103 261
107 1214
116 2671
125 923
126 2385
130 2951
132 2753
134 699
141 477
143 2222
145 1713
146 275
148 2750
152 1586
153 1188
154 1831
156 379
157 1256
161 2238
164 2693
165 1159
167 1387
169 2771
170 219
171 1756
174 281
179 1910
182 2157
184 1716
187 1425
194 1108
196 1384
198 1822
200 8
204 13
205 1942
207 539
213 1631
219 1960
220 759
222 1164
224 2691
227 604
229 903
232 645
237 108
239 1175
245 2447
246 1268
247 1032
248 1401
252 451
254 2877
257 1554
258 1468
263 157
264 955
265 271
269 2579
270 2203
272 523
273 894
277 2864
279 399
281 1689
284 2948
289 1826
293 2346
294 77
295 1732
296 1593
305 931
309 284
314 1118
318 1095
319 1618
321 2298
322 1080
327 2109
333 893
340 941
341 1710
345 2697
346 2266
350 2963
351 1299
353 532
355 2923
356 1932
357 1641
365 2896
366 2351
368 1770
369 2955
370 1888
371 42
372 1428
379 682
382 2245
383 728
385 2686
390 1935
392 44
395 82
396 2654
397 2680
398 427
400 465
405 796
410 1437
413 2061
417 2148
419 1078
425 1982
428 1933
431 65
433 101
438 350
439 1235
442 112
446 2300
453 2394
456 2330
469 2006
472 2469
481 693
482 2932
485 2212
486 1889
487 2572
500 1240
505 2699
507 1797
509 1475
515 1440
516 1864
517 2370
518 2473
519 1849
521 84
523 1420
525 2618
529 1803
535 651
543 499
553 2284
554 1128
557 1358
561 988
562 619
568 229
569 1806
570 193
577 600
583 1708
586 2573
588 313
591 1010
592 341
593 913
595 249
596 447
597 611
602 192
604 361
606 2719
609 1526
611 1315
616 1320
620 93
630 318
634 1149
635 1674
639 1728
640 1380
646 1348
648 2134
656 706
670 2723
671 214
672 2389
673 2909
677 1514
678 1314
679 1953
681 359
682 1413
684 240
686 932
687 1947
688 814
694 989
697 983
698 844
699 690
700 1306
701 254
702 1684
706 1812
708 15
712 2584
713 2872
714 2474
719 2009
722 2073
723 756
734 1041
741 1075
742 2560
744 2504
750 186
763 2628
765 1481
768 2743
772 1104
775 1903
777 2646
781 875
787 899
793 1421
796 2247
799 278
809 1163
810 869
813 2296
815 1081
817 1599
822 478
827 2257
828 1049
830 1451
833 1786
834 2122
835 2829
839 2662
844 1569
847 1830
849 2399
852 2642
855 1187
859 2575
860 642
861 576
863 559
866 1949
867 1494
870 2933
875 820
877 1249
879 2705
880 1472
881 483
884 174
885 632
886 6
887 2658
891 410
894 196
896 1105
897 1165
903 1146
905 1005
909 1087
914 181
915 1926
919 2566
922 1436
927 2387
928 2228
931 2567
932 2607
938 2551
941 1952
943 2936
948 1033
950 2735
953 1523
955 729
956 1537
958 664
961 2250
963 198
974 2341
978 1877
979 1850
982 1333
983 260
985 568
986 718
990 2981
992 1298
994 2465
998 751
999 387
1000 2971
1001 2596
1003 2276
1005 2752
1006 2668
1009 1017
1012 121
1013 429
1015 1121
1019 505
1021 2022
1023 2179
1024 2067
1026 788
1027 2993
1031 1723
1032 1310
1034 1223
1040 603
1043 1705
1044 1067
1048 136
1049 1966
1050 2173
1051 2537
1052 761
1054 1609
1055 2502
1056 128
1057 1564
1063 2075
1066 1131
1067 2043
1070 1636
1073 678
1074 1683
1076 816
1080 1758
1082 407
1097 2905
1103 1222
1106 2042
1112 1057
1114 1993
1117 2161
1121 588
1124 799
1140 2921
1147 2777
1148 2677
1156 540
1160 630
1163 1123
1171 2745
1172 2902
1173 951
1174 774
1175 1912
1180 2712
1204 783
1205 295
1208 2853
1211 2746
1212 1983
1214 1846
1215 1892
1218 522
1224 2274
1230 1512
1233 365
1234 2079
1236 676
1237 2755
1242 1856
1245 2711
1246 2499
1252 2978
1255 408
1261 1904
1264 2968
1271 202
1277 469
1289 2423
1291 1843
1295 1113
1297 323
1298 124
1300 1678
1302 2701
1303 1023
1305 1038
1309 2890
1312 1044
1315 2977
1318 1560
1323 2283
1324 1854
1326 2206
1327 1676
1328 2291
1333 2015
1334 1752
1335 2935
1336 784
1339 2525
1343 234
1345 1704
1349 1480
1353 320
1357 608
1358 826
1359 2107
1361 484
1366 2461
1378 2045
1393 723
1396 339
1397 1232
1410 2112
1428 1493
1431 1051
1460 655
1481 347
1485 823
1486 2084
1497 2707
1511 2822
1514 933
1536 898
1540 2125
1569 570
1574 1412
1577 317
1579 2652
1593 771
1607 599
1618 1623
1706 1573
1752 2928
1791 2208
1798 859
1856 2452
1879 2805
1895 1250
1917 1275
1919 2956
1936 133
1968 549
1976 2467
2013 1934
2046 775
2050 2413
2052 1916
2054 821
2073 1449
2077 56
2109 1007
2128 795
2130 545
2150 1787
2160 1652
2161 2324
2162 1158
2197 888
