f_0082952.png f_0082776.png
36 26
132 151
195 371
247 206
291 148
296 293
343 209
372 357
449 16
464 372
470 344
474 87
590 411
599 450
646 317
677 277
745 178
791 121
809 166
845 4
917 40
927 813
997 264
1003 783
1018 228
1030 617
1036 727
1049 351
1069 197
1083 819
1084 188
1101 182
1126 301
1135 860
1149 859
1150 427
1251 782
1288 183
1298 221
1301 291
1306 63
1335 245
1347 146
1383 613
1387 383
1409 770
1429 339
1430 693
1492 331
1509 948
1563 735
1577 104
1617 1055
1618 546
1673 988
1737 238
1753 755
1767 1118
1810 844
1827 766
1845 1217
1846 1196
1862 945
1864 680
1865 82
1890 1066
1979 131
1991 471
2020 686
2034 805
2040 1096
2044 920
2049 444
2079 968
2080 872
2094 1018
2103 1190
2104 1064
2110 1218
2137 1498
2142 757
2170 1664
2191 1529
2219 1136
2232 1624
2247 214
2299 1832
2324 866
2334 1104
2345 186
2363 1433
2379 1173
2427 1460
2430 1225
2440 1329
2445 1132
2452 1524
2454 941
2496 1410
2509 1395
2525 1768
2543 790
2544 767
2545 531
2555 922
2556 881
2562 738
2566 1330
2568 1185
2577 1647
2587 1390
2589 934
2611 993
2639 691
2681 1700
2689 1772
2693 1088
2732 1135
2737 1563
2752 1541
2774 1621
2842 1776
2861 1578
