f_0082620.png f_0082952.png
26 312
42 334
43 348
52 525
73 449
80 442
124 569
131 482
140 412
155 515
156 517
167 918
173 736
174 794
175 101
195 868
218 155
234 295
238 321
242 898
262 236
273 477
274 706
275 872
295 941
300 1128
303 744
312 593
315 1167
317 660
321 936
341 614
347 719
351 514
355 545
359 1133
361 967
375 613
381 1154
383 1006
385 550
387 716
389 1050
397 465
400 1108
401 1190
402 1265
404 1308
410 1244
425 551
428 997
432 1101
435 1262
438 441
445 549
469 952
472 1331
473 1313
476 540
478 1049
484 559
486 891
495 1457
496 1330
506 604
512 1411
516 1417
521 1138
524 1342
535 713
539 1242
540 1391
546 1499
553 1335
561 1569
562 1706
578 723
582 1480
589 729
593 1560
612 1671
617 1551
621 1072
622 1176
624 1527
628 1151
629 1558
640 1005
648 1656
650 1759
651 1100
654 1422
660 1311
669 1780
671 1680
674 1761
675 1791
679 1785
693 1789
697 1796
708 1678
709 1795
726 1446
728 1842
730 1873
731 1407
743 1428
765 920
769 1491
781 1841
798 1839
803 1840
805 1149
813 1958
822 1179
823 1403
844 1978
849 1498
855 1401
856 1501
874 1698
886 1557
894 1589
896 1933
924 1322
928 1947
932 1612
936 2068
938 1688
941 1663
942 1740
966 1611
974 2028
981 1684
984 1904
992 1328
993 1708
994 2035
997 1774
998 2066
1013 1729
1019 2092
1026 1287
1044 1720
1048 1205
1052 2121
1053 2111
1056 1679
1066 2120
1068 1395
1080 1469
1083 2143
1085 1327
1087 1381
1129 2205
1133 1998
1137 2306
1151 2144
1157 2282
1160 1892
1167 2253
1175 2009
1180 2392
1186 1891
1188 1972
1199 1520
1207 2367
1227 2429
1229 2288
1237 2142
1249 2294
1253 2033
1255 2298
1263 1820
1267 2397
1274 2337
1291 2381
1318 2662
1321 2425
1329 2405
1420 2318
1455 2726
1460 2059
1481 2094
1494 2334
1504 2090
1511 2075
1528 2271
1536 2404
1549 2869
1552 2106
1553 2110
1561 2107
1582 2133
1598 2132
1636 2241
1650 2413
1662 2693
1677 2388
1694 2449
1698 2694
1714 2520
1717 2832
1740 2599
1744 2459
1760 2519
1765 2498
1773 2866
1797 2648
1831 2549
1854 2580
1892 2757
1898 2632
