f_0082412.png f_0082886.png
8 7
45 35
77 60
118 84
125 94
132 66
160 99
174 103
222 119
309 190
357 197
367 225
407 220
615 376
759 446
957 566
1016 624
1036 636
1041 643
1049 650
1064 642
1065 654
1069 663
1085 648
1094 688
1104 674
1110 667
1112 682
1121 695
1126 689
1136 727
1154 720
1164 730
1178 740
1180 725
1203 747
1218 758
1238 782
1242 769
1246 764
1267 798
1288 807
1315 851
1320 834
1339 868
1361 878
1461 947
1471 953
1502 977
1559 1012
1677 1076
1882 1158
1954 1210
1985 1227
2010 1253
2014 1246
2077 1300
2118 1306
2127 1326
2145 1325
2201 1394
2210 1402
2224 1420
2259 1451
2290 1473
2332 1516
2339 1523
2366 1527
2375 1544
2401 1557
2442 1579
2473 1601
2477 1600
