f_0082452.png f_0082518.png
7 77
9 118
18 169
20 153
21 168
23 172
30 225
39 179
43 171
50 184
51 167
66 142
72 217
78 193
83 178
84 189
86 183
88 202
94 215
95 196
96 192
97 229
100 206
119 214
120 242
122 287
130 237
156 234
159 261
168 255
185 288
186 294
192 269
202 248
231 296
232 323
236 336
250 303
288 310
312 339
325 313
343 348
347 378
356 380
366 374
385 359
397 373
401 353
403 365
415 369
419 395
434 424
436 391
450 426
453 399
459 441
461 405
485 414
491 434
503 442
504 464
512 410
535 419
536 453
537 446
545 473
579 463
584 472
622 484
637 500
640 418
646 506
670 505
693 481
696 512
704 513
705 547
709 536
716 551
717 555
723 559
726 518
728 520
744 535
749 495
755 545
763 550
770 523
771 575
772 587
773 604
774 580
780 527
785 558
787 554
792 553
813 578
814 570
823 574
825 638
830 603
863 637
873 625
878 656
881 646
888 632
891 663
894 631
901 630
902 655
912 704
922 649
930 720
931 596
938 699
940 711
944 690
954 729
968 676
969 687
970 686
974 739
978 740
990 743
997 732
1007 724
1019 662
1020 769
1026 738
1031 785
1061 753
1071 805
1108 841
1114 796
1120 793
1133 813
1153 821
1163 830
1165 860
1197 838
1205 873
1206 870
1218 900
1220 807
1221 850
1227 919
1238 894
1244 882
1252 907
1264 941
1282 927
1297 909
1298 916
1331 1008
1365 1018
1366 1046
1383 945
1385 1012
1387 979
1407 995
1409 1099
1443 1136
1471 1072
1473 1067
1484 1163
1493 1063
1504 1066
1514 1114
1532 1126
1549 1197
1557 1195
1584 1162
1596 1176
1632 1168
1641 1212
1659 1226
1662 1221
1684 1263
1691 1120
1696 1265
1709 1276
1714 1187
1719 1216
1723 1300
1724 1294
1726 1326
1740 1273
1742 1308
1749 1165
1758 1242
1762 1298
1764 1271
1768 1329
1773 1396
1817 1360
1875 1400
1880 1383
1899 1428
1908 1440
1980 1504
