f_0082558.png f_0082882.png
10 196
11 94
15 734
17 294
20 261
62 569
83 305
93 350
107 498
124 691
135 872
141 617
172 587
199 919
213 299
320 338
324 434
373 814
375 325
447 203
504 527
529 760
537 461
577 932
646 852
668 346
709 626
747 207
777 441
807 533
826 85
836 315
843 415
874 653
911 268
940 482
958 358
959 756
966 140
983 168
1065 225
1078 531
1144 436
1206 318
1210 600
1254 800
1329 807
1342 567
1345 913
1384 388
1390 154
1411 794
1422 649
1430 612
1431 501
1474 623
1511 829
1515 915
1529 802
1553 289
1648 430
1694 1058
1726 208
1802 437
1803 833
1824 592
1828 563
1833 525
1935 442
1938 301
1964 465
2011 215
2023 682
2041 599
2043 120
2076 395
2086 914
2129 610
2131 630
2173 1153
2187 962
2215 1025
2294 230
2304 935
2390 97
2413 607
2417 777
2443 549
2472 805
2584 517
2601 816
2632 634
2673 129
2703 729
2720 296
2749 667
2840 804
2880 143
2889 319
2893 311
2913 589
