f_0082558.png f_0082958.png
9 1767
30 378
33 1540
42 316
46 883
78 182
85 1810
93 267
124 1591
127 1486
131 1419
134 1035
141 1356
147 598
150 1712
172 1225
175 1363
179 826
185 285
186 2010
194 177
207 1452
228 796
243 1423
255 1780
273 1174
286 92
287 1711
304 1187
316 1612
320 713
344 466
346 184
350 580
366 2015
408 1113
421 1732
426 178
432 884
442 1227
451 877
467 324
471 832
477 1271
478 1864
481 1704
498 1964
513 1406
522 1046
526 1152
540 979
551 499
553 1107
557 1799
570 665
571 346
572 1091
599 1627
609 890
611 1542
625 115
667 340
672 639
686 1489
693 1192
704 240
722 122
727 1663
742 1140
783 957
787 112
789 1033
792 1534
793 1248
806 429
819 1142
836 279
842 1191
869 831
871 1713
877 231
882 707
887 62
938 99
940 1018
958 485
983 116
1009 457
1028 1952
1037 454
1057 1600
1066 1121
1072 1660
1092 616
1103 139
1110 887
1115 1459
1124 1995
1144 778
1168 34
1178 299
1188 467
1190 1784
1191 1339
1204 347
1207 1205
1224 407
1244 1441
1245 1474
1267 237
1273 1294
1282 812
1310 409
1339 1443
1343 1913
1347 1516
1356 1488
1366 302
1378 1439
1383 2172
1384 806
1389 511
1390 59
1395 1765
1398 497
1422 1430
1437 574
1448 742
1471 801
1482 1568
1486 1353
1524 731
1546 2019
1554 855
1568 138
1580 873
1581 1562
1582 1327
1648 799
1671 36
1672 1914
1676 278
1680 1675
1685 160
1695 683
1703 2145
1756 305
1768 1632
1772 1517
1777 518
1785 1267
1795 686
1801 1418
1802 795
1825 1190
1826 320
1839 1692
1842 1293
1848 891
1853 1377
1865 569
1870 73
1878 714
1884 391
1888 1788
1910 1760
1920 236
1932 1148
1949 1811
1954 185
1967 1592
1994 1885
1997 1852
2008 597
2011 226
2017 1132
2036 1383
2041 1239
2048 1183
2054 428
2055 1505
2082 1412
2087 1349
2095 837
2116 259
2129 1060
2131 1515
2132 1647
2167 929
2213 382
2214 573
2219 224
2224 1157
2248 1075
2251 649
2270 1224
2271 171
2272 694
2279 1458
2288 1664
2290 151
2298 1768
2320 1778
2325 1179
2327 1828
2358 1806
2360 630
2367 565
2371 447
2402 1892
2412 1487
2413 1275
2415 1178
2424 1858
2441 1561
2450 164
2453 1105
2454 841
2457 1110
2480 323
2481 1092
2491 264
2505 183
2555 2004
2557 246
2587 1333
2591 230
2617 1695
2632 1318
2649 1259
2654 1231
2664 2036
2665 1586
2685 1240
2694 1525
2702 1824
2759 603
2760 1574
2776 793
2778 46
2786 1111
2801 262
2809 1325
2810 821
2830 1709
2847 1504
2848 1550
2849 1258
2853 732
2862 1203
2866 1776
2869 1379
2881 635
2895 1803
2935 1451
2937 750
2943 1749
2984 1665
2986 2169
2994 1405
