f_0082724.png f_0082918.png
13 1689
22 2270
23 1428
35 2157
45 1989
50 2892
52 2298
55 2052
75 931
85 1938
128 1206
129 2676
132 2131
150 690
157 19
169 2693
174 2626
188 399
193 1876
204 887
206 1910
208 2195
224 319
226 1084
235 1975
241 1639
245 1216
248 333
273 1299
274 1588
287 131
289 832
305 2575
309 1173
316 1775
337 2306
357 530
359 2957
360 157
370 1830
371 2948
383 262
390 1750
400 2573
401 1280
411 263
420 1270
432 2353
452 2234
454 978
464 307
515 2200
517 2556
521 2056
522 2473
537 1947
551 320
552 365
553 112
561 2217
565 326
568 127
576 1128
582 1115
590 2310
598 2395
599 829
602 421
612 2801
625 192
629 1872
630 341
634 986
638 2372
653 400
661 1274
665 810
667 1179
669 1000
670 1564
672 253
682 518
685 93
695 2129
697 424
707 707
720 460
721 352
722 774
724 2363
728 2876
737 296
738 201
745 1126
748 1160
749 256
772 193
783 1658
786 1862
800 1892
814 502
823 2272
826 1292
831 2503
838 2712
873 1736
874 857
878 1233
902 293
912 2980
918 195
925 1253
942 11
944 841
945 1180
952 996
959 1057
982 852
984 2067
986 943
988 2906
989 1584
996 1939
998 824
999 419
1004 1621
1008 381
1019 1460
1025 663
1026 367
1027 1561
1037 116
1040 1967
1046 2596
1049 1398
1055 2721
1061 2677
1062 940
1084 777
1088 1251
1120 317
1135 2802
1137 1792
1141 87
1177 2790
1203 2355
1215 570
1226 771
1251 2870
1253 2619
1278 2526
1317 738
1333 356
1350 348
1351 1363
1385 1745
1414 2324
1436 1753
1467 2962
1500 1026
1507 1701
1538 1807
1618 1613
1670 795
1918 289
1942 2020
