f_0082558.png f_0082642.png
2 1942
19 2185
28 348
42 218
46 650
47 211
67 886
72 236
75 685
77 1992
78 122
83 116
85 1395
88 139
93 185
104 1187
108 632
109 842
113 225
118 984
124 828
134 431
141 690
147 51
148 2180
149 2002
150 1022
154 182
159 358
166 353
172 671
175 955
185 323
199 1587
214 1360
216 1427
227 1620
232 1405
234 1117
237 256
243 909
250 1411
271 1081
274 558
285 192
300 840
302 2112
304 1346
305 1715
315 722
320 46
331 1362
336 1446
346 56
350 380
366 1454
375 29
389 810
390 1078
395 7
401 1854
403 778
405 627
409 1099
413 226
416 509
420 1033
421 1135
434 118
437 1307
448 1430
451 613
463 2010
477 853
482 168
486 753
491 742
509 589
520 1932
526 1237
529 976
533 1285
539 1696
544 638
546 1027
551 197
557 1054
558 1752
570 189
574 923
576 174
585 541
595 402
602 369
611 1072
612 1133
646 1477
655 1400
663 729
669 93
672 145
686 780
687 1136
693 463
699 812
709 776
716 644
729 1408
730 1363
748 1617
766 766
771 1264
773 888
780 396
784 75
791 1629
799 1140
821 173
823 503
831 439
836 146
843 329
844 652
847 1047
858 665
863 23
869 447
874 783
885 628
895 1013
907 1508
909 1841
912 129
916 773
917 107
925 935
929 1235
931 1581
935 1702
940 371
943 855
957 423
962 827
965 1366
967 2176
977 1470
982 170
991 1186
999 240
1001 450
1002 480
1010 2125
1022 643
1030 1233
1034 534
1037 445
1045 1711
1064 1086
1066 387
1069 401
1072 1234
1086 1510
1089 1951
1098 271
1110 123
1113 83
1117 2094
1130 2186
1139 1272
1143 1001
1152 1083
1157 823
1169 746
1170 813
1171 481
1186 990
1206 106
1207 885
1209 693
1217 623
1224 313
1229 177
1250 682
1257 495
1267 4
1268 601
1272 718
1276 1969
1277 996
1279 775
1280 1254
1292 600
1293 1207
1299 1639
1301 1181
1304 71
1306 237
1307 1867
1309 1494
1330 190
1338 33
1339 549
1342 594
1349 1577
1352 458
1370 45
1372 1046
1377 1014
1379 504
1382 1748
1409 709
1410 631
1415 528
1422 730
1429 1542
1432 1912
1435 282
1448 673
1453 452
1457 1436
1459 1682
1470 719
1471 701
1490 732
1493 805
1494 2006
1503 621
1505 836
1524 598
1526 1598
1531 807
1532 559
1554 130
1555 289
1560 927
1562 1456
1578 1269
1582 1150
1592 342
1598 1483
1601 393
1603 206
1606 705
1608 571
1617 1142
1621 1662
1636 553
1638 826
1642 1344
1649 216
1650 555
1653 47
1655 879
1660 1897
1664 140
1676 306
1678 1174
1680 1153
1685 57
1687 1728
1696 1643
1705 2110
1722 1067
1731 605
1741 209
1753 817
1765 877
1770 223
1777 334
1784 1036
1806 717
1808 947
1815 670
1816 1533
1824 920
1827 2037
1828 489
1829 1084
1832 1765
1839 818
1842 949
1844 1703
1855 985
1860 537
1873 712
1874 550
1876 659
1880 1735
1884 321
1892 1985
1898 1671
1900 296
1901 2126
1907 1305
1914 1437
1928 326
1941 435
1950 562
1975 660
1994 1530
2000 1156
2002 597
2007 653
2020 2294
2023 1196
2026 473
2029 1986
2032 1729
2038 1353
2048 782
2060 841
2066 381
2067 1410
2077 1107
2079 346
2082 1277
2083 1129
2085 747
2095 272
2099 1345
2101 2034
2109 350
2131 617
2133 1931
2135 345
2136 876
2139 228
2146 907
2147 1120
2156 230
2164 761
2167 689
2168 1220
2169 860
2175 2
2179 430
2181 1422
2185 1143
2191 924
2195 1509
2222 201
2223 668
2235 1004
2236 2120
2251 405
2252 887
2253 288
2257 355
2262 195
2263 678
2268 31
2269 1030
2272 545
2275 1352
2276 1846
2279 844
2287 1551
2288 943
2293 565
2298 1065
2303 2138
2317 587
2318 757
2320 1193
2321 1824
2331 871
2332 899
2333 658
2336 1679
2341 1906
2351 73
2352 2039
2353 2203
2358 1268
2363 727
2380 97
2385 2074
2388 581
2398 596
2402 1310
2404 1497
2409 250
2415 852
2424 1372
2425 655
2436 802
2456 339
2458 314
2459 1484
2464 469
2470 41
2475 406
2476 726
2480 98
2492 515
2495 634
2501 744
2503 1205
2506 1435
2528 1718
2541 939
2549 642
2558 1308
2562 312
2567 1723
2578 1284
2590 563
2601 1175
2603 364
2612 1462
2644 58
2649 791
2650 1564
2651 493
2655 971
2659 395
2661 360
2678 846
2683 710
2688 1071
2696 455
2703 977
2717 649
2725 340
2727 494
2738 119
2741 1823
2754 1052
2764 772
2773 1290
2780 938
2782 133
2843 1051
2849 815
2855 2113
2862 496
2866 1556
2869 1256
2873 1146
2879 1744
2892 248
2893 132
2894 1144
2895 798
2898 1586
2903 1693
2906 582
2909 2104
2914 1870
2916 801
2925 1594
2935 1214
2960 394
2962 908
2984 861
2990 1179
2994 736
2996 2187
2999 1631
