f_0082864.png f_0082858.png
11 737
12 1
29 2184
35 2811
39 1235
71 128
96 2650
98 1986
107 196
108 1535
109 871
128 713
129 75
134 925
152 1536
153 717
161 1543
162 164
191 0
193 1526
194 424
207 853
212 643
216 14
224 1387
228 476
231 624
270 1310
277 1633
292 2117
320 2139
321 876
324 277
329 186
332 808
338 754
380 273
409 1002
411 2396
413 41
414 2303
418 2727
432 1600
447 2005
450 1549
452 33
456 1808
458 1685
462 540
464 50
474 362
493 367
518 1449
523 4
524 1129
530 2074
538 868
547 2805
550 761
557 856
559 393
565 1939
568 18
573 661
583 1724
585 2000
593 989
600 1968
601 65
603 486
606 2060
607 1153
615 2085
666 371
685 2050
696 1870
702 1684
708 2390
709 2452
712 2044
713 664
716 2409
733 2210
735 2540
739 45
744 777
746 187
754 2984
755 410
759 2884
773 521
774 923
777 1980
781 2449
802 2465
807 225
810 548
822 2416
835 2952
844 2753
845 2458
847 296
864 2278
882 71
887 345
898 1080
901 2455
906 1715
917 2772
932 1960
939 1138
944 1743
953 1659
957 2712
961 708
972 2329
983 95
990 2980
1000 959
1004 1786
1005 152
1015 1092
1019 236
1038 1410
1041 2136
1048 2596
1052 1584
1055 2333
1059 1903
1063 212
1071 1239
1082 2108
1086 2330
1088 1557
1091 1956
1106 2102
1108 458
1112 2152
1115 1552
1126 1377
1133 2549
1143 1766
1146 2673
1157 1826
1167 101
1178 5
1184 1274
1187 1579
1189 1955
1193 267
1196 110
1200 1109
1268 1518
1269 1380
1276 361
1286 1087
1292 786
1293 1855
1294 1317
1295 1052
1301 2977
1327 370
1333 2104
1338 1614
1363 1930
1364 2135
1367 2351
1374 2045
1383 2680
1387 1054
1389 224
1395 921
1407 986
1410 2505
1418 211
1420 695
1424 890
1445 2510
1449 2877
1450 731
1451 573
1457 2782
1464 2791
1471 1050
1476 2417
1506 2778
1509 390
1511 2828
1521 1221
1524 2862
1527 2865
1536 1562
1543 1569
1549 1062
1550 1752
1564 448
1576 1801
1579 431
1586 892
1610 2165
1618 1086
1631 1814
1645 948
1654 31
1664 2756
1668 263
1681 2969
1691 1244
1700 2077
1707 2118
1716 2592
1722 517
1723 1823
1730 2610
1731 1706
1738 1009
1742 1729
1750 1088
1752 559
1757 1996
1762 935
1776 1338
1786 2618
1788 1953
1789 465
1819 2796
1832 2647
1834 1152
1840 2831
1842 179
1843 1065
1854 1829
1895 440
1904 1477
1919 627
1924 2861
1925 257
1933 2376
1941 1935
1945 758
1946 457
1953 1912
1971 1732
1979 2334
1990 1261
2021 1329
2034 1001
2036 2418
2039 378
2041 1970
2042 840
2048 1728
2120 681
2135 2002
2190 2266
2197 2719
2212 2501
2214 1164
2218 391
2230 2063
2245 1178
2260 477
2270 2691
2278 626
2297 1378
2303 999
2316 2171
2344 1701
2354 2974
2359 2346
2402 83
2410 2883
2422 2055
2442 2389
2443 47
2458 1005
2459 2987
2471 2114
2482 2166
2487 1940
2489 2196
2494 2547
2499 275
2508 740
2516 1118
2519 585
2524 2607
2534 466
2536 1142
2553 303
2568 1954
2571 2305
2584 1878
2604 776
2605 1513
2610 2098
2623 859
2650 1395
2654 88
2659 1297
2660 2845
2661 414
2669 1537
2676 2480
2686 2785
2714 1927
2741 1514
2762 1899
2765 227
2778 2906
2782 2447
2798 2161
2811 2894
2818 1784
2827 665
2834 1075
2836 508
2853 342
2860 2623
2888 1631
2896 2590
2905 1566
2915 194
2920 2702
2925 2514
2933 1081
2934 2367
2938 1874
2939 66
2953 907
2968 612
2998 2832
