f_0082886.png f_0082872.png
3 156
5 109
22 177
23 48
25 86
26 35
31 267
50 285
54 25
60 286
62 99
63 16
78 122
84 210
85 94
90 153
91 287
94 56
96 317
99 200
102 63
103 65
104 328
105 186
109 420
119 237
120 489
125 187
132 188
139 633
140 536
150 444
151 331
152 144
154 196
159 225
162 415
163 291
166 243
177 386
179 263
185 496
186 221
187 497
194 698
203 314
205 239
208 753
211 740
214 474
218 423
219 365
220 410
224 514
226 105
227 346
229 492
231 745
233 579
234 359
235 240
237 807
238 375
239 276
240 539
246 580
248 452
253 379
262 754
263 638
275 827
277 646
280 581
281 299
282 639
290 506
295 647
298 596
301 381
303 912
304 690
307 987
321 629
322 700
323 649
324 593
331 481
337 670
340 682
341 553
342 975
343 675
346 1002
350 719
355 900
356 730
358 854
359 797
360 583
361 701
362 507
368 672
372 739
373 695
375 1008
377 703
381 624
385 677
386 528
401 915
405 1018
406 626
407 493
411 1039
412 544
413 1092
430 1040
432 482
439 1158
442 1194
446 1053
448 541
452 856
463 953
468 1166
475 660
482 889
485 799
487 868
488 830
489 724
491 732
496 1275
498 870
499 847
500 1222
501 1223
502 1054
507 810
508 762
516 1308
523 928
525 723
528 1004
529 996
531 989
533 997
534 874
536 1011
540 1372
542 1129
544 765
546 990
547 793
550 1205
554 1366
555 1172
556 1135
559 1160
560 1150
563 1159
564 1029
566 1073
568 992
571 1196
572 1152
573 801
581 1130
582 986
586 1153
587 998
588 1314
602 845
604 1178
605 1187
611 1206
612 1123
616 918
624 1230
625 1214
628 887
629 946
630 947
631 943
634 878
636 1422
641 939
642 1527
643 1368
644 964
648 1491
649 1254
650 1255
651 963
654 1239
657 1266
659 1219
660 971
662 1284
666 1310
667 1315
670 1474
671 999
672 1298
674 1565
676 1067
677 1035
678 974
679 898
682 1358
683 1279
685 1181
686 1082
692 1535
693 1131
694 1050
700 1182
710 1138
715 1429
716 1342
717 1244
718 1083
722 1396
723 1069
727 1403
729 1584
733 1334
740 1562
743 1610
749 1430
750 1220
754 1186
755 1635
758 1412
759 1257
760 1093
765 1268
766 1224
769 1447
771 1580
783 1653
784 1528
786 1312
788 1613
789 1449
790 1450
791 1328
796 1291
804 1236
806 1475
807 1500
812 1715
815 1389
816 1373
819 1193
821 1261
825 1754
828 1452
835 1605
836 1585
844 1636
846 1536
849 1442
850 1330
851 1665
852 1666
858 1431
860 1417
862 1325
868 1648
876 1722
884 1670
887 1355
890 1408
897 1306
900 1409
903 1587
904 1872
907 1694
908 1557
909 1488
911 1704
912 1725
914 1493
924 1861
925 1928
926 1856
927 1603
928 1437
934 1811
937 1888
938 1649
939 1420
940 1393
944 1760
945 1698
948 1850
949 1751
952 1881
953 1857
960 1642
963 1779
964 1630
967 1938
972 1677
973 1910
975 1609
977 1859
980 1777
983 1786
985 1525
994 1464
995 1752
1005 1459
1007 1504
1013 1973
1016 1554
1019 1746
1020 1710
1022 1637
1025 1844
1038 1541
1045 1550
1047 1753
1049 1878
1055 1556
1058 1627
1060 1732
1067 1681
1071 1659
1072 1836
1073 1975
1074 1901
1076 2010
1079 1863
1083 1935
1084 1783
1085 1644
1087 1638
1093 1828
1095 2056
1096 2006
1097 1902
1102 2106
1104 1894
1105 1796
1109 1784
1111 1847
1112 1765
1113 1867
1114 2009
1115 1661
1123 1887
1124 1772
1129 2119
1131 1967
1132 1895
1135 1936
1139 1714
1146 1980
1155 2144
1162 2012
1168 2043
1169 1941
1170 1903
1174 1911
1175 1896
1176 2028
1180 2076
1183 2085
1184 2045
1185 2033
1186 2031
1187 2032
1189 1876
1194 2047
1196 1999
1197 1793
1198 2117
1199 2109
1206 2086
1215 2138
1218 2148
1220 2224
1221 2118
1227 2176
1230 2225
1233 2277
1234 2136
1237 2145
1238 2121
1245 1943
1250 1904
1252 2281
1254 2166
1263 2187
1264 2180
1266 2285
1268 2125
1276 2407
1280 2261
1287 2160
1289 2274
1294 2263
1295 2264
1296 2253
1298 2169
1302 2174
1311 2196
1315 2241
1316 1964
1317 2476
1321 2361
1322 2324
1346 2242
1348 2432
1354 2244
1372 2227
1376 2292
1378 2122
1381 2133
1383 2334
1385 2381
1393 2479
1404 2480
1405 2454
1407 2378
1413 2247
1416 2339
1422 2560
1430 2338
1431 2284
1440 2414
1442 2289
1445 2335
1446 2288
1448 2572
1459 2548
1462 2382
1467 2552
1492 2639
1497 2493
1504 2624
1510 2599
1511 2553
1512 2426
1514 2564
1515 2608
1528 2505
1534 2377
1536 2494
1540 2649
1543 2640
1544 2597
1547 2593
1548 2421
1566 2539
1571 2672
1572 2629
1575 2735
1587 2575
1591 2519
1592 2510
1599 2436
1601 2683
1607 2670
1612 2786
1613 2569
1621 2743
1622 2473
1627 2680
1634 2812
1635 2733
1638 2586
1647 2535
1654 2719
1655 2679
1662 2650
1668 2647
1670 2777
1674 2658
1695 2861
1700 2815
1701 2807
1712 2768
1713 2703
1722 2822
1731 2821
1746 2817
1747 2710
1756 2867
1764 2654
1775 2844
1779 2856
1803 2751
1806 2707
1807 2720
1834 2738
1844 2887
1863 2864
1866 2878
1872 2884
1874 2834
1878 2732
1881 2712
1884 2758
1932 2848
