f_0082864.png f_0082912.png
3 1061
10 174
20 2869
31 1005
35 2534
37 2246
43 987
51 13
73 466
82 217
84 2772
87 1682
103 1431
111 451
120 773
130 248
131 298
139 614
142 310
148 1727
151 2762
153 2287
156 1984
171 436
172 1614
178 127
187 93
193 207
201 1484
205 1390
217 2818
231 144
238 198
239 2761
240 2008
257 142
272 919
280 2675
285 766
292 81
295 2921
303 2003
304 871
320 1514
329 1462
346 900
348 112
364 413
372 937
398 558
401 1520
402 2498
432 2002
437 2134
467 202
493 1564
505 2553
513 2903
523 1251
526 2877
527 165
528 2344
531 1954
544 1294
555 1986
569 196
576 2729
602 2549
607 2852
623 1513
625 2817
632 1795
651 768
674 203
685 2574
692 2842
693 2797
711 53
713 869
716 991
731 2243
737 2949
741 2393
746 2497
755 1457
757 21
759 2071
773 2825
779 2586
814 801
820 1274
838 2115
843 734
851 2883
858 1987
900 2406
931 1179
983 715
1006 157
1012 347
1028 507
1036 158
1073 686
1077 54
1095 2812
1097 1724
1099 2094
1106 1556
1112 1076
1130 2836
1146 73
1150 385
1172 1863
1188 1080
1191 2603
1213 2956
1226 932
1247 2922
1268 958
1283 2499
1284 1801
1366 861
1391 1751
1414 1185
1418 1464
1441 2233
1498 417
1511 2049
1547 381
1587 1055
1597 2595
1693 1339
1695 955
1703 2080
1724 2193
1752 911
1779 228
1838 1337
1840 317
1843 896
1869 2038
1873 2274
1920 35
1928 2276
1943 566
1999 654
2019 1926
2022 2618
2044 1866
2071 1138
2109 487
2164 138
2197 2145
2206 2749
2216 531
2224 664
2233 1980
2298 241
2331 2041
2345 2792
2374 714
2375 1534
2385 2653
2435 747
2454 2643
2485 2763
2515 1476
2518 1849
2530 931
2549 2612
2576 938
2579 1495
2580 76
2583 1006
2588 2236
2601 651
2611 2192
2648 548
2657 2270
2713 2359
2720 1930
2731 613
2762 2863
2772 378
2787 1137
2790 2783
2791 2047
2792 2171
2829 1036
2892 2082
2908 352
2933 14
2953 78
2959 2018
2974 1157
