f_0082868.png f_0082928.png
0 709
1 212
4 2062
26 2049
27 943
30 1939
36 2097
40 1020
42 1577
50 658
65 740
70 647
72 41
81 2118
82 299
94 122
98 502
104 1421
112 1853
142 1970
155 1101
156 445
162 1044
171 2104
175 480
184 497
190 1622
196 2351
221 1056
222 908
225 649
226 674
231 1893
235 23
240 2643
241 382
261 97
266 1079
284 1039
294 669
295 1935
307 2086
323 1642
333 1026
335 293
338 415
339 824
367 1806
409 592
411 414
433 657
441 117
454 579
455 858
463 1445
470 1605
473 1638
478 1141
490 935
499 1486
533 2403
542 1012
544 1353
550 874
555 510
570 786
571 410
580 993
595 1531
613 1164
614 852
615 1925
618 2228
621 912
630 1368
644 1260
647 2021
656 1241
670 915
671 2289
674 698
680 407
713 660
726 1108
740 554
759 1314
760 1628
769 1652
813 108
823 1717
825 1319
832 342
847 1382
853 2251
857 1838
873 534
882 1752
890 1899
894 1811
897 1358
908 772
923 1892
959 1177
968 1093
973 1200
974 521
976 816
977 994
1003 609
1007 742
1010 1228
1014 1776
1045 694
1081 1191
1087 1484
1093 2460
1096 1536
1099 719
1107 1634
1109 802
1114 793
1117 341
1119 224
1131 661
1167 596
1179 2139
1191 26
1193 1716
1241 1562
1246 726
1258 1209
1270 942
1284 951
1313 638
1321 730
1324 7
1325 1006
1326 64
1359 1608
1362 1597
1373 1789
1403 391
1424 161
1431 1873
1435 1380
1505 717
1507 1623
1512 1468
1534 1553
1548 1223
1570 570
1573 904
1616 1242
1631 2145
1636 516
1650 282
1672 782
1673 63
1691 663
1696 1522
1706 1667
1718 1493
1719 708
1721 1326
1723 1812
1755 1837
1787 2213
1797 841
1800 21
1812 754
1819 494
1830 687
1842 2057
1851 27
1859 2552
1874 28
1877 1596
1897 1418
1916 1126
1930 1665
1940 1131
1956 1453
1963 1863
1965 693
1986 1728
1988 244
1993 337
1994 851
2033 190
2048 1134
2056 1208
2058 569
2062 1953
2093 692
2102 1507
2103 588
2108 1671
2114 32
2172 550
2191 2014
2201 1088
2211 1643
2248 345
2261 784
2283 923
2290 1169
2299 623
2307 1340
2333 974
2372 310
2382 1722
2386 507
2415 401
2417 1145
2430 2287
2448 1023
2460 1615
2508 1676
2540 873
2542 1885
2548 818
2566 1900
2579 1882
2589 1517
2607 1227
2622 1945
2647 371
2658 2070
2678 168
2679 785
2695 1581
2742 284
2767 247
2780 1330
2785 1633
2793 995
2799 52
2807 768
2832 828
2838 2000
2840 758
2844 605
2854 765
2855 1036
2857 881
2870 989
2882 1896
2893 51
2894 1649
2915 1264
2927 781
2953 678
2960 1448
2974 1176
2984 1566
