f_0082558.png f_0082620.png
1 802
2 1568
5 495
9 914
14 579
17 82
22 454
25 101
27 1075
29 73
30 148
33 699
67 925
72 354
76 25
80 1819
81 383
83 178
93 326
94 9
101 1136
105 1820
108 736
113 390
114 399
118 945
124 865
126 369
129 1884
141 758
145 348
147 155
148 1800
151 1117
157 1337
169 33
170 909
172 726
173 1365
174 1254
175 961
185 440
190 1038
194 283
200 658
204 1655
210 197
223 607
231 226
234 1047
238 1187
239 352
242 1211
243 938
245 496
246 1207
247 34
251 140
257 45
259 525
264 779
273 523
275 1421
278 1024
279 1871
282 1045
284 1615
288 746
292 79
295 1247
299 1542
300 864
302 1729
303 653
307 172
308 858
311 1814
312 985
315 723
316 787
323 1308
339 173
342 1199
344 408
347 4
350 491
351 1346
353 1880
354 262
363 664
371 1385
376 26
381 1699
383 1314
391 744
397 937
405 704
407 717
412 974
414 251
415 820
418 530
419 1596
421 1059
423 1370
426 230
431 1852
440 728
448 1185
452 106
453 923
471 415
483 1824
492 1660
494 1012
497 1731
498 1212
504 651
511 71
514 905
523 1430
525 705
526 1102
529 984
543 330
544 680
551 312
560 1658
562 295
565 449
566 1654
569 991
570 319
572 660
573 1461
574 960
583 1495
586 1286
599 1341
600 207
603 1861
608 428
613 1409
619 573
626 1505
627 1907
634 293
640 1326
644 918
658 578
661 785
672 303
679 1773
682 898
684 845
686 837
687 1061
688 1033
695 198
699 897
704 2
708 1279
709 830
711 401
716 735
717 27
723 767
729 1227
738 697
742 801
748 1377
756 1529
764 461
766 838
773 903
775 117
779 846
780 549
782 1141
783 827
790 883
795 609
799 1082
814 1295
815 647
819 471
822 19
823 617
831 547
837 1416
842 610
843 458
846 1640
848 576
854 507
861 353
865 521
867 23
871 1072
875 211
883 1074
886 783
899 755
900 1277
901 244
902 1100
905 1245
907 1253
910 1396
911 31
915 989
920 63
923 652
924 1398
925 964
927 703
930 452
942 816
947 763
952 1248
953 518
954 1356
957 503
969 850
975 796
996 853
1000 502
1008 405
1019 175
1027 599
1030 1088
1034 572
1035 464
1047 1426
1053 645
1065 22
1068 593
1070 1534
1075 613
1094 1438
1096 969
1098 393
1100 1682
1106 782
1111 1011
1114 1863
1115 745
1119 1297
1121 543
1124 1190
1127 236
1135 1787
1138 1464
1143 1030
1144 469
1145 677
1147 1181
1152 1044
1155 1302
1162 1736
1168 164
1169 797
1170 819
1173 463
1177 951
1182 1043
1190 1175
1191 970
1193 551
1207 885
1208 1296
1216 1019
1217 681
1219 50
1223 1627
1224 425
1227 1130
1229 338
1237 1233
1243 1206
1244 1118
1255 1472
1272 780
1282 520
1285 1535
1288 231
1295 608
1296 768
1301 1092
1302 1544
1303 857
1307 1532
1309 1266
1311 1040
1312 1467
1318 421
1323 1818
1325 912
1328 1101
1329 1350
1338 133
1342 661
1344 840
1345 1274
1354 1096
1356 847
1357 356
1358 1703
1360 292
1376 559
1379 545
1380 1054
1381 394
1382 1451
1383 1575
1384 328
1393 1548
1394 775
1395 1454
1398 506
1399 1180
1400 1585
1403 224
1409 814
1413 413
1415 628
1419 1294
1422 794
1423 1357
1435 432
1436 1683
1443 1105
1448 686
1458 341
1459 1382
1460 250
1466 1848
1469 1408
1471 719
1487 360
1491 811
1493 821
1494 1642
1495 241
1497 333
1507 1400
1508 278
1511 1104
1514 1145
1515 1292
1540 1479
1547 139
1550 16
1551 1633
1555 443
1569 848
1576 200
1589 861
1590 1904
1595 1841
1599 481
1607 564
1608 644
1621 1415
1622 1647
1624 1733
1625 908
1629 806
1630 1453
1631 52
1634 515
1648 426
1649 355
1652 1217
1653 190
1659 225
1660 1524
1661 685
1664 280
1666 998
1669 940
1672 1183
1675 375
1677 1793
1679 1624
1684 773
1685 208
1694 1668
1695 157
1707 1094
1710 191
1714 1493
1715 1572
1717 1639
1719 828
1723 896
1725 842
1726 21
1727 1
1734 1533
1739 748
1744 1570
1746 1619
1748 499
1749 1156
1750 260
1754 919
1759 812
1761 439
1762 126
1765 904
1772 669
1788 170
1789 275
1801 642
1809 921
1814 526
1815 731
1816 1299
1824 916
1828 606
1829 1036
1832 1468
1839 881
1848 422
1849 489
1852 1172
1854 479
1855 979
1857 1652
1858 403
1859 1484
1865 380
1871 1264
1872 1836
1884 445
1896 1804
1898 1374
1907 1031
1908 952
1913 1728
1918 1862
1925 843
1928 453
1932 510
1933 702
1941 565
1943 1139
1947 930
1951 1376
1964 631
1969 1507
1970 1784
1977 488
1978 1739
1984 1898
1989 1525
2002 692
2007 701
2009 1140
2011 55
2023 1080
2026 612
2028 1626
2030 235
2035 1634
2036 971
2037 1159
2044 1516
2059 1688
2061 1309
2069 825
2079 487
2080 1099
2087 932
2088 1651
2094 286
2099 1166
2106 920
2109 456
2119 927
2129 833
2132 1014
2133 1586
2139 395
2142 467
2143 68
2144 1268
2146 924
2147 1084
2156 400
2162 1558
2171 1307
2191 902
2195 1265
2199 475
2200 1466
2210 765
2213 534
2215 1630
2216 1246
2231 983
2239 1188
2253 351
2259 418
2269 1001
2273 1632
2278 910
2281 584
2287 1298
2289 122
2291 54
2293 659
2294 17
2299 1523
2304 1329
2315 1527
2316 535
2323 770
2324 555
2326 1919
2332 959
2333 708
2349 53
2350 670
2353 1840
2369 1598
2370 392
2375 988
2379 1193
2380 194
2382 556
2384 965
2388 640
2392 455
2394 1417
2397 784
2402 1142
2403 1510
2404 1243
2430 831
2436 875
2452 1397
2454 417
2456 468
2463 304
2472 1169
2478 893
2479 537
2483 532
2488 931
2492 597
2493 943
2495 684
2499 29
2504 1628
2525 956
2542 1705
2544 666
2554 1358
2556 689
2558 1157
2560 583
2567 1432
2606 834
2613 339
2618 1256
2624 813
2639 1780
2640 695
2650 1278
2651 604
2664 1273
2665 1221
2677 1578
2680 1661
2681 64
2686 627
2696 592
2699 1636
2705 800
2706 1602
2716 1077
2720 267
2723 1005
2729 1835
2735 1593
2739 517
2746 438
2747 1146
2748 357
2752 1700
2755 1402
2759 284
2764 809
2767 953
2771 1066
2774 623
2782 305
2783 349
2784 601
2793 1589
2819 1237
2821 911
2822 1681
2829 316
2836 1697
2840 1389
2848 996
2849 869
2853 590
2856 377
2857 1702
2862 594
2867 291
2868 279
2869 1108
2876 1481
2879 1458
2881 187
2888 756
2900 1872
2901 509
2904 1184
2909 1707
2912 1528
2913 743
2917 397
2921 1027
2922 900
2924 1587
2926 1817
2937 591
2945 1608
2948 1220
2949 1424
2952 1034
2954 1165
2965 1147
2968 922
2974 1135
2978 654
2980 707
2984 926
2987 750
2990 1007
2991 1305
2992 181
2999 1375
