f_0082452.png f_0082642.png
243 0
260 16
283 4
301 13
309 47
328 58
331 127
343 40
348 24
366 9
385 54
403 80
447 72
451 121
456 115
476 141
486 176
495 154
498 140
500 174
506 175
511 136
517 144
537 122
566 161
574 168
600 207
630 206
646 219
656 231
670 238
684 210
696 237
705 259
709 213
711 224
724 386
727 256
728 271
751 262
769 303
781 295
785 299
792 306
793 287
800 302
803 377
812 331
814 323
816 313
825 351
832 358
833 355
834 334
839 321
840 353
844 359
849 324
851 375
855 363
858 362
865 402
871 350
880 364
891 428
892 357
902 457
911 468
920 390
924 391
927 478
933 496
940 429
950 483
954 531
960 411
972 529
974 564
975 425
977 477
984 439
989 423
994 590
999 576
1001 579
1004 631
1014 466
1017 630
1026 460
1028 537
1030 559
1031 644
1036 511
1037 492
1038 606
1040 482
1050 643
1051 486
1054 506
1055 526
1059 596
1061 514
1067 502
1071 668
1075 545
1077 602
1081 708
1087 583
1089 555
1095 601
1108 710
1121 738
1130 566
1131 640
1132 684
1133 581
1137 568
1138 553
1140 793
1142 618
1144 586
1149 683
1158 692
1180 620
1186 806
1187 670
1196 619
1198 615
1199 829
1202 666
1203 845
1208 657
1210 810
1215 629
1217 654
1223 645
1228 721
1229 880
1231 608
1235 861
1243 689
1244 675
1247 702
1251 653
1257 681
1279 776
1281 688
1292 926
1293 869
1294 961
1297 704
1301 720
1306 703
1310 977
1319 746
1325 860
1329 899
1330 815
1349 758
1351 754
1355 859
1362 773
1369 1219
1375 772
1382 954
1383 870
1389 921
1394 874
1395 1085
1400 990
1402 1117
1403 1113
1406 840
1407 837
1414 905
1416 825
1422 830
1423 781
1426 1007
1430 1183
1434 1155
1447 856
1449 1135
1456 949
1460 1200
1462 1020
1465 824
1476 970
1479 1273
1480 897
1487 929
1504 937
1512 1138
1513 983
1516 1012
1517 907
1518 986
1520 1351
1523 1266
1524 1267
1527 902
1528 933
1532 1248
1542 1092
1550 1230
1551 1284
1553 1153
1555 896
1559 1268
1564 1067
1568 1350
1577 1298
1578 1019
1584 1353
1598 1089
1609 1399
1616 1372
1622 1446
1624 1234
1626 1081
1628 1427
1629 1111
1632 1291
1637 1044
1639 1381
1641 1490
1650 1197
1657 1493
1658 1509
1659 1466
1664 1077
1665 1290
1668 1499
1669 1179
1677 1161
1680 1494
1693 1160
1700 1149
1704 1385
1716 1588
1728 1549
1739 1437
1744 1281
1761 1582
1785 1453
1788 1535
1791 1578
1815 1365
1819 1602
1823 1470
1825 1590
1839 1564
1841 1432
1849 1583
1859 1729
1869 1656
1876 1728
1879 1652
1912 1649
1936 1654
1943 1723
1955 1776
