f_0082412.png f_0082620.png
15 12
43 63
46 70
58 116
60 94
74 88
119 135
174 167
175 163
187 185
212 176
227 203
239 192
262 212
276 214
288 245
356 312
365 277
394 301
401 272
406 328
409 287
422 323
429 360
457 303
469 321
485 320
486 384
490 383
497 276
502 400
509 398
516 341
525 361
603 473
615 427
620 380
621 421
625 418
630 417
639 416
643 415
736 536
768 425
780 518
793 509
817 469
818 552
875 484
900 527
947 674
982 613
985 744
1023 610
1039 747
1051 573
1053 581
1090 683
1099 654
1131 704
1169 720
1172 721
1200 738
1250 779
1266 786
1300 686
1306 826
1339 880
1360 737
1379 833
1401 713
1404 951
1414 923
1460 776
1495 812
1559 950
1564 864
1644 980
1707 902
1725 1008
1735 1021
1758 1096
1832 1044
1857 1148
1896 1125
1897 1191
1927 1069
1967 1174
1979 1233
2013 1127
2093 1035
2117 1159
2120 1156
2134 1221
2151 1196
2171 1243
2205 1278
2243 1356
2251 1535
2309 1132
2348 1250
2350 1515
2436 1439
2449 1446
2450 1275
2461 1297
2470 1436
2501 1295
2508 1903
2515 1443
2525 1714
2539 1464
2542 1392
2543 1438
2563 1385
2620 1560
2644 1861
2649 1499
2659 1473
2677 1466
2692 1660
2702 1507
2731 1616
2733 1640
2736 1724
