f_0082918.png f_0082968.png
132 225
136 2063
161 1616
210 545
219 272
264 652
268 993
310 290
366 1612
451 140
474 1041
568 1318
587 2001
627 1722
635 1272
681 374
727 1349
870 1624
882 270
883 288
938 2048
944 1611
954 1054
998 858
1036 1899
1085 1356
1095 280
1174 1838
1210 2302
1269 1623
1339 1713
1385 1695
1420 743
1437 979
1451 1460
1494 1599
1513 2019
1627 1138
1681 1268
1684 1512
1738 1625
1791 1736
1812 1218
1894 2211
1946 1146
2000 740
2003 1439
2033 1891
2102 248
2166 1043
2169 1489
2213 278
2300 251
2341 1789
2351 316
2493 1295
2535 1164
2658 1064
2814 2147
2837 1994
2853 2115
2985 1190
2992 241
