f_0064722.png f_0064886.png
21 65
38 63
50 12
65 141
66 81
75 183
107 273
123 170
128 61
130 241
131 105
147 17
158 56
160 67
164 25
174 57
192 115
221 9
227 8
229 91
237 27
242 221
245 82
253 10
271 302
272 386
277 11
288 46
289 59
295 102
308 203
319 466
325 222
327 317
332 83
333 43
336 78
337 38
345 73
348 175
352 322
357 223
359 335
362 79
364 243
366 32
368 118
369 50
374 251
378 162
381 217
382 106
384 461
385 224
386 161
387 146
398 136
409 111
410 376
417 177
419 486
421 263
428 275
431 208
432 395
433 381
435 358
438 387
446 328
447 179
448 156
449 541
453 496
455 351
457 197
464 168
466 366
467 357
468 325
470 204
472 289
475 377
479 332
485 212
488 201
499 164
502 97
505 245
506 228
511 416
520 437
521 429
523 107
530 240
532 538
539 340
542 301
543 271
545 577
546 579
547 307
552 304
557 239
559 567
563 261
565 341
569 135
580 518
582 323
584 333
586 312
589 214
592 336
596 615
605 375
607 680
609 367
613 348
620 424
622 352
624 512
639 443
640 404
647 721
657 418
666 382
667 400
672 444
675 625
678 472
680 338
681 545
682 452
683 453
684 409
686 506
690 482
706 637
707 620
708 485
709 464
714 380
716 401
718 649
720 552
721 477
725 383
728 851
729 475
730 456
731 361
732 398
736 402
738 508
742 487
743 739
745 654
751 498
752 500
756 760
757 503
758 495
760 419
767 651
772 553
774 554
779 707
781 509
786 460
792 492
793 519
794 491
795 899
797 516
799 533
811 540
812 438
815 426
822 469
825 575
830 612
831 528
832 895
834 753
841 501
845 673
847 544
848 457
851 613
852 548
861 909
874 631
875 618
881 609
887 780
888 632
891 682
892 604
893 596
903 841
904 692
905 666
907 656
908 521
910 952
912 990
913 987
914 775
915 580
917 717
922 653
923 628
924 863
925 670
929 597
934 703
935 678
936 598
938 599
939 493
941 718
942 619
945 642
946 789
947 710
949 797
951 711
953 732
954 727
955 737
956 719
958 584
961 700
964 781
969 750
973 794
974 756
979 605
980 842
982 695
983 643
985 799
987 830
989 744
1001 630
1002 1009
1003 705
1007 767
1008 662
1009 635
1012 838
1014 779
1017 880
1021 1034
1024 790
1032 922
1034 770
1035 769
1040 1040
1051 715
1053 881
1064 1100
1072 900
1076 868
1077 1101
1083 865
1086 758
1099 905
1101 776
1102 1199
1106 855
1112 825
1116 1017
1117 959
1118 942
1120 944
1121 837
1127 850
1132 923
1135 1011
1143 950
1144 928
1145 679
1146 1219
1149 1187
1152 898
1155 994
1158 890
1170 945
1171 924
1172 1251
1176 869
1177 820
1178 1154
1179 965
1183 1177
1185 1018
1192 1102
1193 957
1194 1156
1200 1002
1203 996
1204 903
1215 874
1216 1221
1217 1136
1219 1227
1229 1277
1230 1033
1233 969
1237 859
1242 906
1245 1245
1251 1112
1258 1295
1262 1166
1264 1157
1265 1142
1272 940
1285 1094
1286 970
1293 1175
1295 1173
1298 1162
1300 979
1301 1431
1306 1105
1309 1243
1310 975
1313 1167
1316 1083
1322 1010
1323 1428
1329 1209
1332 1000
1334 1287
1335 1246
1336 1114
1337 1127
1342 982
1344 1419
1348 1020
1351 1453
1353 1085
1354 1028
1360 1192
1361 1111
1362 1544
1363 1463
1368 1190
1370 1084
1376 1477
1377 1434
1379 1115
1380 1462
1382 1151
1386 1202
1388 1055
1390 1383
1391 1138
1399 1297
1400 1291
1401 1288
1403 1093
1405 1447
1412 1258
1413 1170
1422 1036
1423 1465
1424 1335
1425 1268
1427 1163
1431 1311
1432 1272
1433 1107
1436 1539
1442 1065
1443 1466
1444 1279
1445 1159
1447 1131
1451 1168
1453 1407
1457 1160
1459 1513
1465 1491
1468 1124
1474 1377
1475 1351
1476 1204
1478 1356
1482 1140
1483 1376
1484 1232
1488 1387
1490 1266
1491 1233
1494 1409
1495 1352
1497 1388
1500 1459
1509 1667
1510 1372
1511 1402
1513 1185
1521 1410
1522 1239
1524 1389
1528 1259
1530 1128
1537 1411
1541 1557
1543 1438
1544 1346
1545 1298
1546 1607
1548 1481
1549 1476
1552 1437
1553 1275
1561 1467
1562 1444
1563 1445
1565 1370
1567 1640
1574 1524
1578 1341
1583 1313
1588 1521
1593 1488
1597 1468
1598 1460
1599 1286
1600 1627
1606 1325
1607 1347
1608 1231
1609 1613
1612 1580
1614 1337
1615 1522
1617 1366
1622 1677
1625 1542
1626 1307
1627 1684
1628 1618
1629 1509
1631 1532
1633 1508
1640 1702
1641 1678
1643 1403
1645 1681
1646 1493
1652 1549
1653 1367
1659 1558
1663 1536
1675 1729
1676 1710
1677 1395
1680 1725
1681 1738
1687 1379
1689 1568
1691 1592
1692 1426
1698 1605
1699 1609
1702 1436
1706 1595
1711 1417
1712 1748
1713 1619
1714 1598
1718 1506
1725 1739
1727 1470
1728 1323
1732 1604
1745 1464
1756 1796
1759 1570
1762 1643
1773 1818
1776 1510
1777 1495
1796 1740
1799 1571
1809 1397
1814 1789
1815 1676
1816 1606
1818 1825
1823 1849
1825 1707
1827 1636
1834 1584
1835 1844
1838 1696
1841 1883
1844 1706
1847 1903
1848 1754
1849 1593
1851 1860
1855 1840
1856 1875
1859 1797
1860 1727
1870 1750
1871 1625
1873 1884
1879 1865
1880 1776
1881 1703
1882 1685
1885 1916
1886 1689
1888 1519
1891 1907
1892 1653
1895 1824
1898 1899
1900 1854
1901 1757
1905 1828
1909 1829
1912 1946
1914 1716
1915 1785
1921 1913
1923 1910
1927 1926
1931 1923
1938 1773
1940 1943
1941 1914
1952 1867
1953 1538
1961 1769
1964 1964
1966 1855
1967 1857
1969 1957
1970 1672
1973 1872
1978 1816
1985 2007
1996 1904
1998 1893
2006 2026
2008 1961
2009 1617
2017 1933
2023 1986
2025 1657
2027 1630
2040 1944
2047 1939
2048 2033
2051 1978
2055 1954
2060 1934
2061 2094
2066 2039
2067 1911
2074 1979
2076 2095
2077 2075
2078 1967
2085 2011
2086 1969
2087 1965
2089 1683
2093 1996
2094 1935
2099 2021
2102 2164
2105 1995
2112 2046
2131 1981
2132 2053
2133 2022
2136 2170
2139 2051
2141 2137
2142 2059
2144 2015
2145 2025
2147 1941

f_0064636.png f_0064962.png
6 338
10 636
13 223
43 485
55 628
74 428
75 603
86 278
100 876
102 965
112 397
117 914
122 862
128 1106
129 1214
132 410
133 525
136 882
145 1027
146 1075
150 747
158 1019
162 1131
189 741
198 935
200 1184
208 1130
221 516
230 288
236 571
244 703
263 167
264 579
282 861
284 371
288 973
289 630
294 790
310 841
315 599
316 665
324 460
328 456
333 1188
337 753
339 938
358 399
363 850
366 694
376 1217
378 271
380 474
381 450
384 931
402 829
408 1282
425 1113
429 446
450 464
451 508
455 837
458 490
459 640
470 930
473 1260
476 577
483 306
489 518
490 634
499 501
501 622
503 1278
506 1249
508 1105
510 562
511 586
522 1343
524 929
525 1273
529 556
530 614
536 542
538 606
539 674
540 1121
542 581
560 503
561 510
568 891
575 1295
583 1436
587 565
592 676
594 1414
601 688
607 717
610 560
612 1465
618 535
622 1151
626 1243
632 398
639 1374
647 928
648 672
657 1510
660 1408
662 950
669 609
681 1150
684 651
685 962
694 514
695 766
699 795
703 267
707 971
708 1354
719 1247
721 811
723 949
727 1163
729 1438
733 1165
737 580
738 668
744 1183
751 1355
752 1378
754 1507
760 1252
762 1299
764 1407
772 1449
776 1424
777 1445
779 1011
780 1331
782 952
788 1212
795 1187
798 585
802 1532
805 848
829 1387
835 1418
844 644
849 608
853 1047
858 1349
859 1311
863 1589
868 684
878 1004
879 1389
881 1406
886 710
889 1286
891 994
892 1221
899 845
913 1263
914 1306
916 1368
918 1486
928 1014
931 808
932 1237
934 1364
940 667
941 1437
942 1463
950 1669
951 1685
952 590
956 1353
959 859
960 1383
962 1194
969 1554
975 1615
980 968
981 1065
982 1211
984 1954
986 678
987 716
990 1382
992 1850
1002 1342
1008 620
1009 1294
1014 1565
1015 755
1021 607
1023 1597
1033 654
1036 1321
1037 1884
1039 724
1041 922
1045 1531
1051 945
1052 1619
1057 1488
1064 1400
1067 745
1068 1710
1074 1129
1076 1941
1083 719
1093 1139
1096 1596
1101 612
1102 759
1111 1457
1112 1781
1119 548
1123 778
1126 1448
1132 1103
1133 1405
1134 1435
1135 715
1137 1006
1138 1679
1144 758
1149 798
1150 934
1151 1614
1153 1667
1160 1638
1162 739
1163 1138
1165 1588
1174 1572
1175 1602
1180 1146
1181 1472
1183 2004
1184 660
1186 1399
1187 1632
1189 1057
1191 1613
1193 1780
1195 776
1196 967
1198 1893
1199 1137
1200 1845
1202 632
1204 1128
1205 2030
1209 1069
1211 1098
1215 1394
1216 1573
1217 1828
1218 1870
1221 1064
1225 1708
1227 686
1229 1869
1233 1032
1234 611
1235 806
1236 1992
1238 916
1240 1739
1244 1766
1247 857
1248 954
1251 738
1254 980
1258 1177
1260 1899
1267 1497
1271 1013
1273 1055
1274 1056
1284 1939
1287 909
1290 1874
1292 663
1295 823
1297 1411
1298 1606
1299 1797
1300 2069
1304 1536
1305 1647
1306 1678
1311 1377
1312 1553
1315 730
1320 1646
1323 1796
1326 488
1327 1524
1329 2047
1333 616
1354 1193
1357 1838
1360 1666
1366 993
1367 1530
1373 1275
1374 1716
1375 1868
1382 1715
1385 920
1387 1562
1388 1856
1393 783
1395 1195
1396 1684
1397 1788
1403 1297
1405 1624
1406 1755
1410 1945
1415 812
1420 944
1421 1991
1427 1795
1436 1827
1437 1863
1440 943
1449 1979
1450 2126
1452 957
1453 1849
1455 1730
1458 1888
1459 2033
1468 1541
1477 1145
1478 1905
1483 883
1485 1216
1489 1779
1490 1934
1491 1937
1494 1508
1497 1944
1502 1836
1509 1958
1513 1706
1522 1682
1524 925
1531 1698
1535 835
1545 947
1546 1208
1548 2133
1552 1136
1555 1637
1559 1474
1560 1548
1561 1642
1564 1848
1565 2057
1566 2068
1573 1328
1575 1092
1576 1677
1584 1807
1587 2009
1588 2044
1589 2144
1591 1583
1596 1977
1597 966
1600 1953
1601 1957
1602 2183
1606 1778
1610 1360
1617 1697
1618 1749
1619 1887
1623 1956
1625 1134
1628 2215
1630 1226
1634 1009
1637 763
1638 1882
1639 1952
1648 1770
1651 1041
1652 1627
1658 1558
1660 1819
1661 2063
1665 1859
1669 1254
1673 1695
1674 1976
1678 1352
1687 1743
1688 1881
1693 1327
1694 1794
1697 1623
1699 2333
1700 1451
1701 1595
1703 1866
1704 1908
1707 1691
1708 1847
1711 2158
1715 1742
1720 2196
1722 1818
1723 1873
1724 1943
1731 1681
1732 1764
1734 1594
1737 2024
1740 2195
1743 2295
1746 1825
1750 2046
1756 2051
1759 2388
1765 1305
1767 1792
1772 1676
1773 1880
1779 1892
1781 2387
1784 1714
1786 782
1787 2074
1789 1222
1790 1753
1791 1972
1802 992
1808 1903
1812 1975
1813 1096
1816 1533
1818 1366
1820 1763
1824 1961
1826 2138
1830 2131
1831 2149
1835 1896
1837 2124
1839 2101
1843 2182
1853 1705
1856 2059
1863 1381
1872 1990
1873 2170
1874 2402
1892 2157
1899 1309
1903 2008
1904 2123
1909 2108
1911 2308
1914 1240
1917 2077
1919 1503
1920 1636
1928 2099
1931 2204
1935 1304
1942 2417
1945 1769
1947 2401
1952 2202
1958 2236
1961 1482
1993 2226
1997 1694
1999 1747
2009 1951
2010 2090
2011 1303
2026 1701
2032 2279
2048 2214
2049 787
2057 2232
2064 2151
2065 2160
2073 1842
2074 1950
2081 1785
2084 1502
2086 1741
2095 2080
2101 1733
2106 2240
2108 2269
2110 2066
2123 2414
2125 1477
2134 2384
2135 2273
2144 2189
2154 1805
2156 2370
2174 2381
2178 2137
2179 1124
2186 1579
2187 2058
2188 1094
2193 1341
2194 1544
2210 2136
2218 2301
2220 1423
2223 834
2238 2086
2244 1912
2245 2231
2247 2311
2259 2209
2262 956
2264 1233
2266 2374
2278 1546
2288 1989
2289 2178
2292 2396
2298 1864
2307 2413
2309 2310
2313 2056
2320 2032
2321 2213
2325 1751
2346 1471
2349 2366
2365 2062
2372 2201
2399 1920
2401 1768
2404 1984
2405 2089
2426 2148
2434 1723
2436 2225
2459 1511
2473 1543
2476 1350
2482 2348
2484 2129
2512 2290
2515 2369
2528 1994
2559 1283
2582 2326
2591 2345
2593 1811
2602 2194
2605 1713
2615 2289
2618 2271
2647 2224
2655 1568
2672 2341
2673 2394
2676 1397
2677 1443
2678 1997
2679 2389
2693 2393
2701 1931
2716 2399
2730 1481
2731 1446

f_0064556.png f_0064962.png
123 25
307 81
382 818
405 259
406 748
436 712
459 222
463 315
484 235
495 214
520 395
557 181
573 229
600 711
610 731
651 266
679 892
683 75
698 914
704 86
705 296
708 965
711 258
728 195
738 974
747 150
749 160
773 294
777 964
778 1106
789 284
792 172
821 393
831 251
848 799
861 223
863 355
871 293
878 428
881 1189
882 205
884 218
885 354
886 525
891 397
904 353
914 352
924 410
933 1370
936 904
951 666
953 380
981 1204
984 331
991 1652
1002 602
1025 415
1037 1256
1054 409
1058 452
1079 433
1094 1295
1098 707
1103 1329
1109 442
1120 746
1134 426
1141 475
1142 635
1149 801
1164 1388
1167 587
1170 1465
1189 826
1218 474
1222 1442
1224 72
1225 640
1231 816
1239 1012
1247 634
1250 670
1258 1663
1262 391
1263 891
1269 271
1291 1449
1300 549
1304 187
1305 679
1319 446
1323 1445
1332 490
1334 622
1335 639
1358 539
1364 1551
1365 606
1370 825
1376 581
1378 1673
1383 501
1387 962
1393 717
1398 436
1402 224
1410 576
1424 575
1427 1489
1428 542
1432 510
1437 721
1445 566
1446 1026
1458 1517
1460 306
1464 565
1476 1485
1484 811
1486 903
1487 1616
1502 2045
1504 311
1507 1775
1517 1238
1524 952
1527 1727
1533 1237
1536 1793
1543 533
1547 1364
1571 995
1572 1710
1579 1651
1589 357
1601 2030
1602 618
1606 580
1607 1610
1616 1194
1618 2145
1626 1893
1642 1813
1645 1342
1653 2012
1666 1210
1672 1400
1673 1828
1676 927
1693 483
1701 1687
1713 986
1715 1179
1726 1246
1735 605
1736 1065
1746 1874
1750 479
1759 1973
1765 1421
1813 1606
1816 649
1843 1914
1849 513
1851 1601
1867 1497
1873 961
1877 1147
1880 1744
1895 1715
1896 2033
1914 1644
1916 2026
1922 2325
1927 1888
1928 2125
1930 186
1932 1774
1934 745
1937 1827
1942 1883
1948 1944
1957 2183
1963 654
1964 701
1966 1177
1972 2228
1974 1069
1983 871
1985 2215
1989 844
1993 723
1994 798
1995 836
2021 1031
2025 1056
2030 221
2034 1055
2036 916
2042 954
2043 980
2044 1013
2049 1228
2052 715
2059 771
2070 1957
2072 776
2079 1720
2089 2142
2097 1677
2101 1195
2103 1637
2130 454
2140 1749
2155 958
2185 2357
2186 2382
2197 1819
2201 1159
2215 2024
2223 993
2224 1285
2226 1794
2233 1743
2249 2131
2280 1999
2289 976
2290 1054
2354 1235
2359 714
2365 1025
2383 1753
2394 1092
2395 2355
2396 2385
2399 1971
2400 1990
2416 985
2417 1134
2439 1451
2447 1352
2457 1835
2468 1902
2479 2390
2480 1041
2486 412
2488 2008
2491 1001
2493 486
2535 2214
2562 1244
2571 2252
2585 1280
2599 559
2610 1168
2611 1339
2612 1459
2639 1478
2641 997
2644 1951
2648 505
2654 650
2683 1062
2688 699
2694 953
2700 1503
2710 689
2731 1842
2733 1346
2734 1785
2760 1701
2764 1801
2778 1332
2780 1949
2798 1816
2808 1070
2815 820
2829 1782
2832 1895
2845 873
2849 2213
2855 1502
2864 1095
2871 856
2874 1198

f_0064556.png f_0064886.png
1053 18
1154 113
1172 11
1177 137
1180 140
1190 14
1191 50
1196 10
1252 74
1256 97
1279 45
1314 46
1329 78
1351 73
1352 111
1427 133
1449 126
1457 214
1477 185
1487 198
1507 240
1535 279
1537 280
1541 285
1551 267
1572 276
1574 245
1578 266
1579 229
1601 431
1604 3
1609 338
1612 304
1617 244
1655 22
1672 265
1673 368
1701 337
1741 336
1746 405
1766 359
1769 114
1773 469
1775 203
1792 124
1793 308
1799 93
1809 341
1814 404
1863 434
1875 492
1880 475
1883 424
1895 477
1927 509
1932 489
1935 319
1937 498
1942 503
1948 540
1953 436
1962 573
1964 296
1968 357
1972 600
1975 484
1985 597
1987 583
1994 335
1995 339
2015 374
2016 362
2021 389
2022 628
2033 372
2036 381
2042 387
2053 479
2066 269
2071 720
2079 612
2080 642
2084 294
2101 429
2103 553
2107 511
2126 705
2139 602
2146 608
2149 467
2165 704
2173 531
2183 551
2185 774
2198 691
2206 649
2215 711
2225 686
2238 607
2240 710
2250 850
2259 446
2263 737
2266 732
2280 757
2284 735
2287 588
2292 439
2296 790
2297 626
2299 855
2306 755
2314 415
2326 750
2337 958
2348 781
2349 815
2350 816
2355 817
2357 898
2359 474
2376 748
2382 689
2384 802
2386 868
2388 989
2390 746
2394 663
2399 830
2420 881
2421 537
2424 997
2444 601
2463 1028
2468 861
2471 928
2472 969
2476 543
2488 893
2517 879
2519 935
2522 610
2523 812
2535 950
2539 567
2549 984
2552 765
2556 1015
2560 1014
2565 1116
2571 955
2586 1055
2589 1045
2614 680
2619 740
2632 1075
2635 577
2637 578
2640 1084
2643 853
2646 1005
2652 953
2672 1097
2673 1131
2679 867
2680 1027
2686 1052
2700 954
2705 959
2716 848
2717 1068
2725 1181
2761 1170
2764 1143
2772 994
2775 909
2782 1016
2786 884
2792 852
2794 1255
2796 1025
2802 1176
2811 1215
2819 1134
2839 999
2846 1167
2847 1203
2857 1196
2861 1017
2866 1148
2868 1192
2869 1266
2879 1089

f_0064886.png f_0064962.png
7 1155
11 1510
13 1026
16 560
21 1323
26 1051
41 1331
46 1354
50 1639
55 796
56 824
72 1407
73 1445
76 1011
81 459
85 1507
95 1047
97 1759
107 1840
110 1369
112 1552
117 1349
119 1550
120 1589
122 1551
126 1403
127 1418
129 1661
133 1489
136 1406
139 2017
142 592
146 1337
151 1071
156 1545
157 2087
159 597
162 1373
163 1396
165 1673
177 1310
195 1517
196 1929
197 1525
198 1564
201 1549
202 1616
213 1660
215 1363
217 1120
221 646
224 1099
226 468
227 590
228 1506
229 1565
230 683
232 472
238 1625
239 1728
243 945
245 1480
251 1119
252 1342
262 322
266 1619
270 654
271 1633
274 678
276 1710
277 1717
280 1793
283 1610
284 1839
285 1941
287 1531
288 2010
289 1179
296 719
300 1453
301 1596
303 743
305 1651
307 1457
308 1405
316 758
322 815
323 1560
325 1138
330 1472
332 1146
333 1602
334 1875
335 778
336 1607
337 1632
340 1394
341 1399
345 1137
347 1709
348 1746
351 1128
352 1871
358 1098
359 1538
362 858
363 1798
364 806
366 1069
367 1572
368 1820
369 2000
370 1845
373 1064
374 857
376 895
377 1046
380 2115
385 1700
386 616
387 954
389 1013
390 1031
391 1828
392 1056
396 1939
398 2096
399 1536
400 1899
401 2034
404 1643
405 1874
409 2012
414 2243
415 480
418 1678
421 632
428 454
430 1964
444 1644
445 2069
447 422
448 738
451 1444
452 1646
454 1078
455 1468
459 1914
464 1803
469 2193
470 783
471 1487
475 1788
477 1715
481 1159
483 812
484 1624
487 1856
489 1774
491 2135
492 1991
493 2318
495 1867
498 1827
499 1145
500 1849
505 1297
507 1508
508 1730
509 1888
516 2033
518 1176
522 925
523 1002
525 2125
528 2026
532 1496
535 2260
537 737
538 913
545 1328
548 2057
552 1430
554 1698
557 947
559 959
562 1474
563 1116
564 2133
570 1855
572 1928
574 2025
575 1909
576 2009
577 752
580 2183
583 2044
584 2233
587 1583
590 1041
591 1010
594 1548
596 2094
599 2228
604 2063
609 1977
613 1807
614 1953
616 1523
619 2215
621 1558
627 2020
628 2154
631 1952
634 1882
638 1794
642 2153
643 2333
645 1695
650 1376
653 2043
655 1623
656 1976
658 1416
659 1594
660 1595
665 1819
666 1908
667 1742
669 1691
673 1556
674 2082
691 1986
699 1629
700 2060
701 2259
704 2141
705 2219
708 1764
711 2024
712 2046
717 1825
723 1450
724 1676
726 1806
727 1943
730 2158
737 2003
740 1381
749 1792
750 1936
756 1972
757 1999
758 2386
760 1074
762 1599
763 2074
765 1303
770 2258
775 1656
782 2218
785 1640
789 1879
791 2118
792 2182
793 1702
798 1975
799 1980
801 1654
815 2023
817 2170
821 1392
825 2402
827 1083
828 1559
829 1834
830 1971
833 1675
840 1569
841 1580
842 1769
844 1902
845 2109
846 2203
851 978
853 1612
855 2308
857 1132
865 2217
868 2168
873 2099
879 1694
881 2077
897 2287
922 1842
923 2242
928 2226
929 2279
938 1816
939 1785
944 2107
945 2306
948 866
949 1805
950 2214
955 2252
956 2327
964 1076
965 2286
968 1949
980 2007
988 2175
995 2269
1002 2256
1008 2189
1009 1326
1011 1756
1022 1948
1026 1942
1029 2381
1032 2079
1042 1912
1044 1170
1059 1989
1080 1115
1082 2086
1091 2032
1094 2352
1099 1314
1103 2209
1109 1933
1113 2311
1120 2413
1134 2181
1135 1539
1136 2062
1144 2213
1150 1686
1153 1471
1156 1920
1166 2089
1167 2310
1173 2201
1184 2022
1188 1772
1190 2292
1192 2366
1200 2036
1207 1872
1208 2092
1220 1713
1221 1841
1227 1901
1250 1225
1257 2084
1262 2001
1291 2290
1302 2179
1311 2348
1316 1926
1333 1997
1336 2369
1339 1655
1340 2265
1355 2015
1363 2156
1373 1878
1376 2326
1377 2380
1383 2155
1384 2271
1387 2411
1391 2198
1392 2289
1393 2395
1410 2412
1428 1809
1431 1740
1434 1969
1435 2161
1447 2055
1465 2083
1472 2394
1480 2244
1481 2393
1484 2365
1491 2048
1498 1931
1520 2150
1521 2399
1547 2143
1557 2235
1578 2200
1586 2379
1590 1996
1607 2146
1614 2363
1621 2351
1796 2264
1815 2407
1817 2184
1818 2288
1822 2331
1825 2350
1839 2336
1863 2278
1946 2377
2004 2405

f_0064636.png f_0064886.png
632 4
651 14
653 3
655 7
659 9
660 10
673 54
675 20
676 21
695 61
719 30
720 41
734 59
741 45
758 48
761 58
764 72
776 73
777 78
779 82
780 77
801 83
802 79
805 115
810 142
821 154
829 96
833 124
848 167
863 106
874 117
875 60
879 143
881 136
892 125
904 242
917 162
934 176
942 179
943 197
948 190
949 177
952 121
954 230
960 209
962 192
968 194
975 225
976 153
984 214
990 215
992 218
1002 208
1008 158
1018 245
1019 266
1021 206
1022 244
1029 248
1036 252
1046 283
1058 267
1064 253
1066 241
1068 276
1069 279
1070 280
1077 292
1096 301
1097 285
1098 220
1104 299
1111 300
1112 320
1115 246
1116 296
1119 233
1120 235
1133 308
1135 269
1138 312
1142 323
1143 315
1145 310
1148 302
1149 335
1157 362
1160 342
1161 331
1162 294
1163 325
1165 336
1168 303
1175 333
1179 365
1181 330
1182 352
1186 341
1187 337
1193 348
1200 360
1204 345
1209 366
1213 351
1217 368
1221 373
1229 370
1244 382
1248 387
1259 391
1260 396
1269 398
1270 326
1272 389
1273 390
1274 392
1277 400
1288 409
1298 404
1299 411
1300 401
1306 418
1312 424
1315 350
1320 434
1333 415
1344 445
1350 436
1359 452
1360 453
1366 435
1378 428
1380 443
1382 477
1385 410
1387 472
1390 442
1393 394
1395 429
1397 475
1405 484
1406 489
1414 403
1419 490
1420 433
1421 492
1428 478
1431 461
1434 467
1436 498
1437 495
1439 501
1444 521
1453 503
1458 509
1459 516
1464 519
1469 520
1471 486
1475 449
1483 440
1502 533
1506 537
1507 470
1516 548
1517 502
1523 534
1530 531
1531 554
1539 517
1544 556
1548 564
1549 558
1556 543
1559 603
1561 553
1564 570
1573 545
1574 523
1578 580
1583 589
1587 576
1588 604
1590 600
1597 530
1623 618
1633 628
1641 627
1649 632
1655 591
1657 593
1663 663
1665 666
1674 656
1679 641
1691 675
1695 665
1701 655
1709 678
1711 693
1719 691
1721 714
1726 673
1737 711
1738 719
1746 717
1749 710
1750 712
1751 713
1752 633
1756 728
1757 705
1769 741
1772 724
1773 735
1780 738
1781 776
1787 759
1790 748
1791 756
1798 750
1804 763
1808 794
1820 746
1821 757
1822 790
1824 798
1829 766
1830 779
1835 803
1839 791
1846 815
1848 837
1853 813
1854 789
1856 807
1863 740
1864 796
1874 825
1875 824
1883 847
1885 875
1889 845
1902 838
1908 934
1910 865
1917 881
1925 832
1936 854
1940 852
1941 892
1942 890
1945 864
1946 927
1947 898
1961 878
1962 887
1980 933
1981 913
1987 925
1990 886
1993 923
1997 879
1998 910
2000 908
2005 964
2012 924
2017 946
2019 935
2026 938
2028 936
2033 945
2035 931
2036 928
2050 930
2057 955
2060 965
2063 954
2064 942
2073 922
2076 969
2082 939
2096 984
2097 983
2106 995
2108 996
2110 959
2129 1011
2133 961
2138 978
2140 971
2141 1005
2155 974
2156 1012
2169 1015
2174 1029
2177 999
2187 1069
2190 994
2191 1045
2195 1060
2197 1023
2200 1072
2204 1032
2211 1049
2218 1046
2221 1017
2222 1075
2232 1147
2233 1018
2234 1074
2249 1062
2259 1103
2261 1071
2263 1206
2266 1105
2267 1130
2290 1127
2292 1120
2295 1164
2296 1126
2297 1151
2306 1091
2313 1102
2314 1142
2321 1144
2325 1025
2329 1156
2335 1194
2338 1167
2345 1204
2348 1187
2351 1202
2360 1189
2363 1215
2365 1136
2371 1109
2372 1173
2379 1190
2380 1237
2385 1267
2388 1232
2397 1219
2415 1220
2416 1209
2421 1225
2427 1275
2431 1266
2432 1294
2435 1241
2445 1263
2452 1244
2453 1184
2464 1273
2469 1279
2471 1208
2472 1272
2477 1256
2479 1352
2484 1243
2486 1311
2491 1346
2495 1207
2499 1351
2506 1264
2508 1283
2511 1297
2514 1324
2521 1370
2523 1319
2526 1369
2527 1262
2529 1287
2533 1290
2535 1372
2538 1403
2543 1293
2544 1334
2552 1381
2557 1402
2558 1345
2560 1327
2562 1350
2563 1441
2567 1412
2568 1410
2569 1422
2572 1376
2581 1330
2588 1310
2589 1439
2594 1408
2596 1444
2599 1463
2601 1359
2602 1364
2606 1329
2607 1452
2610 1391
2612 1333
2615 1392
2618 1384
2619 1409
2624 1468
2626 1469
2628 1429
2629 1437
2632 1461
2637 1362
2640 1385
2641 1383
2643 1460
2644 1493
2646 1450
2650 1490
2652 1485
2662 1497
2669 1500
2674 1487
2679 1476
2680 1509
2693 1481
2694 1508
2697 1535
2700 1462
2704 1522
2709 1516
2713 1515
2716 1521
2717 1541
2718 1542
2719 1543
2736 1551
2737 1545

f_0064556.png f_0064636.png
444 11
569 21
604 56
605 12
671 9
730 76
743 8
759 29
768 122
774 69
775 59
784 151
790 7
802 139
838 42
839 121
843 57
848 228
859 270
865 133
871 4
872 127
875 149
882 18
901 26
910 132
914 41
923 40
943 244
950 237
951 265
953 97
954 204
976 285
977 310
984 123
986 221
990 375
1000 3
1007 235
1010 390
1016 411
1020 407
1024 141
1026 180
1027 236
1039 93
1050 362
1062 305
1065 361
1072 193
1079 217
1080 264
1081 402
1085 400
1087 582
1090 466
1092 506
1094 552
1105 396
1137 602
1141 328
1143 419
1150 493
1153 551
1159 521
1168 439
1172 702
1175 438
1188 484
1190 725
1196 660
1204 577
1211 491
1212 840
1216 472
1220 477
1222 734
1231 532
1232 701
1236 514
1238 381
1241 508
1243 169
1251 642
1258 807
1263 513
1265 724
1270 413
1275 708
1278 540
1291 729
1292 753
1299 206
1310 637
1311 568
1312 622
1314 763
1321 515
1322 621
1324 772
1337 687
1339 812
1341 512
1345 655
1351 776
1352 802
1360 564
1361 681
1365 530
1367 636
1370 646
1381 558
1387 685
1394 713
1399 678
1403 704
1414 673
1415 707
1417 674
1418 727
1421 714
1430 719
1434 696
1435 732
1438 722
1440 739
1443 723
1444 835
1446 697
1452 609
1453 611
1460 378
1467 731
1469 779
1473 827
1475 858
1476 918
1480 185
1484 749
1485 781
1487 975
1490 759
1491 792
1495 787
1496 879
1506 799
1512 771
1518 876
1520 825
1521 874
1525 851
1526 1003
1529 668
1532 853
1534 916
1535 1069
1537 1070
1541 1097
1546 889
1548 900
1549 1023
1559 1154
1564 861
1566 870
1574 1018
1578 1052
1579 1058
1595 960
1598 928
1599 956
1600 1045
1612 983
1626 1182
1628 955
1641 981
1645 1002
1646 990
1648 683
1649 869
1652 1127
1657 850
1659 1269
1673 1217
1677 1044
1681 843
1682 271
1691 1022
1697 1284
1701 1160
1706 1365
1710 1130
1711 778
1718 1277
1721 972
1722 1344
1724 989
1732 481
1746 1290
1747 495
1752 1352
1754 988
1755 971
1757 1133
1758 1223
1759 1307
1763 848
1765 1134
1770 1084
1771 996
1777 1256
1789 1428
1795 1324
1796 1358
1806 1253
1813 1298
1816 940
1821 1051
1839 671
1843 1375
1863 1320
1868 1305
1875 1410
1877 1113
1879 1342
1886 894
1893 1040
1895 1360
1896 1459
1899 790
1904 1158
1906 1252
1910 1549
1912 1171
1913 1173
1915 1396
1916 1449
1919 1327
1920 1359
1921 1510
1924 1050
1927 1437
1942 1453
1946 1199
1947 1131
1953 1350
1955 970
1956 1204
1958 1562
1960 1213
1961 1212
1962 1490
1965 1222
1966 1258
1972 1590
1975 1457
1976 818
1978 1380
1981 1620
1987 1588
1996 1221
2009 1401
2014 1080
2025 1274
2029 746
2038 944
2043 1271
2044 1272
2063 1242
2064 1699
2066 1135
2078 1494
2079 1513
2080 1679
2086 1735
2089 1691
2098 1759
2101 1386
2102 1547
2103 1555
2104 1086
2112 1348
2116 1487
2117 1474
2118 1721
2120 1156
2126 1757
2140 1618
2142 997
2144 1660
2149 1434
2150 1554
2155 1318
2158 1612
2161 1026
2171 1203
2173 1530
2176 1648
2198 1719
2202 1659
2203 808
2207 1363
2212 1750
2215 1737
2216 1738
2217 1739
2226 1694
2233 1687
2240 1749
2243 1875
2261 1747
2264 1874
2267 1831
2275 1315
2277 1598
2279 1774
2284 1722
2290 1476
2294 1707
2296 1822
2306 1773
2308 1839
2311 1959
2313 1118
2315 1361
2335 1635
2337 1971
2342 1337
2347 1808
2348 1824
2349 1846
2355 1873
2357 1947
2360 1415
2362 1904
2365 1504
2377 1987
2383 1820
2385 1889
2391 1433
2394 1551
2397 1461
2401 1931
2408 1552
2413 1855
2418 1575
2425 1928
2426 1964
2430 1857
2434 1286
2440 1876
2445 1451
2450 2076
2454 1507
2462 2067
2469 2070
2472 2092
2476 1326
2480 1574
2483 1803
2484 1778
2494 2036
2503 1853
2515 1536
2524 2134
2525 1597
2535 2048
2540 1499
2545 1500
2549 2175
2553 2001
2560 2123
2561 1655
2571 2108
2582 2169
2587 1682
2589 2191
2591 1378
2592 1466
2594 1945
2598 1518
2602 1402
2605 1818
2612 1814
2616 1557
2617 1936
2623 2198
2632 2222
2638 1624
2644 2083
2646 2141
2647 2045
2650 1470
2660 2122
2670 1729
2680 2044
2687 2280
2689 1823
2694 1733
2699 1556
2705 2110
2720 2307
2722 1888
2724 2330
2725 2299
2729 1637
2731 2073
2734 2055
2738 1852
2739 1900
2749 2081
2756 2334
2757 1828
2760 2086
2764 2138
2768 2080
2772 2160
2777 2343
2780 2173
2783 1675
2788 1802
2789 2025
2792 1871
2794 2366
2796 1990
2799 2259
2800 2006
2802 2341
2818 1861
2819 2209
2820 2303
2824 2309
2826 1604
2828 2196
2829 2129
2834 2321
2840 2349
2845 1776
2848 2221
2860 2132
2865 2041
2868 2381
2879 2314
2880 2369

f_0064722.png f_0064962.png
0 503
1 614
2 639
3 641
4 773
9 286
11 740
17 297
19 973
25 575
31 713
39 991
42 837
43 930
48 1060
56 555
60 1172
64 470
69 816
72 1067
73 1059
88 1490
90 721
98 1112
99 1249
103 1088
111 825
117 1458
120 1072
121 1268
124 1273
126 1278
128 766
133 796
135 618
148 1312
150 779
154 1166
155 1295
160 849
166 1253
167 1527
169 662
172 1181
177 597
179 811
180 971
184 898
185 1277
188 1493
195 1155
203 1324
204 1329
207 638
209 684
210 1436
215 1473
219 949
223 772
228 687
229 1026
237 1183
238 848
246 1465
260 970
277 1510
288 1378
289 1442
296 1252
297 1331
302 995
308 859
309 1577
315 807
324 1464
326 1203
327 758
329 871
331 1311
334 1238
339 1085
340 1507
345 1445
347 755
349 1403
350 1418
352 760
356 1791
361 1369
363 798
364 945
365 1221
370 1298
371 1470
375 1104
378 1373
387 1337
389 868
393 1017
396 858
398 1406
405 1662
409 1586
410 890
420 895
424 1661
431 1276
432 909
433 916
435 1034
436 1236
437 1846
452 981
455 1102
456 1342
457 1525
461 1117
462 1382
463 1484
465 980
466 1069
467 1079
468 1138
469 1549
471 1064
478 1128
483 1137
484 1146
485 1506
488 1554
490 1737
493 1013
494 1046
496 1055
497 1056
499 1685
505 1480
506 1505
514 1030
521 1110
523 1929
526 1821
527 1316
529 1597
530 1728
539 1362
540 1399
541 1457
542 1596
543 1619
546 681
547 1448
548 1925
555 1196
557 1736
563 1775
567 1814
571 1176
572 1993
578 722
584 1602
585 1614
586 1679
588 1839
589 2005
592 1607
598 1537
601 1216
605 1497
606 1202
609 1613
613 1746
614 1923
616 1631
627 1275
631 1820
633 1601
634 1828
643 1648
644 1845
653 1606
654 1922
657 1678
659 1869
664 1646
665 1647
667 1899
672 1644
673 1645
677 1487
682 1666
684 2012
686 1452
687 2100
689 1530
700 1716
711 2197
713 1973
725 2091
727 2113
729 1788
730 1868
731 2145
732 2096
738 1674
740 1774
742 1856
746 1351
747 1548
748 1451
754 2047
755 1303
756 1288
758 1863
761 1339
764 2065
766 1393
772 1642
773 1698
774 1682
779 1398
781 1888
783 1366
788 1720
792 1991
794 2135
798 1504
800 1904
801 2027
806 1944
807 2193
809 1416
810 1836
816 1556
817 2318
818 1905
825 1909
828 1371
830 1778
851 1860
854 2134
859 2266
864 1957
865 2009
868 1503
873 1794
878 2260
879 2317
881 1977
885 1269
888 2064
891 1859
894 1819
901 1743
905 1908
906 1918
914 1656
919 1569
922 2043
923 2154
924 1609
925 1986
926 1976
930 2183
934 1917
938 2228
942 2215
945 2153
946 1817
948 2280
949 1763
951 2024
954 1981
955 1999
957 2060
974 1985
976 2061
977 2309
978 1773
980 1769
985 1980
987 1965
989 2074
992 1902
993 2253
998 1748
1000 2291
1001 2404
1008 2333
1009 2349
1016 1634
1018 1837
1021 1471
1022 1741
1043 1732
1046 2295
1047 1782
1053 2077
1054 2108
1057 1946
1058 1950
1060 2342
1070 2303
1076 2157
1079 2337
1082 2169
1083 2204
1085 2357
1086 2386
1087 2387
1088 2168
1097 1895
1105 2007
1117 2066
1119 1913
1120 2107
1131 1665
1144 2226
1148 2236
1150 2058
1156 2160
1157 2137
1160 1723
1162 2151
1168 1886
1170 2279
1173 1521
1175 1959
1187 2252
1191 1511
1194 1920
1195 2328
1200 2256
1202 1947
1206 1722
1207 2286
1217 2032
1219 1872
1228 1841
1234 2015
1235 2098
1238 2159
1251 2178
1260 2014
1262 2089
1263 2148
1264 2165
1267 1809
1270 2370
1273 2092
1278 1713
1285 2352
1290 2084
1298 2213
1299 2374
1305 1997
1313 2310
1347 2366
1358 2055
1364 2179
1380 1919
1386 2400
1399 2290
1409 2307
1411 2265
1423 2083
1431 2348
1439 2177
1441 2114
1446 1620
1448 2161
1454 2208
1472 2271
1474 2380
1483 2326
1487 1930
1499 2244
1500 2246
1501 2412
1504 2276
1517 2254
1534 2315
1536 2230
1538 2205
1540 2031
1555 2411
1560 2235
1588 2399
1596 2110
1684 2408
1756 2167
1757 2331
1818 2350
1835 2373
1841 2278

f_0064556.png f_0064722.png
720 12
751 33
908 99
928 167
938 83
981 77
1013 549
1087 233
1103 204
1121 4
1144 139
1154 341
1176 324
1187 31
1188 11
1203 409
1216 73
1220 72
1231 69
1236 87
1239 92
1258 405
1277 295
1312 120
1333 1
1379 464
1404 490
1405 572
1412 544
1434 133
1445 10
1454 128
1461 150
1468 158
1482 408
1484 179
1487 458
1495 184
1500 567
1507 563
1512 365
1524 260
1535 557
1549 529
1572 583
1586 183
1587 480
1624 462
1640 353
1702 684
1706 724
1707 786
1717 517
1722 716
1730 777
1752 679
1770 374
1773 807
1808 393
1817 250
1823 565
1840 222
1846 597
1867 605
1874 522
1875 759
1880 704
1891 249
1910 854
1913 446
1916 831
1934 301
1937 751
1940 347
1943 594
1945 612
1948 806
1954 173
1958 1030
1972 938
1974 467
1977 17
1981 1046
1985 930
1987 876
1990 639
1992 1128
1994 363
1999 359
2008 494
2015 395
2019 259
2020 410
2024 20
2025 497
2033 433
2036 438
2052 282
2084 286
2115 460
2123 394
2140 787
2144 851
2146 747
2156 1059
2160 1204
2175 762
2182 720
2183 735
2185 1085
2202 827
2212 960
2214 503
2224 632
2241 1176
2244 562
2250 1127
2253 534
2256 384
2258 444
2270 1035
2299 1106
2302 1152
2324 538
2334 790
2341 392
2347 959
2358 328
2381 1196
2409 734
2412 1171
2417 718
2434 566
2436 596
2437 376
2443 641
2457 1018
2460 412
2483 863
2487 635
2490 509
2503 1023
2519 1147
2547 1073
2552 743
2553 1110
2566 599
2571 1187
2575 828
2581 1120
2596 1162
2607 1200
2639 943
2645 1098
2664 1391
2669 802
2672 1407
2687 1382
2722 986
2724 1462
2740 1011
2767 1135
2780 1264
2788 871
2806 990
2807 886
2824 1317
2856 1142
2860 1115

f_0064636.png f_0064722.png
346 78
421 34
470 43
472 48
491 74
494 73
498 99
502 3
515 15
520 47
531 2
532 69
540 103
568 82
570 139
574 0
575 161
578 25
583 210
587 10
602 204
611 50
612 246
638 172
639 241
642 175
649 200
650 203
651 258
655 196
656 202
657 277
659 221
660 253
662 147
670 151
675 235
687 227
688 240
694 64
695 128
696 133
700 256
707 164
710 104
711 101
720 257
722 174
727 231
728 160
738 97
744 237
748 96
751 299
754 340
762 268
771 230
772 336
775 29
776 345
785 14
788 280
799 245
801 332
807 424
815 145
827 295
834 306
835 349
837 55
839 441
843 178
849 170
855 17
857 234
859 331
874 368
875 45
879 398
880 334
883 9
884 13
891 305
894 62
901 440
908 108
913 365
915 387
917 378
920 20
932 360
939 86
941 413
942 447
943 457
945 137
948 348
949 417
952 93
953 206
961 489
964 75
969 488
976 115
980 325
984 568
988 313
990 462
991 530
994 44
996 375
1000 508
1010 487
1015 347
1018 505
1023 529
1039 352
1049 264
1051 364
1058 543
1063 173
1066 130
1070 588
1083 259
1093 421
1104 439
1105 472
1109 283
1111 541
1117 614
1125 504
1126 547
1130 554
1131 380
1142 582
1143 585
1144 304
1145 327
1149 359
1150 452
1151 584
1157 395
1162 286
1163 468
1164 527
1165 592
1173 455
1174 595
1179 396
1186 540
1190 539
1193 613
1195 323
1198 654
1200 631
1204 483
1213 478
1214 556
1217 629
1219 107
1226 211
1229 659
1238 410
1248 438
1251 322
1254 465
1257 379
1259 666
1264 597
1269 732
1276 643
1282 633
1287 427
1292 263
1294 401
1295 415
1297 594
1306 657
1307 713
1308 278
1313 652
1315 290
1323 712
1329 754
1339 338
1340 672
1341 673
1343 460
1353 272
1359 682
1360 683
1366 501
1370 430
1374 700
1375 730
1380 639
1382 697
1388 742
1391 753
1397 729
1401 642
1406 722
1407 503
1409 721
1414 444
1422 793
1423 677
1425 740
1430 689
1431 303
1433 486
1436 751
1442 776
1450 836
1452 538
1453 757
1470 384
1471 419
1474 686
1483 518
1486 632
1490 811
1491 806
1498 532
1501 780
1509 847
1514 388
1515 453
1516 856
1517 391
1522 774
1525 519
1526 624
1537 638
1541 763
1549 958
1551 564
1558 661
1560 747
1561 772
1564 824
1586 681
1587 865
1593 618
1595 814
1598 744
1601 864
1605 735
1606 830
1611 851
1613 481
1620 993
1623 875
1624 531
1629 566
1639 874
1641 918
1647 835
1650 560
1652 796
1655 636
1663 637
1664 675
1667 922
1674 907
1680 641
1681 596
1683 906
1684 982
1693 719
1694 873
1702 703
1704 905
1708 895
1709 957
1714 765
1715 884
1716 766
1719 925
1732 900
1737 951
1738 956
1739 961
1743 1046
1749 947
1750 965
1752 635
1755 746
1756 976
1758 803
1759 1087
1767 904
1774 953
1781 1113
1791 974
1792 1007
1800 599
1803 839
1804 989
1808 959
1812 969
1818 829
1819 846
1820 949
1840 647
1845 676
1853 933
1856 1036
1872 987
1879 898
1881 1013
1892 1076
1901 903
1902 1012
1910 1083
1911 1106
1915 924
1917 1053
1919 868
1927 999
1936 998
1945 980
1962 943
1971 1213
1976 1196
1980 1148
1987 1261
1993 1132
1994 1193
2009 1033
2019 1147
2025 991
2057 1187
2061 910
2065 1200
2072 990
2075 1075
2079 1010
2087 1207
2092 1252
2110 1117
2121 1105
2129 1011
2133 1111
2136 853
2139 1155
2160 1154
2163 1320
2166 1047
2167 1116
2170 1421
2177 1119
2179 975
2183 1090
2187 1150
2198 1319
2202 1097
2206 1199
2215 952
2216 1074
2228 1115
2235 1026
2241 1039
2243 1336
2248 1391
2249 1220
2252 1015
2261 1326
2269 1238
2272 1040
2277 1447
2279 1165
2291 984
2305 1065
2309 1317
2310 1089
2314 1247
2315 1298
2330 1427
2332 1269
2339 1394
2345 1476
2351 1386
2359 1178
2362 1360
2364 1218
2385 1601
2387 1126
2399 1194
2406 1331
2420 1273
2426 1308
2434 1160
2435 1329
2446 1359
2456 1444
2461 1212
2466 1583
2470 1582
2471 1309
2478 1374
2479 1495
2482 1449
2485 1430
2486 1431
2488 1188
2491 1544
2499 1475
2504 1480
2529 1334
2532 1231
2534 1478
2543 1134
2549 1240
2552 1507
2554 1687
2557 1525
2558 1581
2566 1501
2568 1521
2569 1543
2573 1488
2582 1483
2584 1542
2591 1555
2593 1258
2596 1562
2597 1735
2600 1352
2603 1563
2605 1278
2610 1453
2614 1333
2618 1472
2619 1505
2629 1577
2630 1613
2634 1287
2639 1344
2641 1439
2647 1500
2673 1549
2674 1561
2675 1602
2679 1548
2684 1591
2690 1443
2694 1633
2698 1663
2703 1624
2704 1625
2712 1776
2716 1588
2717 1632

