f_0064556.png f_0064722.png
720 12
751 33
908 99
928 167
938 83
981 77
1013 549
1087 233
1103 204
1121 4
1144 139
1154 341
1176 324
1187 31
1188 11
1203 409
1216 73
1220 72
1231 69
1236 87
1239 92
1258 405
1277 295
1312 120
1333 1
1379 464
1404 490
1405 572
1412 544
1434 133
1445 10
1454 128
1461 150
1468 158
1482 408
1484 179
1487 458
1495 184
1500 567
1507 563
1512 365
1524 260
1535 557
1549 529
1572 583
1586 183
1587 480
1624 462
1640 353
1702 684
1706 724
1707 786
1717 517
1722 716
1730 777
1752 679
1770 374
1773 807
1808 393
1817 250
1823 565
1840 222
1846 597
1867 605
1874 522
1875 759
1880 704
1891 249
1910 854
1913 446
1916 831
1934 301
1937 751
1940 347
1943 594
1945 612
1948 806
1954 173
1958 1030
1972 938
1974 467
1977 17
1981 1046
1985 930
1987 876
1990 639
1992 1128
1994 363
1999 359
2008 494
2015 395
2019 259
2020 410
2024 20
2025 497
2033 433
2036 438
2052 282
2084 286
2115 460
2123 394
2140 787
2144 851
2146 747
2156 1059
2160 1204
2175 762
2182 720
2183 735
2185 1085
2202 827
2212 960
2214 503
2224 632
2241 1176
2244 562
2250 1127
2253 534
2256 384
2258 444
2270 1035
2299 1106
2302 1152
2324 538
2334 790
2341 392
2347 959
2358 328
2381 1196
2409 734
2412 1171
2417 718
2434 566
2436 596
2437 376
2443 641
2457 1018
2460 412
2483 863
2487 635
2490 509
2503 1023
2519 1147
2547 1073
2552 743
2553 1110
2566 599
2571 1187
2575 828
2581 1120
2596 1162
2607 1200
2639 943
2645 1098
2664 1391
2669 802
2672 1407
2687 1382
2722 986
2724 1462
2740 1011
2767 1135
2780 1264
2788 871
2806 990
2807 886
2824 1317
2856 1142
2860 1115
