f_0064636.png f_0064722.png
346 78
421 34
470 43
472 48
491 74
494 73
498 99
502 3
515 15
520 47
531 2
532 69
540 103
568 82
570 139
574 0
575 161
578 25
583 210
587 10
602 204
611 50
612 246
638 172
639 241
642 175
649 200
650 203
651 258
655 196
656 202
657 277
659 221
660 253
662 147
670 151
675 235
687 227
688 240
694 64
695 128
696 133
700 256
707 164
710 104
711 101
720 257
722 174
727 231
728 160
738 97
744 237
748 96
751 299
754 340
762 268
771 230
772 336
775 29
776 345
785 14
788 280
799 245
801 332
807 424
815 145
827 295
834 306
835 349
837 55
839 441
843 178
849 170
855 17
857 234
859 331
874 368
875 45
879 398
880 334
883 9
884 13
891 305
894 62
901 440
908 108
913 365
915 387
917 378
920 20
932 360
939 86
941 413
942 447
943 457
945 137
948 348
949 417
952 93
953 206
961 489
964 75
969 488
976 115
980 325
984 568
988 313
990 462
991 530
994 44
996 375
1000 508
1010 487
1015 347
1018 505
1023 529
1039 352
1049 264
1051 364
1058 543
1063 173
1066 130
1070 588
1083 259
1093 421
1104 439
1105 472
1109 283
1111 541
1117 614
1125 504
1126 547
1130 554
1131 380
1142 582
1143 585
1144 304
1145 327
1149 359
1150 452
1151 584
1157 395
1162 286
1163 468
1164 527
1165 592
1173 455
1174 595
1179 396
1186 540
1190 539
1193 613
1195 323
1198 654
1200 631
1204 483
1213 478
1214 556
1217 629
1219 107
1226 211
1229 659
1238 410
1248 438
1251 322
1254 465
1257 379
1259 666
1264 597
1269 732
1276 643
1282 633
1287 427
1292 263
1294 401
1295 415
1297 594
1306 657
1307 713
1308 278
1313 652
1315 290
1323 712
1329 754
1339 338
1340 672
1341 673
1343 460
1353 272
1359 682
1360 683
1366 501
1370 430
1374 700
1375 730
1380 639
1382 697
1388 742
1391 753
1397 729
1401 642
1406 722
1407 503
1409 721
1414 444
1422 793
1423 677
1425 740
1430 689
1431 303
1433 486
1436 751
1442 776
1450 836
1452 538
1453 757
1470 384
1471 419
1474 686
1483 518
1486 632
1490 811
1491 806
1498 532
1501 780
1509 847
1514 388
1515 453
1516 856
1517 391
1522 774
1525 519
1526 624
1537 638
1541 763
1549 958
1551 564
1558 661
1560 747
1561 772
1564 824
1586 681
1587 865
1593 618
1595 814
1598 744
1601 864
1605 735
1606 830
1611 851
1613 481
1620 993
1623 875
1624 531
1629 566
1639 874
1641 918
1647 835
1650 560
1652 796
1655 636
1663 637
1664 675
1667 922
1674 907
1680 641
1681 596
1683 906
1684 982
1693 719
1694 873
1702 703
1704 905
1708 895
1709 957
1714 765
1715 884
1716 766
1719 925
1732 900
1737 951
1738 956
1739 961
1743 1046
1749 947
1750 965
1752 635
1755 746
1756 976
1758 803
1759 1087
1767 904
1774 953
1781 1113
1791 974
1792 1007
1800 599
1803 839
1804 989
1808 959
1812 969
1818 829
1819 846
1820 949
1840 647
1845 676
1853 933
1856 1036
1872 987
1879 898
1881 1013
1892 1076
1901 903
1902 1012
1910 1083
1911 1106
1915 924
1917 1053
1919 868
1927 999
1936 998
1945 980
1962 943
1971 1213
1976 1196
1980 1148
1987 1261
1993 1132
1994 1193
2009 1033
2019 1147
2025 991
2057 1187
2061 910
2065 1200
2072 990
2075 1075
2079 1010
2087 1207
2092 1252
2110 1117
2121 1105
2129 1011
2133 1111
2136 853
2139 1155
2160 1154
2163 1320
2166 1047
2167 1116
2170 1421
2177 1119
2179 975
2183 1090
2187 1150
2198 1319
2202 1097
2206 1199
2215 952
2216 1074
2228 1115
2235 1026
2241 1039
2243 1336
2248 1391
2249 1220
2252 1015
2261 1326
2269 1238
2272 1040
2277 1447
2279 1165
2291 984
2305 1065
2309 1317
2310 1089
2314 1247
2315 1298
2330 1427
2332 1269
2339 1394
2345 1476
2351 1386
2359 1178
2362 1360
2364 1218
2385 1601
2387 1126
2399 1194
2406 1331
2420 1273
2426 1308
2434 1160
2435 1329
2446 1359
2456 1444
2461 1212
2466 1583
2470 1582
2471 1309
2478 1374
2479 1495
2482 1449
2485 1430
2486 1431
2488 1188
2491 1544
2499 1475
2504 1480
2529 1334
2532 1231
2534 1478
2543 1134
2549 1240
2552 1507
2554 1687
2557 1525
2558 1581
2566 1501
2568 1521
2569 1543
2573 1488
2582 1483
2584 1542
2591 1555
2593 1258
2596 1562
2597 1735
2600 1352
2603 1563
2605 1278
2610 1453
2614 1333
2618 1472
2619 1505
2629 1577
2630 1613
2634 1287
2639 1344
2641 1439
2647 1500
2673 1549
2674 1561
2675 1602
2679 1548
2684 1591
2690 1443
2694 1633
2698 1663
2703 1624
2704 1625
2712 1776
2716 1588
2717 1632
