f_0064556.png f_0064636.png
444 11
569 21
604 56
605 12
671 9
730 76
743 8
759 29
768 122
774 69
775 59
784 151
790 7
802 139
838 42
839 121
843 57
848 228
859 270
865 133
871 4
872 127
875 149
882 18
901 26
910 132
914 41
923 40
943 244
950 237
951 265
953 97
954 204
976 285
977 310
984 123
986 221
990 375
1000 3
1007 235
1010 390
1016 411
1020 407
1024 141
1026 180
1027 236
1039 93
1050 362
1062 305
1065 361
1072 193
1079 217
1080 264
1081 402
1085 400
1087 582
1090 466
1092 506
1094 552
1105 396
1137 602
1141 328
1143 419
1150 493
1153 551
1159 521
1168 439
1172 702
1175 438
1188 484
1190 725
1196 660
1204 577
1211 491
1212 840
1216 472
1220 477
1222 734
1231 532
1232 701
1236 514
1238 381
1241 508
1243 169
1251 642
1258 807
1263 513
1265 724
1270 413
1275 708
1278 540
1291 729
1292 753
1299 206
1310 637
1311 568
1312 622
1314 763
1321 515
1322 621
1324 772
1337 687
1339 812
1341 512
1345 655
1351 776
1352 802
1360 564
1361 681
1365 530
1367 636
1370 646
1381 558
1387 685
1394 713
1399 678
1403 704
1414 673
1415 707
1417 674
1418 727
1421 714
1430 719
1434 696
1435 732
1438 722
1440 739
1443 723
1444 835
1446 697
1452 609
1453 611
1460 378
1467 731
1469 779
1473 827
1475 858
1476 918
1480 185
1484 749
1485 781
1487 975
1490 759
1491 792
1495 787
1496 879
1506 799
1512 771
1518 876
1520 825
1521 874
1525 851
1526 1003
1529 668
1532 853
1534 916
1535 1069
1537 1070
1541 1097
1546 889
1548 900
1549 1023
1559 1154
1564 861
1566 870
1574 1018
1578 1052
1579 1058
1595 960
1598 928
1599 956
1600 1045
1612 983
1626 1182
1628 955
1641 981
1645 1002
1646 990
1648 683
1649 869
1652 1127
1657 850
1659 1269
1673 1217
1677 1044
1681 843
1682 271
1691 1022
1697 1284
1701 1160
1706 1365
1710 1130
1711 778
1718 1277
1721 972
1722 1344
1724 989
1732 481
1746 1290
1747 495
1752 1352
1754 988
1755 971
1757 1133
1758 1223
1759 1307
1763 848
1765 1134
1770 1084
1771 996
1777 1256
1789 1428
1795 1324
1796 1358
1806 1253
1813 1298
1816 940
1821 1051
1839 671
1843 1375
1863 1320
1868 1305
1875 1410
1877 1113
1879 1342
1886 894
1893 1040
1895 1360
1896 1459
1899 790
1904 1158
1906 1252
1910 1549
1912 1171
1913 1173
1915 1396
1916 1449
1919 1327
1920 1359
1921 1510
1924 1050
1927 1437
1942 1453
1946 1199
1947 1131
1953 1350
1955 970
1956 1204
1958 1562
1960 1213
1961 1212
1962 1490
1965 1222
1966 1258
1972 1590
1975 1457
1976 818
1978 1380
1981 1620
1987 1588
1996 1221
2009 1401
2014 1080
2025 1274
2029 746
2038 944
2043 1271
2044 1272
2063 1242
2064 1699
2066 1135
2078 1494
2079 1513
2080 1679
2086 1735
2089 1691
2098 1759
2101 1386
2102 1547
2103 1555
2104 1086
2112 1348
2116 1487
2117 1474
2118 1721
2120 1156
2126 1757
2140 1618
2142 997
2144 1660
2149 1434
2150 1554
2155 1318
2158 1612
2161 1026
2171 1203
2173 1530
2176 1648
2198 1719
2202 1659
2203 808
2207 1363
2212 1750
2215 1737
2216 1738
2217 1739
2226 1694
2233 1687
2240 1749
2243 1875
2261 1747
2264 1874
2267 1831
2275 1315
2277 1598
2279 1774
2284 1722
2290 1476
2294 1707
2296 1822
2306 1773
2308 1839
2311 1959
2313 1118
2315 1361
2335 1635
2337 1971
2342 1337
2347 1808
2348 1824
2349 1846
2355 1873
2357 1947
2360 1415
2362 1904
2365 1504
2377 1987
2383 1820
2385 1889
2391 1433
2394 1551
2397 1461
2401 1931
2408 1552
2413 1855
2418 1575
2425 1928
2426 1964
2430 1857
2434 1286
2440 1876
2445 1451
2450 2076
2454 1507
2462 2067
2469 2070
2472 2092
2476 1326
2480 1574
2483 1803
2484 1778
2494 2036
2503 1853
2515 1536
2524 2134
2525 1597
2535 2048
2540 1499
2545 1500
2549 2175
2553 2001
2560 2123
2561 1655
2571 2108
2582 2169
2587 1682
2589 2191
2591 1378
2592 1466
2594 1945
2598 1518
2602 1402
2605 1818
2612 1814
2616 1557
2617 1936
2623 2198
2632 2222
2638 1624
2644 2083
2646 2141
2647 2045
2650 1470
2660 2122
2670 1729
2680 2044
2687 2280
2689 1823
2694 1733
2699 1556
2705 2110
2720 2307
2722 1888
2724 2330
2725 2299
2729 1637
2731 2073
2734 2055
2738 1852
2739 1900
2749 2081
2756 2334
2757 1828
2760 2086
2764 2138
2768 2080
2772 2160
2777 2343
2780 2173
2783 1675
2788 1802
2789 2025
2792 1871
2794 2366
2796 1990
2799 2259
2800 2006
2802 2341
2818 1861
2819 2209
2820 2303
2824 2309
2826 1604
2828 2196
2829 2129
2834 2321
2840 2349
2845 1776
2848 2221
2860 2132
2865 2041
2868 2381
2879 2314
2880 2369
