f_0064556.png f_0064886.png
1053 18
1154 113
1172 11
1177 137
1180 140
1190 14
1191 50
1196 10
1252 74
1256 97
1279 45
1314 46
1329 78
1351 73
1352 111
1427 133
1449 126
1457 214
1477 185
1487 198
1507 240
1535 279
1537 280
1541 285
1551 267
1572 276
1574 245
1578 266
1579 229
1601 431
1604 3
1609 338
1612 304
1617 244
1655 22
1672 265
1673 368
1701 337
1741 336
1746 405
1766 359
1769 114
1773 469
1775 203
1792 124
1793 308
1799 93
1809 341
1814 404
1863 434
1875 492
1880 475
1883 424
1895 477
1927 509
1932 489
1935 319
1937 498
1942 503
1948 540
1953 436
1962 573
1964 296
1968 357
1972 600
1975 484
1985 597
1987 583
1994 335
1995 339
2015 374
2016 362
2021 389
2022 628
2033 372
2036 381
2042 387
2053 479
2066 269
2071 720
2079 612
2080 642
2084 294
2101 429
2103 553
2107 511
2126 705
2139 602
2146 608
2149 467
2165 704
2173 531
2183 551
2185 774
2198 691
2206 649
2215 711
2225 686
2238 607
2240 710
2250 850
2259 446
2263 737
2266 732
2280 757
2284 735
2287 588
2292 439
2296 790
2297 626
2299 855
2306 755
2314 415
2326 750
2337 958
2348 781
2349 815
2350 816
2355 817
2357 898
2359 474
2376 748
2382 689
2384 802
2386 868
2388 989
2390 746
2394 663
2399 830
2420 881
2421 537
2424 997
2444 601
2463 1028
2468 861
2471 928
2472 969
2476 543
2488 893
2517 879
2519 935
2522 610
2523 812
2535 950
2539 567
2549 984
2552 765
2556 1015
2560 1014
2565 1116
2571 955
2586 1055
2589 1045
2614 680
2619 740
2632 1075
2635 577
2637 578
2640 1084
2643 853
2646 1005
2652 953
2672 1097
2673 1131
2679 867
2680 1027
2686 1052
2700 954
2705 959
2716 848
2717 1068
2725 1181
2761 1170
2764 1143
2772 994
2775 909
2782 1016
2786 884
2792 852
2794 1255
2796 1025
2802 1176
2811 1215
2819 1134
2839 999
2846 1167
2847 1203
2857 1196
2861 1017
2866 1148
2868 1192
2869 1266
2879 1089
