f_0064556.png f_0064962.png
123 25
307 81
382 818
405 259
406 748
436 712
459 222
463 315
484 235
495 214
520 395
557 181
573 229
600 711
610 731
651 266
679 892
683 75
698 914
704 86
705 296
708 965
711 258
728 195
738 974
747 150
749 160
773 294
777 964
778 1106
789 284
792 172
821 393
831 251
848 799
861 223
863 355
871 293
878 428
881 1189
882 205
884 218
885 354
886 525
891 397
904 353
914 352
924 410
933 1370
936 904
951 666
953 380
981 1204
984 331
991 1652
1002 602
1025 415
1037 1256
1054 409
1058 452
1079 433
1094 1295
1098 707
1103 1329
1109 442
1120 746
1134 426
1141 475
1142 635
1149 801
1164 1388
1167 587
1170 1465
1189 826
1218 474
1222 1442
1224 72
1225 640
1231 816
1239 1012
1247 634
1250 670
1258 1663
1262 391
1263 891
1269 271
1291 1449
1300 549
1304 187
1305 679
1319 446
1323 1445
1332 490
1334 622
1335 639
1358 539
1364 1551
1365 606
1370 825
1376 581
1378 1673
1383 501
1387 962
1393 717
1398 436
1402 224
1410 576
1424 575
1427 1489
1428 542
1432 510
1437 721
1445 566
1446 1026
1458 1517
1460 306
1464 565
1476 1485
1484 811
1486 903
1487 1616
1502 2045
1504 311
1507 1775
1517 1238
1524 952
1527 1727
1533 1237
1536 1793
1543 533
1547 1364
1571 995
1572 1710
1579 1651
1589 357
1601 2030
1602 618
1606 580
1607 1610
1616 1194
1618 2145
1626 1893
1642 1813
1645 1342
1653 2012
1666 1210
1672 1400
1673 1828
1676 927
1693 483
1701 1687
1713 986
1715 1179
1726 1246
1735 605
1736 1065
1746 1874
1750 479
1759 1973
1765 1421
1813 1606
1816 649
1843 1914
1849 513
1851 1601
1867 1497
1873 961
1877 1147
1880 1744
1895 1715
1896 2033
1914 1644
1916 2026
1922 2325
1927 1888
1928 2125
1930 186
1932 1774
1934 745
1937 1827
1942 1883
1948 1944
1957 2183
1963 654
1964 701
1966 1177
1972 2228
1974 1069
1983 871
1985 2215
1989 844
1993 723
1994 798
1995 836
2021 1031
2025 1056
2030 221
2034 1055
2036 916
2042 954
2043 980
2044 1013
2049 1228
2052 715
2059 771
2070 1957
2072 776
2079 1720
2089 2142
2097 1677
2101 1195
2103 1637
2130 454
2140 1749
2155 958
2185 2357
2186 2382
2197 1819
2201 1159
2215 2024
2223 993
2224 1285
2226 1794
2233 1743
2249 2131
2280 1999
2289 976
2290 1054
2354 1235
2359 714
2365 1025
2383 1753
2394 1092
2395 2355
2396 2385
2399 1971
2400 1990
2416 985
2417 1134
2439 1451
2447 1352
2457 1835
2468 1902
2479 2390
2480 1041
2486 412
2488 2008
2491 1001
2493 486
2535 2214
2562 1244
2571 2252
2585 1280
2599 559
2610 1168
2611 1339
2612 1459
2639 1478
2641 997
2644 1951
2648 505
2654 650
2683 1062
2688 699
2694 953
2700 1503
2710 689
2731 1842
2733 1346
2734 1785
2760 1701
2764 1801
2778 1332
2780 1949
2798 1816
2808 1070
2815 820
2829 1782
2832 1895
2845 873
2849 2213
2855 1502
2864 1095
2871 856
2874 1198
