f_0064722.png f_0064962.png
0 503
1 614
2 639
3 641
4 773
9 286
11 740
17 297
19 973
25 575
31 713
39 991
42 837
43 930
48 1060
56 555
60 1172
64 470
69 816
72 1067
73 1059
88 1490
90 721
98 1112
99 1249
103 1088
111 825
117 1458
120 1072
121 1268
124 1273
126 1278
128 766
133 796
135 618
148 1312
150 779
154 1166
155 1295
160 849
166 1253
167 1527
169 662
172 1181
177 597
179 811
180 971
184 898
185 1277
188 1493
195 1155
203 1324
204 1329
207 638
209 684
210 1436
215 1473
219 949
223 772
228 687
229 1026
237 1183
238 848
246 1465
260 970
277 1510
288 1378
289 1442
296 1252
297 1331
302 995
308 859
309 1577
315 807
324 1464
326 1203
327 758
329 871
331 1311
334 1238
339 1085
340 1507
345 1445
347 755
349 1403
350 1418
352 760
356 1791
361 1369
363 798
364 945
365 1221
370 1298
371 1470
375 1104
378 1373
387 1337
389 868
393 1017
396 858
398 1406
405 1662
409 1586
410 890
420 895
424 1661
431 1276
432 909
433 916
435 1034
436 1236
437 1846
452 981
455 1102
456 1342
457 1525
461 1117
462 1382
463 1484
465 980
466 1069
467 1079
468 1138
469 1549
471 1064
478 1128
483 1137
484 1146
485 1506
488 1554
490 1737
493 1013
494 1046
496 1055
497 1056
499 1685
505 1480
506 1505
514 1030
521 1110
523 1929
526 1821
527 1316
529 1597
530 1728
539 1362
540 1399
541 1457
542 1596
543 1619
546 681
547 1448
548 1925
555 1196
557 1736
563 1775
567 1814
571 1176
572 1993
578 722
584 1602
585 1614
586 1679
588 1839
589 2005
592 1607
598 1537
601 1216
605 1497
606 1202
609 1613
613 1746
614 1923
616 1631
627 1275
631 1820
633 1601
634 1828
643 1648
644 1845
653 1606
654 1922
657 1678
659 1869
664 1646
665 1647
667 1899
672 1644
673 1645
677 1487
682 1666
684 2012
686 1452
687 2100
689 1530
700 1716
711 2197
713 1973
725 2091
727 2113
729 1788
730 1868
731 2145
732 2096
738 1674
740 1774
742 1856
746 1351
747 1548
748 1451
754 2047
755 1303
756 1288
758 1863
761 1339
764 2065
766 1393
772 1642
773 1698
774 1682
779 1398
781 1888
783 1366
788 1720
792 1991
794 2135
798 1504
800 1904
801 2027
806 1944
807 2193
809 1416
810 1836
816 1556
817 2318
818 1905
825 1909
828 1371
830 1778
851 1860
854 2134
859 2266
864 1957
865 2009
868 1503
873 1794
878 2260
879 2317
881 1977
885 1269
888 2064
891 1859
894 1819
901 1743
905 1908
906 1918
914 1656
919 1569
922 2043
923 2154
924 1609
925 1986
926 1976
930 2183
934 1917
938 2228
942 2215
945 2153
946 1817
948 2280
949 1763
951 2024
954 1981
955 1999
957 2060
974 1985
976 2061
977 2309
978 1773
980 1769
985 1980
987 1965
989 2074
992 1902
993 2253
998 1748
1000 2291
1001 2404
1008 2333
1009 2349
1016 1634
1018 1837
1021 1471
1022 1741
1043 1732
1046 2295
1047 1782
1053 2077
1054 2108
1057 1946
1058 1950
1060 2342
1070 2303
1076 2157
1079 2337
1082 2169
1083 2204
1085 2357
1086 2386
1087 2387
1088 2168
1097 1895
1105 2007
1117 2066
1119 1913
1120 2107
1131 1665
1144 2226
1148 2236
1150 2058
1156 2160
1157 2137
1160 1723
1162 2151
1168 1886
1170 2279
1173 1521
1175 1959
1187 2252
1191 1511
1194 1920
1195 2328
1200 2256
1202 1947
1206 1722
1207 2286
1217 2032
1219 1872
1228 1841
1234 2015
1235 2098
1238 2159
1251 2178
1260 2014
1262 2089
1263 2148
1264 2165
1267 1809
1270 2370
1273 2092
1278 1713
1285 2352
1290 2084
1298 2213
1299 2374
1305 1997
1313 2310
1347 2366
1358 2055
1364 2179
1380 1919
1386 2400
1399 2290
1409 2307
1411 2265
1423 2083
1431 2348
1439 2177
1441 2114
1446 1620
1448 2161
1454 2208
1472 2271
1474 2380
1483 2326
1487 1930
1499 2244
1500 2246
1501 2412
1504 2276
1517 2254
1534 2315
1536 2230
1538 2205
1540 2031
1555 2411
1560 2235
1588 2399
1596 2110
1684 2408
1756 2167
1757 2331
1818 2350
1835 2373
1841 2278
