f_0064722.png f_0064886.png
21 65
38 63
50 12
65 141
66 81
75 183
107 273
123 170
128 61
130 241
131 105
147 17
158 56
160 67
164 25
174 57
192 115
221 9
227 8
229 91
237 27
242 221
245 82
253 10
271 302
272 386
277 11
288 46
289 59
295 102
308 203
319 466
325 222
327 317
332 83
333 43
336 78
337 38
345 73
348 175
352 322
357 223
359 335
362 79
364 243
366 32
368 118
369 50
374 251
378 162
381 217
382 106
384 461
385 224
386 161
387 146
398 136
409 111
410 376
417 177
419 486
421 263
428 275
431 208
432 395
433 381
435 358
438 387
446 328
447 179
448 156
449 541
453 496
455 351
457 197
464 168
466 366
467 357
468 325
470 204
472 289
475 377
479 332
485 212
488 201
499 164
502 97
505 245
506 228
511 416
520 437
521 429
523 107
530 240
532 538
539 340
542 301
543 271
545 577
546 579
547 307
552 304
557 239
559 567
563 261
565 341
569 135
580 518
582 323
584 333
586 312
589 214
592 336
596 615
605 375
607 680
609 367
613 348
620 424
622 352
624 512
639 443
640 404
647 721
657 418
666 382
667 400
672 444
675 625
678 472
680 338
681 545
682 452
683 453
684 409
686 506
690 482
706 637
707 620
708 485
709 464
714 380
716 401
718 649
720 552
721 477
725 383
728 851
729 475
730 456
731 361
732 398
736 402
738 508
742 487
743 739
745 654
751 498
752 500
756 760
757 503
758 495
760 419
767 651
772 553
774 554
779 707
781 509
786 460
792 492
793 519
794 491
795 899
797 516
799 533
811 540
812 438
815 426
822 469
825 575
830 612
831 528
832 895
834 753
841 501
845 673
847 544
848 457
851 613
852 548
861 909
874 631
875 618
881 609
887 780
888 632
891 682
892 604
893 596
903 841
904 692
905 666
907 656
908 521
910 952
912 990
913 987
914 775
915 580
917 717
922 653
923 628
924 863
925 670
929 597
934 703
935 678
936 598
938 599
939 493
941 718
942 619
945 642
946 789
947 710
949 797
951 711
953 732
954 727
955 737
956 719
958 584
961 700
964 781
969 750
973 794
974 756
979 605
980 842
982 695
983 643
985 799
987 830
989 744
1001 630
1002 1009
1003 705
1007 767
1008 662
1009 635
1012 838
1014 779
1017 880
1021 1034
1024 790
1032 922
1034 770
1035 769
1040 1040
1051 715
1053 881
1064 1100
1072 900
1076 868
1077 1101
1083 865
1086 758
1099 905
1101 776
1102 1199
1106 855
1112 825
1116 1017
1117 959
1118 942
1120 944
1121 837
1127 850
1132 923
1135 1011
1143 950
1144 928
1145 679
1146 1219
1149 1187
1152 898
1155 994
1158 890
1170 945
1171 924
1172 1251
1176 869
1177 820
1178 1154
1179 965
1183 1177
1185 1018
1192 1102
1193 957
1194 1156
1200 1002
1203 996
1204 903
1215 874
1216 1221
1217 1136
1219 1227
1229 1277
1230 1033
1233 969
1237 859
1242 906
1245 1245
1251 1112
1258 1295
1262 1166
1264 1157
1265 1142
1272 940
1285 1094
1286 970
1293 1175
1295 1173
1298 1162
1300 979
1301 1431
1306 1105
1309 1243
1310 975
1313 1167
1316 1083
1322 1010
1323 1428
1329 1209
1332 1000
1334 1287
1335 1246
1336 1114
1337 1127
1342 982
1344 1419
1348 1020
1351 1453
1353 1085
1354 1028
1360 1192
1361 1111
1362 1544
1363 1463
1368 1190
1370 1084
1376 1477
1377 1434
1379 1115
1380 1462
1382 1151
1386 1202
1388 1055
1390 1383
1391 1138
1399 1297
1400 1291
1401 1288
1403 1093
1405 1447
1412 1258
1413 1170
1422 1036
1423 1465
1424 1335
1425 1268
1427 1163
1431 1311
1432 1272
1433 1107
1436 1539
1442 1065
1443 1466
1444 1279
1445 1159
1447 1131
1451 1168
1453 1407
1457 1160
1459 1513
1465 1491
1468 1124
1474 1377
1475 1351
1476 1204
1478 1356
1482 1140
1483 1376
1484 1232
1488 1387
1490 1266
1491 1233
1494 1409
1495 1352
1497 1388
1500 1459
1509 1667
1510 1372
1511 1402
1513 1185
1521 1410
1522 1239
1524 1389
1528 1259
1530 1128
1537 1411
1541 1557
1543 1438
1544 1346
1545 1298
1546 1607
1548 1481
1549 1476
1552 1437
1553 1275
1561 1467
1562 1444
1563 1445
1565 1370
1567 1640
1574 1524
1578 1341
1583 1313
1588 1521
1593 1488
1597 1468
1598 1460
1599 1286
1600 1627
1606 1325
1607 1347
1608 1231
1609 1613
1612 1580
1614 1337
1615 1522
1617 1366
1622 1677
1625 1542
1626 1307
1627 1684
1628 1618
1629 1509
1631 1532
1633 1508
1640 1702
1641 1678
1643 1403
1645 1681
1646 1493
1652 1549
1653 1367
1659 1558
1663 1536
1675 1729
1676 1710
1677 1395
1680 1725
1681 1738
1687 1379
1689 1568
1691 1592
1692 1426
1698 1605
1699 1609
1702 1436
1706 1595
1711 1417
1712 1748
1713 1619
1714 1598
1718 1506
1725 1739
1727 1470
1728 1323
1732 1604
1745 1464
1756 1796
1759 1570
1762 1643
1773 1818
1776 1510
1777 1495
1796 1740
1799 1571
1809 1397
1814 1789
1815 1676
1816 1606
1818 1825
1823 1849
1825 1707
1827 1636
1834 1584
1835 1844
1838 1696
1841 1883
1844 1706
1847 1903
1848 1754
1849 1593
1851 1860
1855 1840
1856 1875
1859 1797
1860 1727
1870 1750
1871 1625
1873 1884
1879 1865
1880 1776
1881 1703
1882 1685
1885 1916
1886 1689
1888 1519
1891 1907
1892 1653
1895 1824
1898 1899
1900 1854
1901 1757
1905 1828
1909 1829
1912 1946
1914 1716
1915 1785
1921 1913
1923 1910
1927 1926
1931 1923
1938 1773
1940 1943
1941 1914
1952 1867
1953 1538
1961 1769
1964 1964
1966 1855
1967 1857
1969 1957
1970 1672
1973 1872
1978 1816
1985 2007
1996 1904
1998 1893
2006 2026
2008 1961
2009 1617
2017 1933
2023 1986
2025 1657
2027 1630
2040 1944
2047 1939
2048 2033
2051 1978
2055 1954
2060 1934
2061 2094
2066 2039
2067 1911
2074 1979
2076 2095
2077 2075
2078 1967
2085 2011
2086 1969
2087 1965
2089 1683
2093 1996
2094 1935
2099 2021
2102 2164
2105 1995
2112 2046
2131 1981
2132 2053
2133 2022
2136 2170
2139 2051
2141 2137
2142 2059
2144 2015
2145 2025
2147 1941
