f_0064636.png f_0064962.png
6 338
10 636
13 223
43 485
55 628
74 428
75 603
86 278
100 876
102 965
112 397
117 914
122 862
128 1106
129 1214
132 410
133 525
136 882
145 1027
146 1075
150 747
158 1019
162 1131
189 741
198 935
200 1184
208 1130
221 516
230 288
236 571
244 703
263 167
264 579
282 861
284 371
288 973
289 630
294 790
310 841
315 599
316 665
324 460
328 456
333 1188
337 753
339 938
358 399
363 850
366 694
376 1217
378 271
380 474
381 450
384 931
402 829
408 1282
425 1113
429 446
450 464
451 508
455 837
458 490
459 640
470 930
473 1260
476 577
483 306
489 518
490 634
499 501
501 622
503 1278
506 1249
508 1105
510 562
511 586
522 1343
524 929
525 1273
529 556
530 614
536 542
538 606
539 674
540 1121
542 581
560 503
561 510
568 891
575 1295
583 1436
587 565
592 676
594 1414
601 688
607 717
610 560
612 1465
618 535
622 1151
626 1243
632 398
639 1374
647 928
648 672
657 1510
660 1408
662 950
669 609
681 1150
684 651
685 962
694 514
695 766
699 795
703 267
707 971
708 1354
719 1247
721 811
723 949
727 1163
729 1438
733 1165
737 580
738 668
744 1183
751 1355
752 1378
754 1507
760 1252
762 1299
764 1407
772 1449
776 1424
777 1445
779 1011
780 1331
782 952
788 1212
795 1187
798 585
802 1532
805 848
829 1387
835 1418
844 644
849 608
853 1047
858 1349
859 1311
863 1589
868 684
878 1004
879 1389
881 1406
886 710
889 1286
891 994
892 1221
899 845
913 1263
914 1306
916 1368
918 1486
928 1014
931 808
932 1237
934 1364
940 667
941 1437
942 1463
950 1669
951 1685
952 590
956 1353
959 859
960 1383
962 1194
969 1554
975 1615
980 968
981 1065
982 1211
984 1954
986 678
987 716
990 1382
992 1850
1002 1342
1008 620
1009 1294
1014 1565
1015 755
1021 607
1023 1597
1033 654
1036 1321
1037 1884
1039 724
1041 922
1045 1531
1051 945
1052 1619
1057 1488
1064 1400
1067 745
1068 1710
1074 1129
1076 1941
1083 719
1093 1139
1096 1596
1101 612
1102 759
1111 1457
1112 1781
1119 548
1123 778
1126 1448
1132 1103
1133 1405
1134 1435
1135 715
1137 1006
1138 1679
1144 758
1149 798
1150 934
1151 1614
1153 1667
1160 1638
1162 739
1163 1138
1165 1588
1174 1572
1175 1602
1180 1146
1181 1472
1183 2004
1184 660
1186 1399
1187 1632
1189 1057
1191 1613
1193 1780
1195 776
1196 967
1198 1893
1199 1137
1200 1845
1202 632
1204 1128
1205 2030
1209 1069
1211 1098
1215 1394
1216 1573
1217 1828
1218 1870
1221 1064
1225 1708
1227 686
1229 1869
1233 1032
1234 611
1235 806
1236 1992
1238 916
1240 1739
1244 1766
1247 857
1248 954
1251 738
1254 980
1258 1177
1260 1899
1267 1497
1271 1013
1273 1055
1274 1056
1284 1939
1287 909
1290 1874
1292 663
1295 823
1297 1411
1298 1606
1299 1797
1300 2069
1304 1536
1305 1647
1306 1678
1311 1377
1312 1553
1315 730
1320 1646
1323 1796
1326 488
1327 1524
1329 2047
1333 616
1354 1193
1357 1838
1360 1666
1366 993
1367 1530
1373 1275
1374 1716
1375 1868
1382 1715
1385 920
1387 1562
1388 1856
1393 783
1395 1195
1396 1684
1397 1788
1403 1297
1405 1624
1406 1755
1410 1945
1415 812
1420 944
1421 1991
1427 1795
1436 1827
1437 1863
1440 943
1449 1979
1450 2126
1452 957
1453 1849
1455 1730
1458 1888
1459 2033
1468 1541
1477 1145
1478 1905
1483 883
1485 1216
1489 1779
1490 1934
1491 1937
1494 1508
1497 1944
1502 1836
1509 1958
1513 1706
1522 1682
1524 925
1531 1698
1535 835
1545 947
1546 1208
1548 2133
1552 1136
1555 1637
1559 1474
1560 1548
1561 1642
1564 1848
1565 2057
1566 2068
1573 1328
1575 1092
1576 1677
1584 1807
1587 2009
1588 2044
1589 2144
1591 1583
1596 1977
1597 966
1600 1953
1601 1957
1602 2183
1606 1778
1610 1360
1617 1697
1618 1749
1619 1887
1623 1956
1625 1134
1628 2215
1630 1226
1634 1009
1637 763
1638 1882
1639 1952
1648 1770
1651 1041
1652 1627
1658 1558
1660 1819
1661 2063
1665 1859
1669 1254
1673 1695
1674 1976
1678 1352
1687 1743
1688 1881
1693 1327
1694 1794
1697 1623
1699 2333
1700 1451
1701 1595
1703 1866
1704 1908
1707 1691
1708 1847
1711 2158
1715 1742
1720 2196
1722 1818
1723 1873
1724 1943
1731 1681
1732 1764
1734 1594
1737 2024
1740 2195
1743 2295
1746 1825
1750 2046
1756 2051
1759 2388
1765 1305
1767 1792
1772 1676
1773 1880
1779 1892
1781 2387
1784 1714
1786 782
1787 2074
1789 1222
1790 1753
1791 1972
1802 992
1808 1903
1812 1975
1813 1096
1816 1533
1818 1366
1820 1763
1824 1961
1826 2138
1830 2131
1831 2149
1835 1896
1837 2124
1839 2101
1843 2182
1853 1705
1856 2059
1863 1381
1872 1990
1873 2170
1874 2402
1892 2157
1899 1309
1903 2008
1904 2123
1909 2108
1911 2308
1914 1240
1917 2077
1919 1503
1920 1636
1928 2099
1931 2204
1935 1304
1942 2417
1945 1769
1947 2401
1952 2202
1958 2236
1961 1482
1993 2226
1997 1694
1999 1747
2009 1951
2010 2090
2011 1303
2026 1701
2032 2279
2048 2214
2049 787
2057 2232
2064 2151
2065 2160
2073 1842
2074 1950
2081 1785
2084 1502
2086 1741
2095 2080
2101 1733
2106 2240
2108 2269
2110 2066
2123 2414
2125 1477
2134 2384
2135 2273
2144 2189
2154 1805
2156 2370
2174 2381
2178 2137
2179 1124
2186 1579
2187 2058
2188 1094
2193 1341
2194 1544
2210 2136
2218 2301
2220 1423
2223 834
2238 2086
2244 1912
2245 2231
2247 2311
2259 2209
2262 956
2264 1233
2266 2374
2278 1546
2288 1989
2289 2178
2292 2396
2298 1864
2307 2413
2309 2310
2313 2056
2320 2032
2321 2213
2325 1751
2346 1471
2349 2366
2365 2062
2372 2201
2399 1920
2401 1768
2404 1984
2405 2089
2426 2148
2434 1723
2436 2225
2459 1511
2473 1543
2476 1350
2482 2348
2484 2129
2512 2290
2515 2369
2528 1994
2559 1283
2582 2326
2591 2345
2593 1811
2602 2194
2605 1713
2615 2289
2618 2271
2647 2224
2655 1568
2672 2341
2673 2394
2676 1397
2677 1443
2678 1997
2679 2389
2693 2393
2701 1931
2716 2399
2730 1481
2731 1446
