f_0082702.png f_0082452.png
52 46
94 200
105 125
140 188
142 347
172 270
193 430
197 226
275 527
361 681
366 438
418 331
480 811
533 837
593 909
622 742
629 882
636 966
644 739
652 1024
666 818
685 1076
691 1091
692 907
697 790
724 1135
738 809
741 1132
765 1061
774 945
785 889
818 1015
826 1205
832 940
841 1254
866 1093
909 1031
947 1275
951 1276
971 1291
972 1198
973 1096
995 1423
996 1413
1007 1137
1019 1213
1022 1321
1077 1306
1082 1231
1124 1301
1130 1510
1139 1582
1146 1335
1154 1441
1163 1330
1166 1336
1180 1351
1181 1360
1204 1379
1213 1337
1246 1428
1250 1434
1255 1388
1293 1462
1373 1443
