f_0082946.png f_0082620.png
152 257
311 281
342 71
370 98
397 57
422 451
444 454
456 168
484 7
491 8
497 695
501 288
507 134
513 287
541 261
547 325
552 49
553 282
565 66
599 136
601 95
632 553
654 440
658 132
667 147
692 345
707 153
723 417
725 339
733 500
736 224
746 175
752 346
760 382
763 39
767 363
773 364
800 428
801 387
811 972
818 395
851 399
864 570
871 294
874 418
875 143
894 195
896 206
911 336
919 1034
937 1105
946 541
975 548
976 471
982 646
993 453
1002 724
1006 504
1019 562
1021 667
1023 524
1024 476
1033 472
1053 1168
1054 741
1064 765
1074 232
1083 706
1084 629
1087 477
1095 600
1099 713
1103 617
1108 619
1110 613
1123 605
1124 614
1129 824
1138 632
1150 842
1152 714
1156 860
1157 746
1161 850
1203 923
1204 941
1240 577
1253 410
1259 800
1263 848
1266 1303
1292 936
1296 911
1315 518
1362 879
1365 927
1369 912
1375 957
1385 755
1405 954
1413 942
1451 938
1466 1040
1473 1376
1478 980
1488 882
1673 1165
1677 1174
1681 1159
1692 1402
1697 1215
1716 1221
1760 1447
1801 1488
1854 1274
1899 1548
1913 1558
1928 1607
1956 1388
2010 1411
2038 1707
2049 1704
2064 1706
2065 1641
2094 1450
2118 1472
2166 1634
2171 1656
