f_0082492.png f_0082942.png
14 7
54 109
59 213
72 105
83 130
99 14
125 142
126 170
128 190
141 100
152 73
175 50
198 176
229 152
271 71
284 181
297 171
326 357
336 280
351 311
356 162
372 195
373 68
374 408
377 231
401 121
406 66
415 91
456 291
460 120
475 256
505 329
513 310
534 161
646 148
655 201
692 344
724 229
749 626
874 851
888 275
893 602
948 369
1008 285
1029 699
1045 746
1046 768
1047 787
1064 419
1074 630
1097 730
1098 886
1106 784
1118 788
1139 640
1156 908
1182 676
1188 186
1189 483
1190 508
1191 539
1195 857
1198 952
1230 885
1249 1027
1254 1000
1257 1029
1263 963
1269 1028
1283 1155
1330 1130
1366 1048
1367 1086
1427 883
1443 1022
1719 1422
1728 1226
1746 1368
1780 1318
1781 1395
1787 1276
1847 1469
1852 1426
1879 1452
1894 907
1970 1441
1977 1569
1990 1702
2025 1708
2072 1782
2075 1605
2083 1417
2125 1729
2198 1280
2218 1728
2286 1856
