f_0082952.png f_0082958.png
30 8
34 18
41 3
43 5
47 46
54 6
67 11
74 48
81 4
86 66
93 44
101 31
103 70
104 105
108 17
112 33
124 104
125 135
132 63
133 83
134 85
135 80
137 41
139 130
145 110
151 74
153 99
154 129
156 78
161 24
169 92
172 23
173 127
178 107
179 115
180 122
184 139
185 54
192 147
195 77
200 67
208 102
209 134
212 97
213 106
214 155
215 185
221 168
222 144
223 209
225 112
226 190
230 178
246 173
248 149
249 165
250 184
251 207
252 208
255 183
257 162
260 145
267 242
269 157
270 203
278 131
280 230
281 225
282 229
284 232
286 270
295 231
296 266
297 261
298 164
299 169
304 161
305 252
306 288
307 281
308 267
312 193
313 194
314 245
320 276
333 287
336 269
337 201
339 265
342 204
343 272
347 325
352 341
357 264
362 214
363 279
368 320
371 338
379 357
381 228
384 337
385 358
386 254
387 316
393 355
396 315
401 263
404 372
406 290
408 362
412 323
418 361
420 410
427 284
428 343
429 350
431 369
432 388
433 277
439 278
443 387
444 367
446 382
448 431
449 282
451 303
454 366
457 406
458 407
460 326
462 301
465 371
473 339
474 344
476 353
478 396
480 422
481 342
486 421
490 348
491 328
492 377
496 425
500 408
502 430
506 356
514 446
517 420
518 427
523 363
526 426
531 384
543 399
544 400
546 455
557 464
558 470
561 433
563 491
564 472
566 451
571 492
574 487
575 504
577 469
580 416
584 516
586 467
589 486
594 511
600 444
601 459
603 490
606 538
609 458
611 541
612 483
616 493
617 496
618 506
619 443
620 454
627 481
629 550
630 514
638 547
639 564
654 536
660 510
664 489
665 532
666 535
668 557
669 552
672 525
675 556
677 533
678 534
681 528
683 579
684 585
686 571
694 554
697 574
701 551
703 576
708 600
710 512
711 513
712 546
713 584
716 589
719 583
728 594
730 524
734 565
736 580
742 599
744 586
749 559
754 592
755 604
757 616
759 582
761 630
763 602
765 619
770 573
771 606
777 634
778 629
781 637
794 553
797 632
798 658
799 648
801 566
805 655
806 659
807 595
813 624
821 625
823 672
825 695
827 654
831 669
835 670
836 671
839 709
842 704
844 685
845 715
846 700
848 657
850 610
854 689
855 719
856 727
863 684
866 679
868 674
870 723
871 744
872 738
876 706
879 680
880 697
882 681
890 726
892 662
893 653
894 677
895 712
898 708
899 741
900 756
901 742
902 743
906 730
907 733
910 717
913 725
921 736
922 745
925 722
926 729
927 732
928 750
929 762
930 779
931 696
934 660
937 800
938 780
939 759
940 784
943 711
945 794
950 782
952 799
956 790
961 783
962 818
963 823
975 828
977 758
980 822
981 830
983 749
984 787
985 815
986 841
987 814
992 774
994 840
996 826
997 856
999 748
1000 807
1005 773
1011 878
1012 763
1015 872
1016 879
1019 877
1021 863
1023 806
1024 844
1032 870
1034 882
1038 890
1040 886
1046 897
1047 900
1051 876
1053 901
1056 906
1068 803
1069 885
1070 889
1076 819
1080 908
1081 915
1084 927
1087 934
1088 928
1089 930
1094 935
1096 860
1097 892
1099 912
1101 904
1107 911
1112 933
1114 842
1119 960
1121 847
1128 937
1135 945
1139 917
1141 883
1146 913
1148 974
1154 951
1155 968
1157 991
1158 1000
1160 940
1161 980
1165 965
1166 985
1171 967
1175 963
1176 977
1177 1013
1178 995
1182 958
1183 988
1186 1021
1190 993
1192 1011
1193 998
1196 1020
1197 1006
1199 931
1200 944
1207 1040
1211 1034
1214 997
1215 1019
1219 1029
1220 1042
1226 939
1227 1010
1229 1043
1230 1047
1236 948
1237 978
1238 983
1240 1054
1241 1060
1242 954
1244 1053
1251 1038
1253 1078
1258 1007
1259 1059
1260 1024
1263 1065
1264 1076
1265 1086
1266 1087
1267 1077
1268 1049
1269 996
1274 1056
1275 1100
1280 1005
1283 1103
1288 1061
1290 1093
1294 1089
1296 1017
1297 1015
1301 1112
1305 1064
1309 1041
1310 1099
1312 1022
1315 1085
1318 1084
1321 1127
1322 1140
1323 1115
1339 1133
1340 1123
1342 1045
1343 1063
1346 1122
1348 1139
1352 1092
1353 1105
1354 1119
1357 1091
1361 1150
1363 1157
1366 1070
1369 1132
1373 1074
1378 1177
1379 1082
1381 1144
1384 1149
1389 1152
1395 1165
1398 1088
1400 1110
1402 1135
1408 1143
1411 1221
1413 1188
1414 1180
1416 1220
1418 1142
1427 1155
1428 1234
1434 1231
1435 1229
1436 1230
1438 1169
1439 1199
1447 1224
1449 1244
1456 1233
1457 1225
1461 1184
1462 1228
1463 1249
1465 1250
1466 1151
1468 1185
1471 1253
1472 1270
1474 1212
1475 1238
1477 1263
1478 1158
1482 1256
1487 1218
1491 1242
1492 1243
1493 1271
1494 1159
1495 1198
1503 1276
1506 1268
1508 1189
1511 1275
1517 1237
1523 1227
1530 1254
1532 1330
1535 1262
1551 1326
1558 1313
1563 1343
1566 1298
1574 1291
1576 1362
1577 1260
1580 1351
1584 1366
1586 1318
1587 1323
1588 1350
1589 1353
1594 1391
1600 1380
1601 1373
1605 1308
1606 1371
1607 1379
1610 1288
1611 1347
1612 1368
1613 1405
1615 1392
1626 1387
1629 1367
1632 1406
1633 1399
1634 1348
1639 1374
1641 1395
1643 1404
1644 1407
1651 1359
1656 1419
1658 1431
1664 1385
1667 1436
1673 1410
1682 1416
1685 1428
1686 1444
1691 1479
1694 1456
1708 1435
1709 1467
1710 1476
1713 1443
1716 1450
1717 1474
1721 1453
1730 1452
1731 1457
1733 1475
1740 1458
1743 1492
1746 1471
1757 1491
1759 1497
1763 1493
1764 1447
1767 1495
1771 1527
1775 1480
1784 1514
1787 1499
1794 1508
1800 1468
1804 1517
1806 1535
1808 1494
1813 1509
1814 1503
1815 1512
1824 1522
1826 1550
1827 1536
1831 1530
1835 1523
1840 1580
1842 1511
1849 1561
1850 1526
1862 1552
1863 1560
1870 1524
1876 1557
1882 1579
1887 1537
1894 1576
1899 1591
1902 1573
1911 1581
1913 1556
1916 1567
1922 1603
1927 1611
1934 1610
1937 1617
1940 1630
1941 1601
1943 1624
1948 1634
1952 1609
1956 1602
1963 1620
1968 1619
1972 1651
1974 1648
1975 1644
1979 1595
1983 1654
1984 1664
1986 1666
1992 1641
2001 1687
2005 1677
2024 1676
2027 1667
2031 1703
2032 1698
2033 1711
2034 1748
2038 1679
2039 1717
2041 1719
2044 1723
2046 1673
2047 1716
2048 1694
2052 1724
2053 1816
2054 1779
2057 1720
2076 1758
2080 1787
2084 1741
2090 1817
2091 1778
2094 1772
2096 1791
2097 1793
2098 1798
2099 1774
2100 1752
2102 1750
2113 1771
2114 1797
2115 1770
2120 1820
2123 1782
2127 1777
2131 1794
2135 1789
2142 1781
2149 1796
2153 1799
2157 1792
2159 1836
2162 1803
2165 1800
2176 1865
2177 1814
2179 1826
2180 1835
2183 1830
2189 1827
2190 1825
2191 1842
2194 1840
2217 1897
2218 1856
2225 1864
2226 1895
2228 1878
2230 1846
2236 1880
2239 1883
2244 1889
2254 1872
2264 1899
2266 1888
2269 1909
2272 1927
2274 1902
2276 1924
2285 1916
2292 1932
2295 1901
2313 1948
2318 1942
2323 1940
2329 1943
2331 2001
2334 1970
2337 1964
2342 1984
2344 1967
2347 1985
2348 1959
2355 1987
2360 1971
2361 1997
2362 1966
2363 1990
2366 2020
2370 1992
2374 2016
2375 2011
2388 2023
2392 2038
2393 2009
2396 2010
2400 2040
2405 2045
2406 2032
2418 2065
2422 2061
2423 2063
2424 2014
2427 2008
2428 2082
2429 2078
2431 2036
2435 2026
2436 2041
2443 2037
2444 2059
2450 2048
2460 2076
2462 2027
2466 2058
2467 2071
2470 2088
2476 2083
