f_0082924.png f_0082912.png
18 2698
26 1401
29 1459
30 827
47 2941
50 341
53 2641
56 787
64 1481
69 733
78 1579
81 2060
82 1890
86 2186
100 719
117 558
120 1362
126 2179
132 2292
137 1403
144 1832
159 1990
162 457
164 2008
168 2877
175 2270
185 1454
191 393
192 27
194 440
200 1097
205 2124
208 1243
209 506
210 552
214 2540
223 1446
224 1815
228 1082
230 2399
237 1800
242 1257
245 284
254 2255
256 2066
259 1852
263 60
268 935
278 299
284 213
290 115
292 2185
301 2710
303 2736
306 549
311 2385
312 1714
316 2062
319 990
324 1766
327 1713
328 2721
334 2982
335 1949
336 1458
348 1136
351 2854
366 2471
375 1930
376 2272
377 710
381 90
383 1344
389 158
396 575
399 2088
403 1038
408 1560
410 404
418 439
422 8
423 988
438 1319
441 1956
445 2862
446 1521
454 948
465 1708
466 2350
471 757
480 1406
482 1900
491 940
493 882
494 9
499 316
509 2227
512 1635
527 1608
531 1339
536 21
537 2482
543 1502
553 592
556 2377
557 1537
558 1954
564 168
573 1672
608 657
609 468
619 1130
621 2175
623 1737
628 389
632 46
658 1311
663 2852
668 2848
671 49
673 1806
674 1851
677 753
694 1536
698 700
699 511
705 2617
712 2045
715 411
716 19
717 2303
721 2746
722 427
724 1351
734 960
744 2012
752 486
754 1493
765 2337
772 776
777 2372
783 1803
789 2083
790 1093
791 2461
795 2673
796 2040
807 1569
852 57
859 2539
863 127
874 1948
875 2979
876 824
877 1528
889 768
891 2521
892 2003
893 646
897 2965
902 2611
905 378
916 1416
918 1616
931 383
933 1697
935 2098
946 1675
952 2559
965 1456
972 2719
981 282
989 2437
991 2712
1001 1698
1002 2637
1006 1715
1008 897
1017 1029
1019 1496
1029 822
1030 1877
1035 2415
1036 2879
1037 817
1039 2944
1045 34
1050 1977
1054 2946
1056 2565
1060 1162
1064 2541
1095 1179
1097 219
1104 1058
1105 2093
1106 743
1109 1912
1112 55
1116 1922
1120 853
1122 922
1124 361
1133 2242
1144 2844
1162 2503
1165 863
1168 2099
1171 223
1179 505
1180 2378
1181 2072
1186 1474
1188 1306
1189 1932
1191 2913
1200 195
1207 2224
1209 2324
1212 2574
1217 1069
1219 1396
1228 1302
1229 1317
1231 1659
1234 1712
1241 671
1246 1183
1248 890
1252 415
1253 2806
1263 1812
1279 1986
1287 756
1288 1893
1292 1751
1293 577
1294 1662
1296 2614
1304 791
1309 2323
1312 1997
1316 1588
1320 1797
1323 2606
1329 962
1332 2685
1342 1955
1346 2277
1353 670
1359 2388
1361 1881
1363 1324
1369 1543
1395 2867
1403 2507
1409 1725
1415 2041
1417 659
1418 1170
1424 625
1429 880
1430 2930
1434 1585
1437 2271
1439 2639
1450 1350
1454 739
1455 1325
1456 1649
1460 1856
1467 1464
1488 1546
1492 2189
1495 1292
1500 1398
1505 2496
1520 277
1525 418
1529 2892
1542 736
1543 1304
1554 2791
1560 347
1571 2812
1572 1589
1575 1327
1581 1192
1583 1296
1584 652
1589 2888
1594 22
1596 2733
1601 1736
1613 2756
1618 1501
1620 825
1626 654
1627 1756
1630 1584
1637 495
1643 610
1646 1429
1652 2549
1657 1373
1658 1074
1661 1864
1668 1078
1677 2572
1679 2768
1686 375
1688 2017
1689 1451
1695 1318
1701 2312
1705 2148
1708 216
1709 2825
1711 871
1716 1907
1718 1210
1724 263
1726 2570
1733 2492
1736 2052
1743 722
1745 816
1746 1605
1750 56
1757 1450
1763 2841
1768 1054
1770 2936
1773 2397
1775 2121
1776 186
1782 1886
1787 2636
1789 319
1803 1665
1806 2505
1823 2679
1828 1776
1829 2767
1830 1786
1834 2512
1838 2405
1844 2968
1845 673
1847 18
1860 622
1864 2650
1885 1621
1886 1657
1887 1849
1890 1424
1891 2910
1904 1802
1908 2545
1910 2558
1911 2056
1912 407
1918 2661
1919 1633
1929 349
1930 140
1931 1548
1936 2928
1938 2987
1948 2028
1950 37
1951 139
1952 2903
1954 1798
1962 2630
1964 128
1966 2594
1970 1354
1976 183
1980 170
1981 5
1988 1382
1991 1855
1992 1290
1993 285
1995 2472
1999 162
2002 2079
2009 2026
2012 1248
2014 2568
2015 2084
2019 1353
2020 2994
2029 131
2032 2325
2033 779
2035 1288
2043 963
2046 470
2048 73
2056 2474
2057 71
2060 1640
2061 474
2065 1578
2071 126
2072 1258
2073 1390
2077 25
2090 1727
2097 2383
2117 2498
2127 604
2128 1473
2129 1471
2130 1769
2135 2711
2138 390
2139 230
2147 1613
2149 1891
2150 199
2154 780
2159 2887
2163 717
2165 2395
2172 706
2177 138
2179 16
2181 1000
2195 2407
2199 62
2204 2986
2208 15
2210 2778
2218 1898
2220 178
2228 2640
2235 2699
2238 1120
2239 2393
2242 554
2244 1019
2255 1133
2257 2876
2275 966
2278 167
2282 1989
2287 2750
2290 1332
2293 362
2297 154
2298 2952
2299 2085
2311 545
2328 772
2329 26
2330 2816
2341 1043
2345 2774
2348 52
2350 68
2357 302
2364 84
2368 123
2369 3
2370 42
2371 2425
2373 1392
2375 269
2376 458
2383 1580
2389 2700
2395 2075
2402 240
2424 2196
2428 1857
2431 1266
2433 1958
2445 28
2449 1410
2454 865
2456 1134
2463 1982
2465 1106
2470 1934
2471 1107
2478 2846
2488 689
2490 41
2497 1064
2498 2335
2508 1349
2510 2095
2513 1551
2518 793
2519 976
2522 2386
2530 1188
2536 1173
2540 86
2553 2709
2565 2753
2576 538
2582 372
2588 916
2602 942
2610 857
2614 1704
2624 2184
2629 203
2638 266
2639 1904
2640 2516
2650 2676
2652 1469
2665 243
2669 829
2678 2473
2682 184
2685 2654
2687 2667
2709 1792
2712 2457
