f_0082926.png f_0082876.png
2 533
11 207
17 310
26 291
29 284
44 275
53 255
54 232
72 231
89 263
95 220
120 264
137 285
148 295
152 299
154 241
163 370
171 238
193 320
196 616
213 288
219 296
224 333
225 343
231 280
236 286
256 302
274 445
287 371
290 536
313 416
335 348
348 317
353 386
362 410
363 349
383 429
384 355
388 494
389 468
395 351
399 430
408 498
409 399
415 330
428 505
432 541
435 384
444 352
449 495
450 380
465 650
476 479
477 462
480 407
481 391
501 471
506 515
524 480
525 455
534 446
547 441
554 463
560 424
564 586
568 442
569 438
571 641
576 431
578 523
583 702
586 436
590 500
591 477
597 507
604 638
607 465
614 449
619 707
629 489
633 474
636 490
641 629
642 622
644 488
649 520
650 611
651 483
662 473
663 785
665 738
666 658
668 534
671 634
673 517
677 501
686 635
687 506
693 508
696 527
702 715
713 511
726 509
733 594
736 646
741 529
766 563
768 546
774 601
775 564
776 530
786 599
787 602
793 891
797 551
800 589
802 627
807 567
815 766
818 743
822 680
826 681
828 614
832 679
838 675
849 776
854 682
855 617
856 615
862 685
875 689
876 691
878 663
879 659
885 667
889 694
895 647
896 651
898 690
899 676
904 670
911 805
912 710
913 699
915 880
918 824
919 731
920 711
926 668
928 939
935 732
937 709
944 753
971 920
982 756
987 822
994 948
1008 739
1010 876
1018 843
1028 741
1061 886
1071 781
1074 1025
1079 788
1083 860
1085 792
1090 742
1098 872
1124 796
1126 840
1128 1005
1135 903
1138 807
1154 930
1158 1013
1162 940
1164 816
1187 852
1192 988
1193 924
1201 868
1206 991
1210 892
1214 961
1220 934
1221 893
1227 888
1228 865
1237 864
1239 1039
1249 941
1257 1007
1258 993
1261 949
1264 969
1265 935
1271 907
1278 873
1280 1016
1297 883
1299 1020
1306 944
1311 904
1312 1137
1334 1168
1337 919
1355 982
1365 973
1367 974
1376 971
1393 915
1395 1017
1399 1054
1400 1021
1406 1022
1436 1035
1455 1064
1460 1048
1481 1055
1482 1000
1485 1128
1487 976
1490 1058
1497 1044
1501 1120
1504 1079
1508 1187
1511 997
1513 1060
1514 1041
1515 1033
1530 1091
1531 1037
1541 1089
1546 1092
1550 1030
1557 1130
1588 1095
1601 1145
1602 1084
1607 1221
1615 1097
1621 1068
1631 1102
1636 1142
1644 1114
1654 1098
1658 1210
1675 1146
1689 1183
1717 1161
1727 1277
1730 1233
1739 1228
1742 1271
1743 1213
1748 1244
1755 1275
1773 1204
1779 1191
1807 1212
1812 1211
1835 1229
1850 1248
1859 1238
1860 1254
1869 1326
1893 1332
1909 1285
1914 1360
1919 1230
1920 1423
1922 1342
1947 1415
1960 1372
1986 1390
1993 1315
2001 1323
2007 1325
2012 1396
2017 1391
2049 1306
2050 1296
2067 1397
2083 1399
2100 1408
2118 1416
2134 1482
2189 1454
2303 1443
2333 1458
2356 1439
2427 1501
2437 1494
2444 1512
2494 1513
2535 1500
2576 1531
2579 1550
2594 1553
2685 1541
2731 1551
