f_0082452.png f_0082620.png
96 76
99 49
110 34
115 19
118 20
136 27
188 89
199 45
207 64
213 98
216 67
226 115
227 103
246 134
259 96
270 77
271 183
272 158
282 170
304 218
314 145
320 148
330 248
333 182
334 239
336 152
366 164
369 174
390 196
407 326
413 192
422 234
440 289
459 221
470 287
481 258
493 254
494 288
514 281
518 325
521 297
524 375
539 335
545 312
548 336
552 415
563 355
566 342
567 346
572 339
579 354
588 319
591 351
592 365
597 366
601 363
618 393
625 348
628 387
632 341
633 357
636 394
645 395
646 399
674 449
686 374
698 463
703 417
705 487
736 405
737 443
741 452
744 441
791 454
809 527
823 433
844 462
853 486
858 470
861 612
874 662
909 522
914 664
916 553
922 526
938 521
945 709
959 535
971 604
974 532
990 694
1003 767
1004 707
1018 568
1024 618
1025 713
1037 714
1046 586
1051 705
1056 800
1066 736
1067 799
1079 666
1081 732
1084 781
1093 735
1110 649
1120 819
1132 741
1141 697
1144 733
1149 716
1154 704
1158 773
1166 824
1170 734
1178 798
1181 808
1186 717
1187 834
1195 833
1210 840
1211 865
1212 963
1219 951
1220 928
1222 723
1229 841
1236 944
1238 883
1241 850
1242 958
1247 726
1251 925
1260 750
1261 862
1263 927
1267 816
1270 962
1274 803
1275 950
1276 985
1278 872
1283 822
1285 936
1287 762
1289 980
1293 881
1313 1006
1320 796
1321 978
1327 785
1346 974
1348 857
1351 1053
1357 1063
1362 1076
1363 1086
1367 1046
1375 1085
1376 1100
1384 1110
1393 993
1408 968
1413 997
1423 987
1462 1146
1504 1192
1511 1266
1552 1272
1593 1337
1625 1194
