f_0082620.png f_0082968.png
2 150
169 234
170 425
214 409
227 1285
238 619
265 653
287 285
289 563
314 59
332 798
334 163
335 805
351 836
353 843
362 949
363 865
377 404
378 711
379 1460
383 773
384 997
390 623
391 640
393 418
417 579
432 587
437 1498
460 1095
470 423
486 398
487 1179
490 1104
511 1580
536 1145
564 1330
567 1722
572 1558
597 1531
601 1144
602 1576
604 738
605 1518
616 1049
617 1557
621 535
631 1032
632 1570
634 710
635 1398
657 1627
658 1059
662 1364
663 1475
666 801
667 1129
673 1579
676 1599
688 1670
715 1614
739 1662
747 1725
755 1730
758 1509
767 1679
768 706
774 1266
775 1707
799 1637
812 980
813 1502
816 953
817 1483
825 1613
833 1336
834 1322
838 930
839 1598
855 1506
859 886
865 1489
869 1029
871 1815
882 1825
908 1878
912 1586
913 1846
926 1867
928 1720
938 1705
954 1609
969 1413
980 1791
983 1628
985 1669
990 1741
997 1448
1006 1781
1014 1451
1025 1555
1039 1551
1040 1709
1053 1828
1063 1852
1076 1873
1080 1768
1085 1843
1093 1958
1110 1900
1132 1990
1138 1783
1139 2003
1141 1999
1142 2014
1151 2020
1159 2055
1192 2019
1221 2002
