f_0082558.png f_0082864.png
11 176
53 25
61 2571
66 1049
70 2215
90 26
100 212
120 2068
132 2283
157 2295
195 264
240 252
247 1164
308 792
399 283
403 1808
429 946
501 1200
556 2636
560 247
650 1927
669 2779
675 2536
681 1943
682 2096
827 2031
834 1301
912 1105
918 2219
955 2946
1034 2407
1073 428
1078 217
1092 1681
1110 192
1134 850
1175 2745
1212 2712
1242 1020
1366 640
1445 1721
1459 393
1464 1807
1476 2721
1609 753
1623 142
1653 2347
1701 451
1728 1234
1753 401
1801 1637
1846 644
1848 1279
1878 561
1919 2986
2084 1745
2177 1930
2183 2951
2197 2599
2207 2006
2225 2973
2315 2526
2327 2789
2341 1896
2392 41
2396 2128
2455 1166
2507 355
2512 2082
2549 258
2616 524
2703 631
2741 113
2788 1459
2791 2995
2872 1620
2922 2711
2930 893
2967 1056
2981 2916
