f_0082872.png f_0082912.png
443 988
477 0
481 79
571 1926
596 193
616 1046
621 2219
637 1635
677 2120
704 46
728 1130
740 19
783 2241
784 776
794 1806
820 1515
952 2145
979 2814
1007 504
1031 2337
1041 2883
1056 2239
1070 2895
1112 1168
1116 2723
1169 47
1184 1830
1192 1569
1194 264
1204 2550
1276 2879
1314 1910
1382 747
1434 1581
1476 1674
1482 1715
1535 2072
1545 1659
1547 459
1588 691
1599 2959
1605 85
1612 1917
1634 918
1641 1215
1686 2106
1689 2480
1697 2547
1706 556
1714 1725
1748 923
1770 2343
1772 527
1776 732
1782 2271
1787 796
1859 125
1880 1702
1894 2160
1920 495
1952 1744
1953 2127
1984 454
2005 679
2009 163
2018 2112
2020 2148
2049 805
2099 1918
2132 968
2141 194
2147 748
2169 2010
2176 1426
2196 673
2200 1037
2204 1802
2205 2056
2207 2910
2225 82
2229 6
2232 2840
2233 2427
2239 37
2240 725
2241 197
2244 93
2250 2228
2261 1489
2263 2079
2284 1363
2310 2916
2312 1076
2339 44
2341 2498
2355 2345
2376 2039
2399 390
2413 648
2416 780
2418 1573
2437 2484
2467 508
2472 1700
2476 2556
2493 1960
2498 2992
2512 1106
2514 2441
2548 2414
2577 200
2585 2294
2595 13
2610 105
2613 1020
2630 1329
2635 2923
2644 925
2645 2911
2669 307
2688 1837
2699 1150
2708 2473
2713 2464
2745 981
2754 2515
2765 1068
2769 192
2774 357
2778 2654
2780 2696
2782 2016
2783 1380
