f_0082864.png f_0082872.png
2 1133
3 758
4 106
6 1982
8 749
12 1356
16 358
17 1842
29 1681
33 1006
44 1490
45 133
47 1764
51 1683
53 1506
55 786
58 855
61 289
63 773
65 750
67 654
73 2723
74 27
79 1767
83 223
84 1642
89 2361
91 2098
92 2066
93 436
100 1296
101 1618
104 1354
105 632
108 1070
109 640
111 1386
115 2114
118 918
124 1677
128 877
130 748
131 2091
134 2286
137 740
142 1702
147 1358
153 2012
156 2272
161 957
163 1483
164 2245
165 232
167 1252
168 1170
170 2421
171 2538
173 166
174 177
176 1777
177 1082
180 1332
189 853
191 810
192 656
193 85
194 1072
196 704
198 275
202 2021
210 384
211 947
213 1230
216 2484
217 1440
218 393
221 2511
222 1463
223 1381
227 939
232 1149
233 1219
234 707
239 1751
241 1247
247 1274
250 433
252 1480
253 1821
254 1489
259 1581
261 421
265 808
268 2447
274 835
276 485
279 548
283 1080
286 724
288 1795
289 1459
296 333
302 2345
303 2411
308 1159
312 1862
315 555
316 2243
324 2219
325 928
329 536
331 1601
332 2195
333 804
341 699
346 2498
347 709
349 2414
355 1035
356 24
358 616
362 1956
364 1840
365 62
367 675
368 828
375 346
378 2632
383 1092
388 502
389 991
395 225
400 631
403 2591
404 831
407 208
408 278
409 1239
412 2657
416 224
421 909
423 829
425 668
428 1457
429 181
433 2758
436 1509
441 1820
442 431
444 1234
449 2197
458 940
465 2126
468 1004
473 1687
477 142
484 292
487 1146
490 731
491 886
498 1464
504 78
505 143
510 1497
511 1280
512 850
515 1715
516 2090
517 2515
518 233
519 2158
520 122
523 1122
524 1537
525 1804
529 2430
530 648
536 1137
543 1747
544 1186
545 570
547 1964
553 2624
556 1898
561 1580
562 1335
563 1882
564 230
565 1539
568 2254
570 1983
573 528
574 1690
576 1737
579 1351
584 634
585 1246
589 1500
593 124
603 1568
605 1262
609 809
611 211
612 2539
614 2718
618 1355
619 2198
623 326
625 2338
632 1731
633 666
634 600
636 2070
637 262
640 1649
643 2294
646 1974
652 207
655 564
657 484
658 765
659 2271
662 2490
665 1208
666 950
668 2640
670 1297
671 792
674 1392
675 2220
678 2747
681 1243
687 2025
689 2313
692 1727
694 660
695 30
698 164
705 2603
707 1535
708 2186
709 1593
712 49
714 305
715 775
717 2200
719 1712
723 2053
724 1198
726 1750
728 999
734 1850
736 806
737 1616
744 1545
748 1939
753 1423
758 798
759 651
762 350
764 1486
766 629
768 996
772 2738
773 854
776 2036
785 2202
790 2028
794 1030
796 1647
797 1429
802 1849
803 2190
804 807
808 1657
815 1276
816 1988
817 1834
822 1036
826 1905
829 1784
831 1427
834 2362
837 2229
838 1184
839 402
843 535
845 1696
853 463
854 2019
855 2669
856 1992
861 1286
862 409
864 542
866 893
876 546
891 665
894 50
896 1403
897 667
905 679
908 1405
909 1053
911 961
915 1803
919 491
920 1594
922 1147
923 1884
929 2246
930 2483
932 200
933 538
936 1652
938 26
943 2650
945 259
948 2521
949 2567
951 2169
958 2480
960 2139
966 2305
967 2377
968 925
976 2187
978 980
982 1921
983 2225
985 1584
992 1042
995 1064
996 997
1004 973
1006 1078
1018 1162
1019 2621
1026 1298
1032 2231
1036 1065
1039 34
1041 1807
1043 1393
1045 1897
1049 596
1053 1951
1057 2466
1062 2625
1066 257
1067 497
1072 1832
1084 1774
1100 2368
1103 1806
1107 913
1113 2340
1114 897
1122 2076
1127 1031
1128 1586
1129 1625
1131 1264
1135 1025
1136 595
1140 443
1143 1345
1144 974
1153 453
1154 531
1155 720
1161 392
1163 425
1166 962
1173 2217
1176 2451
1178 117
1183 2062
1193 1604
1196 1425
1199 1210
1202 9
1204 1578
1206 1461
1207 473
1210 613
1212 1142
1217 2366
1218 1661
1223 247
1225 403
1227 2664
1228 221
1231 917
1233 1131
1239 2168
1251 801
1256 158
1257 693
1259 1075
1262 1231
1265 2760
1266 1431
1267 1128
1279 1043
1291 1540
1293 1847
1300 2373
1301 1338
1305 2020
1309 2627
1310 1385
1312 2153
1313 1565
1316 2005
1317 386
1320 1174
1327 1643
1330 684
1334 2585
1338 119
1340 1112
1341 1321
1342 725
1346 411
1348 825
1350 369
1360 547
1362 1175
1368 933
1372 1749
1376 583
1385 1936
1387 1002
1393 989
1404 2581
1408 1218
1410 1547
1415 1213
1416 2686
1423 1129
1425 2549
1426 2205
1427 299
1433 1782
1435 2408
1441 1729
1445 960
1457 2120
1467 83
1470 1233
1475 1279
1477 372
1482 1155
1483 1575
1486 532
1494 2389
1495 899
1499 1910
1502 2422
1503 719
1505 2175
1506 826
1518 2160
1525 1054
1528 1830
1533 1598
1538 2065
1539 293
1540 1428
1544 611
1548 691
1555 588
1556 1200
1558 1631
1562 1614
1563 2298
1569 637
1573 1899
1575 1479
1577 2700
1578 1756
1583 1504
1584 1802
1585 304
1586 1032
1597 537
1605 349
1606 873
1610 2143
1612 920
1616 298
1620 1084
1621 1779
1638 1442
1640 1697
1645 521
1647 2011
1651 1223
1653 2710
1658 1933
1668 1254
1674 578
1676 1105
1684 2121
1688 1045
1691 1304
1696 1785
1702 321
1706 793
1707 2185
1709 2106
1716 2203
1717 524
1718 1998
1721 2129
1724 302
1728 819
1730 1009
1734 837
1735 1501
1737 907
1738 1217
1741 734
1745 1482
1747 1098
1753 2284
1755 2130
1756 1826
1757 1611
1770 2485
1775 2044
1776 760
1782 794
1783 1395
1785 2741
1787 557
1788 1722
1789 2672
1791 1979
1793 245
1794 2534
1800 2097
1807 1409
1809 1436
1810 291
1817 2417
1818 1995
1827 504
1828 1745
1830 1313
1835 1144
1836 1441
1841 1250
1843 1309
1854 2301
1858 1228
1861 2212
1864 1111
1866 1895
1869 2413
1873 465
1877 1721
1889 336
1893 2501
1894 848
1899 1588
1919 728
1925 655
1927 2118
1932 2177
1939 2573
1943 830
1948 1510
1950 1876
1953 1946
1954 363
1958 1610
1968 1816
1970 1158
1972 43
1973 2285
1982 625
1984 2150
1985 1415
1986 2228
1990 1143
1996 1195
1997 57
1999 87
2001 744
2002 2510
2004 2223
2007 1556
2009 2496
2010 1673
2012 1001
2013 203
2018 66
2026 1069
2038 1699
2040 2530
2041 1267
2044 1165
2045 2584
2047 23
2049 1981
2050 383
2052 1996
2055 1305
2058 1225
2059 1590
2061 754
2066 2112
2072 2359
2076 1794
2078 2014
2091 573
2092 1672
2098 69
2099 2240
2102 1730
2108 101
2111 866
2112 2488
2114 1387
2115 1130
2116 1615
2117 2206
2121 658
2123 285
2128 1481
2136 442
2139 1350
2140 641
2154 2357
2157 530
2159 2634
2162 1404
2184 994
2199 1244
2201 662
2212 1498
2224 2398
2229 2171
2230 1695
2236 2354
2238 1560
2239 1550
2241 1879
2243 2265
2244 1878
2246 2372
2252 713
2260 1227
2271 10
2272 2427
2273 2360
2277 2671
2278 2253
2284 868
2290 978
2292 2613
2294 714
2298 1758
2308 1027
2322 505
2325 529
2326 2210
2327 1791
2328 575
2333 953
2334 79
2336 2441
2338 2489
2342 1079
2345 1640
2351 1768
2352 2256
2353 970
2355 1236
2360 717
2361 1007
2367 2287
2368 330
2369 795
2371 1164
2374 1419
2376 1294
2385 2230
2388 406
2389 1801
2394 1711
2395 2073
2399 2544
2401 1445
2408 1705
2411 780
2413 2545
2414 281
2417 1521
2418 2309
2419 817
2420 1886
2424 1058
2429 741
2433 455
2435 340
2442 175
2443 1269
2446 622
2449 579
2453 444
2460 454
2461 952
2462 2543
2466 2131
2467 1192
2469 1707
2473 1907
2483 2010
2484 956
2490 249
2492 2318
2497 2471
2498 1106
2500 1090
2509 1597
2510 2261
2511 410
2515 1542
2516 1093
2517 2292
2519 2780
2521 2262
2524 1796
2525 1376
2529 178
2535 2293
2536 1322
2537 1961
2545 461
2548 894
2550 1049
2555 1232
2565 2343
2567 337
2570 2418
2576 652
2578 539
2579 549
2581 607
2583 1153
2585 1554
2586 612
2591 2151
2595 2260
2598 1856
2601 2504
2606 2275
2607 1984
2611 376
2612 2194
2616 2167
2620 508
2626 1654
2632 1932
2634 2064
2636 1607
2646 2436
2649 2191
2650 458
2654 1308
2659 2251
2661 2137
2668 1775
2675 314
2676 1800
2677 1704
2697 1698
2701 2453
2704 1927
2716 1792
2717 1743
2732 1978
2733 1185
2734 1390
2735 790
2736 1773
2737 2552
2746 1815
2750 1789
2771 2207
2772 344
2774 2215
2775 1152
2777 168
2779 1571
2781 2702
2782 1263
2789 1292
2790 1818
2801 945
2810 900
2811 1872
2812 1040
2815 1508
2817 21
2820 290
2821 1814
2825 1327
2829 165
2833 448
2838 686
2840 1562
2847 1328
2848 1302
2859 1997
2860 1005
2869 2442
2872 1238
2876 1839
2878 2751
2882 1196
2887 1337
2889 2279
2896 1524
2899 1083
2903 2757
2904 58
2913 1206
2917 1485
2924 1453
2927 139
2930 2269
2933 488
2936 518
2943 771
2948 639
2949 490
2952 1780
2954 287
2959 1222
2963 2536
2965 2341
2966 689
2979 1923
