f_0082926.png f_0082942.png
2 79
5 120
8 184
11 197
17 80
18 177
22 55
26 152
30 224
31 254
54 188
55 270
57 190
65 281
73 297
84 240
85 314
86 301
87 180
99 195
100 219
105 202
108 306
109 160
114 322
132 253
143 136
152 263
154 324
157 113
162 201
178 242
182 304
183 293
185 353
190 346
204 305
205 119
207 154
209 209
212 312
219 303
221 125
224 247
235 292
241 124
261 398
263 212
266 311
268 397
308 329
309 340
311 233
313 246
321 356
322 350
324 357
325 375
329 481
338 476
342 275
346 408
347 415
351 208
352 262
362 387
363 475
370 426
376 469
381 206
384 446
395 448
398 363
403 435
404 396
408 326
409 453
410 598
412 337
414 410
419 255
422 414
426 273
430 510
434 454
438 371
441 465
442 479
450 542
456 355
466 513
482 374
487 522
490 376
494 473
496 564
501 451
505 386
509 509
510 644
512 342
514 587
515 612
517 485
519 570
521 608
522 407
526 573
530 555
532 579
534 574
535 637
536 605
537 611
538 444
545 464
546 528
547 581
553 540
556 463
561 400
562 401
563 419
565 450
570 381
574 593
575 604
582 607
583 434
585 625
593 367
598 628
600 670
601 701
603 494
604 478
607 643
610 624
614 669
615 406
617 508
618 648
620 634
621 619
625 483
630 700
635 668
636 673
639 472
647 641
649 656
650 516
652 692
655 666
658 665
659 663
662 715
663 501
668 677
672 667
673 689
674 493
675 683
681 586
685 532
690 572
695 691
699 724
700 763
707 603
715 531
719 711
739 630
741 791
744 640
748 752
749 735
751 722
759 765
761 639
763 687
764 720
767 753
773 664
778 721
785 738
786 739
789 635
791 658
795 762
800 778
801 633
803 796
805 614
807 817
811 747
813 797
815 636
817 761
819 777
822 714
824 811
826 728
827 810
828 827
831 698
833 746
836 835
839 788
842 660
843 794
849 679
858 821
862 768
863 771
864 846
865 713
866 750
872 787
877 802
878 839
889 801
896 866
898 809
899 848
901 733
904 852
908 838
915 726
916 868
919 818
920 830
925 888
930 741
932 878
933 901
936 858
937 896
940 776
941 940
949 892
954 946
955 870
958 774
962 927
967 886
977 939
978 951
980 884
981 890
982 891
984 938
988 950
989 997
991 959
992 960
993 1012
1004 895
1007 934
1008 964
1012 957
1013 965
1014 991
1018 845
1019 908
1020 972
1021 823
1022 971
1025 913
1030 803
1032 853
1034 933
1044 885
1048 941
1050 1054
1054 989
1055 1002
1058 1001
1065 952
1077 944
1078 974
1080 1050
1081 855
1085 1036
1086 900
1088 979
1090 1099
1092 856
1093 903
1097 1026
1099 1000
1100 1019
1103 1066
1105 1034
1106 1106
1121 898
1124 1078
1125 956
1126 1009
1129 930
1138 1094
1141 907
1145 1091
1149 1150
1150 1133
1155 1028
1156 1071
1161 1153
1170 1023
1172 1129
1174 1049
1178 1135
1179 1105
1180 943
1183 1087
1187 1058
1194 1039
1195 1022
1201 1057
1203 1092
1205 923
1209 1014
1212 1136
1215 1056
1216 1077
1219 1006
1226 1124
1229 1144
1232 1040
1235 942
1237 1173
1240 961
1243 978
1244 1104
1245 1156
1247 1130
1249 1021
1250 1089
1253 1005
1256 1004
1259 1055
1266 1085
1270 1114
1272 1138
1276 1187
1280 1038
1283 1194
1297 1207
1308 1189
1315 1203
1321 1017
1322 1179
1323 1236
1326 1193
1327 1245
1328 1264
1331 1214
1340 1287
1343 1204
1346 1149
1347 1145
1351 1202
1357 1080
1364 1168
1365 1165
1366 1166
1375 1146
1377 1216
1383 1271
1386 1254
1387 1335
1388 1336
1389 1163
1396 1235
1397 1275
1400 1177
1401 1192
1403 1352
1404 1143
1409 1152
1410 1258
1417 1316
1418 1112
1421 1253
1422 1284
1423 1209
1424 1219
1428 1285
1438 1290
1445 1233
1452 1279
1457 1270
1458 1313
1460 1226
1461 1231
1465 1206
1474 1160
1475 1345
1481 1391
1488 1282
1490 1277
1491 1334
1496 1262
1500 1278
1503 1256
1507 1375
1510 1251
1515 1344
1519 1184
1523 1387
1524 1359
1526 1353
1528 1223
1541 1300
1542 1374
1547 1363
1556 1261
1558 1325
1559 1377
1561 1280
1562 1302
1572 1296
1575 1317
1578 1394
1580 1281
1581 1348
1594 1393
1597 1322
1599 1405
1608 1292
1611 1306
1614 1398
1615 1420
1627 1314
1631 1438
1632 1355
1636 1397
1640 1357
1641 1408
1648 1400
1649 1445
1654 1467
1661 1364
1662 1392
1665 1453
1666 1481
1674 1427
1677 1381
1678 1389
1680 1426
1681 1404
1683 1472
1689 1417
1690 1437
1691 1433
1692 1480
1694 1460
1700 1407
1707 1439
1713 1449
1714 1444
1717 1484
1724 1431
1728 1503
1729 1396
1731 1440
1732 1452
1735 1498
1737 1499
1739 1448
1740 1415
1743 1459
1746 1508
1750 1477
1757 1465
1764 1511
1767 1550
1771 1531
1773 1497
1777 1451
1779 1525
1781 1470
1787 1466
1788 1476
1789 1555
1794 1533
1797 1489
1800 1461
1803 1479
1810 1568
1811 1507
1814 1492
1818 1491
1825 1500
1826 1488
1832 1506
1833 1522
1836 1573
1838 1521
1840 1598
1847 1536
1850 1557
1853 1529
1856 1540
1857 1534
1859 1642
1863 1505
1873 1646
1882 1520
1883 1551
1885 1592
1890 1605
1893 1567
1900 1620
1902 1575
1903 1584
1904 1591
1907 1585
1911 1547
1916 1586
1917 1602
1918 1612
1922 1587
1929 1599
1930 1619
1931 1636
1933 1579
1934 1627
1935 1637
1937 1698
1938 1611
1945 1583
1947 1537
1948 1635
1949 1578
1951 1615
1956 1681
1957 1560
1963 1632
1966 1777
1968 1623
1973 1618
1982 1721
1986 1601
1987 1672
1989 1711
1992 1655
1999 1608
2003 1783
2004 1805
2008 1704
2012 1625
2013 1720
2015 1643
2019 1671
2025 1703
2027 1755
2029 1656
2037 1595
2048 1814
2050 1829
2052 1759
2055 1810
2057 1648
2058 1670
2064 1763
2065 1666
2069 1824
2072 1661
2074 1727
2087 1717
2088 1765
2095 1837
2096 1700
2100 1732
2102 1725
2111 1841
2118 1787
2122 1724
2123 1762
2124 1804
2125 1840
2128 1802
2133 1678
2136 1764
2142 1836
2148 1769
2150 1808
2151 1789
2160 1817
2161 1863
2165 1785
2174 1950
2179 1866
2186 1862
2195 1854
2196 1897
2199 1757
2202 1745
2207 1917
2213 1849
2222 1826
2232 1844
2234 1883
2247 1796
2252 1896
2255 2024
2257 1892
2259 1873
2264 1893
2271 1860
2273 1877
2291 1859
2294 1949
2296 1876
2299 1988
2303 1969
2306 1903
2310 2002
2311 2064
2314 1908
2321 1952
2322 1986
2323 2003
2329 1918
2330 1920
2332 1929
2334 1996
2338 1944
2344 1927
2345 1974
2346 2000
2347 1884
2355 1968
2365 1948
2366 2008
2377 1979
2384 2007
2397 2044
2400 1973
2405 1967
2415 1995
2418 2023
2441 2098
2444 2043
2452 2034
2456 2128
2459 2099
2462 1976
2473 2032
2476 2126
2479 2020
2481 2061
2483 2164
2486 2058
2492 2185
2496 2060
2502 2150
2506 2088
2507 2118
2509 2127
2514 2094
2517 2144
2523 2163
2526 2120
2528 2145
2541 2135
2545 2155
2549 2138
2551 2168
2556 2158
2557 2231
2563 2167
2564 2212
2565 2243
2573 2206
2576 2296
2583 2288
2588 2227
2591 2111
2596 2247
2600 2238
2602 2261
2618 2161
2626 2218
2645 2188
2648 2278
2650 2275
2652 2265
2653 2272
2655 2259
2662 2276
2664 2241
2671 2283
2682 2217
2689 2302
2690 2304
2691 2274
2694 2245
2701 2310
2705 2306
2709 2209
2711 2222
2713 2262
2723 2273
2734 2292
2746 2280
2747 2282
2764 2298
