f_0082886.png f_0082958.png
169 244
229 306
234 222
244 272
255 92
277 919
291 340
335 466
368 169
371 161
390 322
397 202
405 628
406 531
409 533
466 788
470 796
471 792
473 836
480 766
494 680
502 822
524 608
537 825
539 1178
543 1407
549 885
592 951
607 965
609 993
611 710
612 967
632 1424
635 1124
694 1149
704 1081
708 1180
711 1451
720 1223
725 1074
742 1531
757 1083
763 1212
783 1518
803 1419
807 1779
820 1530
832 1342
849 1542
856 1450
862 1493
889 1573
902 1544
919 1610
931 1624
935 1681
942 1548
950 1562
966 1842
973 1529
986 1590
992 1595
997 1692
1057 1962
1116 1836
1130 1987
1134 1996
1135 1997
1234 2077
1235 2018
1246 2076
1304 2082
