f_0082924.png f_0082642.png
198 1
231 2
281 10
336 23
368 94
392 225
393 85
464 233
504 96
507 213
541 439
542 91
547 189
564 76
578 306
591 166
595 128
597 303
598 273
613 383
616 134
618 163
641 288
644 197
648 391
656 291
677 258
690 509
694 156
696 490
697 331
698 157
704 566
710 357
711 174
716 169
734 219
737 460
738 269
746 386
753 198
769 293
777 404
797 387
808 220
809 210
813 264
814 180
851 632
882 820
905 597
917 301
920 694
932 551
937 588
946 538
951 517
965 720
967 483
968 403
971 673
977 442
979 394
1001 721
1005 618
1011 623
1021 773
1028 881
1033 414
1045 527
1047 276
1074 450
1075 796
1090 558
1092 455
1093 893
1100 723
1107 742
1109 655
1115 514
1119 717
1145 866
1149 626
1153 882
1155 513
1159 787
1164 922
1165 754
1181 864
1186 591
1215 830
1227 1055
1228 824
1235 924
1236 834
1242 751
1249 684
1262 1172
1263 791
1269 839
1271 808
1274 904
1281 1162
1291 1075
1298 731
1313 744
1314 936
1325 968
1335 944
1339 698
1347 1101
1358 967
1361 1010
1363 891
1375 1276
1395 1025
1396 1014
1401 868
1406 1363
1409 1031
1418 1071
1424 939
1438 1011
1443 1274
1444 897
1452 1234
1454 930
1457 1240
1471 1044
1472 978
1485 1208
1491 1017
1509 1302
1516 1224
1519 973
1520 903
1535 1374
1539 1515
1559 1143
1595 1375
1598 1356
1609 1063
1613 1169
1628 1401
1633 1207
1701 1204
1736 1613
1746 1470
1751 1636
1755 1554
1763 1548
1784 1389
1794 1975
1796 1889
1877 1468
1915 2028
1928 2051
1931 2044
1957 2150
1963 1846
1965 1863
1982 1862
2005 1474
2013 1940
2021 2117
2024 1672
2061 2137
2091 2143
2101 2129
2102 1664
