f_0082558.png f_0082926.png
2 326
13 992
24 370
33 302
36 1020
38 1847
50 429
62 1003
67 672
72 1066
90 1008
100 478
109 794
110 1157
115 1506
120 218
123 554
124 400
157 1006
163 534
167 1202
178 988
180 952
185 2012
187 1048
193 162
194 869
195 542
199 606
231 294
237 1079
247 505
264 4
267 1025
276 695
278 842
287 2099
302 830
303 968
310 774
319 805
324 1479
335 1229
371 1031
378 1177
392 1094
403 925
410 116
427 1406
442 1212
463 320
480 369
499 961
520 2101
536 1147
539 762
540 342
545 643
568 716
570 736
573 1044
586 2022
618 612
624 594
626 344
655 1088
658 936
681 689
706 1917
751 966
754 935
755 529
757 921
759 1069
764 428
768 25
779 656
780 474
781 854
786 733
791 748
803 254
820 354
831 1293
833 111
834 1040
843 531
846 1517
857 388
869 676
882 884
889 1455
893 919
895 751
904 903
908 472
910 1306
919 1134
927 206
932 572
945 126
948 168
955 28
957 1423
987 2081
994 3
1027 1636
1075 1061
1088 811
1091 939
1103 471
1104 1704
1124 1899
1133 929
1162 828
1164 963
1182 768
1208 973
1227 1318
1235 1485
1250 1353
1254 1397
1266 1122
1268 772
1297 1871
1298 476
1333 330
1355 622
1366 1456
1367 692
1373 273
1383 731
1397 876
1416 1237
1459 649
1464 1078
1467 1316
1490 940
1509 941
1525 1056
1531 833
1539 1405
1547 496
1574 434
1602 1669
1603 274
1607 1007
1629 1194
1633 580
1634 875
1639 260
1656 804
1693 36
1717 840
1718 595
1732 105
1733 635
1743 954
1747 706
1758 408
1764 1319
1777 822
1785 900
1787 1019
1799 912
1838 500
1843 752
1846 753
1860 667
1869 1060
1874 1931
1887 1439
1892 558
1927 886
1946 75
1949 265
1955 1259
1957 1004
1964 821
1976 1354
1983 615
1990 507
2017 293
2020 1713
2021 495
2027 885
2029 131
2030 1346
2034 1077
2047 707
2070 238
2082 462
2088 1877
2097 1626
2103 955
2105 948
2106 1199
2128 1163
2131 913
2135 1269
2138 871
2142 983
2154 91
2166 34
2177 1606
2201 981
2209 946
2242 982
2254 535
2264 122
2269 1168
2284 880
2285 761
2309 1653
2310 1022
2324 740
2326 585
2332 965
2337 1610
2356 909
2360 1667
2369 1490
2373 1400
2377 1206
2379 636
2384 1315
2391 398
2401 1389
2416 838
2427 1125
2476 491
2483 1770
2502 550
2503 417
2504 1605
2514 1288
2521 883
2534 894
2543 743
2552 1535
2569 932
2592 1504
2615 569
2616 1232
2622 831
2628 1732
2635 956
2637 607
2642 898
2650 920
2657 484
2679 1105
2680 1935
2685 1823
2718 441
2727 1739
2734 523
2735 2237
2769 1630
2783 808
2813 798
2817 1375
2833 608
2837 1781
2844 827
2846 1055
2914 1179
2917 1314
2950 173
2970 770
2977 791
2987 778
2988 584
2996 888
