f_0082952.png f_0082912.png
121 2330
155 2755
205 719
246 1300
255 1355
269 493
294 506
306 1414
339 1446
345 491
354 1415
358 624
363 1205
385 1454
390 79
396 1477
401 594
409 2983
430 1025
434 1595
440 1521
463 2062
509 0
549 575
551 1869
566 1560
567 782
588 1734
591 2605
593 2077
617 1608
629 1421
633 1949
639 774
682 2261
704 2170
708 115
714 1708
717 50
734 1685
782 757
786 1686
827 2989
841 231
843 1042
847 720
851 317
854 468
875 1186
879 960
885 2848
893 1364
909 2208
913 411
944 1118
952 2175
955 1368
971 1511
987 2909
1003 2168
1005 383
1010 2869
1012 1090
1023 1307
1031 2200
1035 598
1066 2648
1093 173
1098 2476
1104 1311
1114 2319
1122 1822
1185 1830
1206 2521
1211 2423
1218 2897
1238 2374
1240 1051
1275 133
1286 2814
1317 2844
1334 524
1350 2340
1360 2543
1381 2281
1386 1004
1405 1750
1407 1302
1419 1396
1420 1678
1427 2072
1428 2359
1443 824
1451 1389
1467 1418
1470 214
1479 560
1490 2522
1491 1179
1525 1474
1535 1689
1598 2706
1619 923
1625 1682
1657 2969
1661 1574
1684 543
1705 2178
1710 1039
1722 1215
1725 927
1771 962
1787 2271
1806 2410
1844 2106
1858 2815
1866 811
1875 2102
1893 1692
1897 2348
1898 2509
1910 636
1931 1425
1966 1539
1976 798
1988 1928
1995 226
1996 1605
2028 1334
2042 388
2152 557
2166 188
2175 2459
2181 2233
2202 2594
2207 2221
2208 2181
2226 2609
2240 610
2243 1621
2282 2390
2288 61
2337 2056
2342 98
2343 1668
2354 2089
2359 263
2360 2047
2365 2512
2366 2587
2375 1280
2427 169
2440 44
2501 64
2508 1656
2520 666
2521 1489
2544 138
2549 2529
2552 979
2559 1360
