f_0082412.png f_0082492.png
9 844
10 414
13 595
23 656
34 744
51 442
52 649
58 648
66 693
72 573
74 734
76 572
115 696
130 717
145 710
155 550
204 504
208 606
228 962
245 869
256 647
274 585
324 730
370 621
383 674
386 850
397 1027
424 748
430 671
433 1067
435 729
447 912
463 654
473 720
503 767
541 818
556 790
559 1098
562 799
565 1079
586 1075
589 786
596 1052
601 838
614 794
628 881
630 1048
633 761
635 810
636 1047
646 1038
655 798
660 1000
661 865
663 1037
664 783
670 1278
672 778
723 829
726 864
733 1026
748 1224
766 1087
781 1124
793 909
797 863
799 906
800 990
806 978
822 1103
825 854
826 1132
832 994
846 1195
849 957
858 925
862 924
863 943
864 985
868 948
873 928
879 1021
882 1133
906 1066
910 1169
941 996
947 993
949 1184
974 970
980 1102
982 1194
988 1101
1019 1339
1025 960
1032 1116
1044 1139
1053 987
1055 1094
1077 1100
1092 1182
1115 1517
1130 1096
1140 1193
1141 1329
1151 1445
1170 1008
1193 1192
1197 1136
1198 1196
1203 1091
1205 1135
1208 1294
1222 1452
1240 1362
1250 1328
1255 1459
1258 1326
1264 1190
1298 1546
1314 1223
1315 1477
1320 1298
1327 1617
1334 1228
1336 1443
1351 1458
1359 1481
1364 1248
1365 1613
1375 1344
1398 1218
1403 1268
1407 1259
1439 1584
1443 1645
1444 1701
1453 1282
1475 1636
1478 1335
1479 1391
1481 1410
1484 1305
1485 1319
1503 1373
1519 1476
1524 1747
1531 1359
1538 1318
1562 1766
1568 1400
1601 1545
1608 1390
1609 1435
1612 1424
1637 1579
1657 1474
1658 1480
1660 1509
1662 1829
1667 1825
1675 1738
1690 1781
1714 1800
1718 1867
1732 1630
1740 1608
1747 1882
1766 1784
1774 1693
1779 1760
1785 1745
1787 1879
1796 1890
1801 1432
1803 1824
1815 1572
1835 1473
1840 1901
1844 1567
1869 1493
1871 1787
1889 1566
1894 2004
1899 1763
1918 1972
1934 1979
1945 1762
1958 1783
1970 1904
1971 1905
1998 2072
2000 1806
2005 1878
2033 2043
2035 1943
2048 1578
2079 1903
2085 1920
2101 1948
2115 1936
2122 1563
2126 2231
2130 1958
2142 1669
2183 2024
2212 2121
2282 2207
2289 2240
2350 1717
2352 1624
2383 1908
2406 1874
2458 2248
2488 1982
