f_0082882.png f_0082620.png
265 68
284 134
301 282
311 175
314 347
316 298
326 329
335 334
348 300
352 374
362 400
369 217
374 386
395 407
404 375
409 418
419 412
421 449
441 464
450 438
453 559
461 504
470 489
472 640
479 571
484 573
491 565
517 848
532 736
536 733
551 735
554 664
555 709
558 766
582 790
585 771
592 795
596 861
597 841
602 842
617 889
627 820
628 819
636 902
677 1037
683 974
685 928
687 1035
691 1059
714 1074
722 1046
749 1345
754 1075
755 1063
756 1199
775 1219
782 1185
830 1560
841 1575
846 1607
867 1522
870 1631
891 1282
899 1629
930 1533
966 1644
