f_0082702.png f_0082926.png
93 21
128 155
136 95
144 75
157 36
159 58
175 94
178 149
197 53
209 228
216 193
217 148
219 373
225 152
228 52
252 63
263 225
278 224
289 260
302 287
306 146
311 533
323 110
324 162
329 206
332 361
338 201
354 229
362 217
365 460
388 144
392 417
393 412
402 649
403 669
410 342
418 684
419 700
459 768
460 776
477 778
482 545
483 804
485 594
488 718
493 564
499 867
506 490
512 456
525 556
531 505
536 886
538 781
554 617
566 812
567 771
568 823
572 863
573 899
576 772
577 872
581 822
594 738
595 832
601 933
603 703
620 944
621 955
625 888
628 769
629 808
631 963
638 757
649 619
652 583
655 938
664 929
665 980
666 1044
669 1049
687 720
688 893
692 942
693 1099
697 1067
707 1004
710 657
712 1126
719 1094
728 1155
741 825
742 918
743 1190
751 1188
753 849
758 1003
764 948
767 1125
770 1182
783 848
786 1340
787 1098
795 1194
796 1195
798 789
801 1305
804 1250
816 1331
817 846
818 1265
821 931
823 1232
829 1325
838 1359
844 979
851 1347
855 1109
856 1214
857 1366
862 1365
863 1368
867 1364
870 1389
880 1185
881 1431
885 1447
886 1442
887 1181
890 1142
891 915
893 1143
895 1258
901 1158
904 1314
907 1198
910 1476
917 1497
936 1399
937 1412
938 1532
943 1586
946 1381
955 1294
958 1581
963 1566
967 1567
970 1298
972 1546
977 1615
987 1620
994 1631
995 1046
1002 1463
1003 1642
1007 1649
1008 1626
1010 1630
1016 1684
1018 1066
1023 1665
1026 1342
1027 1536
1028 1659
1035 1666
1043 1454
1044 1694
1047 1529
1048 1674
1049 1675
1053 1648
1059 1691
1062 1562
1063 1716
1073 1451
1077 1669
1078 1717
1089 1753
1091 1414
1094 1708
1097 1710
1098 1758
1099 1750
1101 1485
1108 1760
1114 1721
1118 1774
1119 1807
1125 1779
1131 1794
1132 1776
1133 1771
1138 1329
1140 1791
1146 1773
1148 1812
1154 1720
1155 1797
1164 1835
1175 1850
1182 1672
1187 1806
1189 1877
1194 1866
1198 1847
1218 1890
1222 1870
1226 2004
1228 1909
1232 1700
1234 1896
1235 1685
1240 1886
1253 1923
1255 1971
1285 2091
1290 1884
1297 2027
1310 2001
1321 2043
1336 1888
1374 2308
1378 2153
1379 2068
1393 2036
1408 2100
1424 2200
1425 2211
1439 2345
1477 2510
1482 2603
1556 2779
1567 2519
1594 2462
