f_0082924.png f_0082452.png
24 594
56 122
66 610
87 174
97 133
115 66
136 262
180 239
260 11
311 434
336 320
353 190
368 481
394 181
425 245
432 489
435 192
439 157
447 21
454 317
482 484
489 246
497 410
513 650
514 435
515 354
516 448
522 753
529 690
531 49
534 490
535 298
542 436
545 614
547 554
553 272
558 494
575 451
577 91
587 814
603 704
648 878
649 866
651 334
686 944
692 938
709 985
710 820
737 947
738 694
746 858
748 688
751 641
760 703
772 386
800 644
808 628
809 473
821 635
830 636
842 1186
843 645
850 1175
856 656
865 1042
870 756
871 660
910 1260
945 1233
950 1050
955 1298
962 710
965 1149
976 1320
977 790
1008 759
1021 1205
1023 994
1024 815
1073 874
1084 1185
1092 774
1096 721
1103 865
1110 1025
1111 810
1119 1102
1120 931
1123 1061
1127 1180
1129 1099
1137 841
1149 860
1155 855
1181 1225
1200 884
1203 1158
1219 1093
1226 1496
1231 939
1255 1293
1260 1408
1269 1161
1285 1178
1305 1187
1308 1138
1315 1191
1319 992
1323 1261
1358 1256
1372 987
1397 1122
1398 1515
1438 1262
1466 1637
1473 1101
1491 1129
1497 1212
1510 1483
1514 1155
1529 1591
1564 1533
1581 1213
1600 1329
1624 1316
1648 1628
1661 1449
1685 1271
1713 1314
1733 1337
1788 1401
1807 1409
1818 1421
1854 1481
1872 1517
1877 1472
1879 1548
1924 1518
1982 1578
2149 1584
2281 1612
