f_0082452.png f_0082518.png
2 126
28 135
31 132
34 133
43 148
44 134
58 150
66 154
69 163
81 180
94 162
119 189
121 220
123 200
125 186
127 173
128 187
160 212
163 246
172 223
187 243
245 260
251 273
255 269
266 261
273 292
289 262
303 283
324 314
329 284
330 308
354 306
355 326
356 324
373 296
376 335
381 327
394 319
398 334
420 339
447 348
451 352
470 351
493 365
525 389
536 380
540 400
556 387
559 385
566 388
570 419
576 409
579 442
580 427
587 396
593 443
597 440
607 449
632 421
652 477
657 469
660 476
677 368
693 471
696 480
697 468
700 472
705 502
706 520
710 511
721 528
726 523
731 500
733 497
747 537
749 516
769 509
778 555
786 496
790 553
806 586
807 533
817 599
828 557
840 556
878 584
893 627
894 624
900 636
910 647
932 654
942 671
943 612
978 638
980 688
983 643
1009 687
1015 692
1023 665
1026 642
1037 709
1043 724
1048 729
1051 699
1062 681
1066 720
1068 690
1071 686
1074 757
1078 663
1119 726
1120 776
1134 813
1143 740
1164 827
1166 798
1179 774
1195 815
1198 841
1199 791
1209 806
1214 861
1251 859
1271 887
1280 850
1292 846
1295 839
1314 920
1316 907
1325 929
1339 885
1350 928
1351 946
1363 965
1369 970
1375 969
1376 975
1379 992
1384 985
1395 971
1404 979
1409 1014
1424 1032
1433 1039
1438 1050
1441 1008
1453 1060
1468 1028
1481 1049
1500 1091
1503 987
1504 1095
1527 1085
1544 1159
1545 1094
1551 1133
1558 1073
1563 1147
1565 1137
1567 1136
1572 1131
1581 1191
1591 1081
1598 1122
