f_0082952.png f_0082642.png
85 73
88 123
119 30
200 115
304 218
313 113
437 186
438 133
523 452
554 234
560 340
580 481
587 257
619 426
627 91
637 60
641 509
688 418
730 253
741 258
749 357
751 72
767 369
769 292
770 296
792 67
808 281
821 392
844 76
851 536
859 499
865 269
892 600
916 914
925 237
949 918
957 294
978 606
993 7
998 851
1007 236
1010 846
1018 120
1030 494
1042 44
1044 478
1063 932
1065 522
1067 927
1070 246
1078 405
1084 77
1095 955
1115 336
1125 988
1132 517
1144 266
1147 265
1153 406
1182 441
1217 449
1225 1153
1227 442
1232 717
1237 758
1238 742
1244 122
1260 648
1279 812
1292 864
1299 655
1329 754
1331 394
1351 766
1356 866
1357 813
1391 1369
1400 1024
1407 838
1417 941
1418 806
1423 950
1424 798
1427 1191
1437 1443
1445 624
1455 700
1462 455
1481 519
1485 1362
1490 1124
1492 484
1515 905
1516 808
1520 860
1521 751
1537 855
1555 975
1573 952
1604 937
1612 569
1618 1025
1619 1014
1628 972
1634 1142
1648 1011
1651 945
1660 1723
1714 1245
1723 760
1724 1573
1731 1089
1732 1082
1746 1246
1753 1574
1762 1603
1788 831
1796 814
1808 1097
1812 984
1814 1143
1817 1652
1835 1299
1842 1579
1844 1265
1855 1686
1857 1588
1893 985
1897 856
1907 1349
1922 1813
1926 1400
1927 921
1929 1834
1934 909
1950 1898
1955 1444
1974 1936
1981 1459
1982 1454
2004 2081
2006 1709
2014 1303
2046 1513
2057 1372
2062 1690
2101 1670
2176 1701
2214 2168
2241 1862
2275 1831
2344 2074
2354 1844
2370 2079
2388 2113
2404 2119
2524 2106
2556 2131
2579 2143
2581 2174
