f_0082882.png f_0082952.png
61 82
101 116
119 897
148 42
177 424
188 261
190 314
196 300
198 137
199 469
223 387
233 618
235 1086
241 613
246 577
251 630
270 565
277 714
281 402
292 299
293 612
315 677
333 833
363 1403
374 867
375 882
377 865
378 866
391 984
394 974
395 1000
404 1079
416 1128
425 1739
427 794
488 1260
496 1096
513 1381
516 1305
528 1353
542 1402
559 1517
568 1284
579 1480
582 1407
583 1393
589 1297
597 1444
603 1536
616 1400
628 1641
635 1342
640 1698
642 1604
647 1943
649 1665
669 1702
674 1938
676 1705
678 1731
682 1782
689 1677
693 1812
732 1752
734 1871
742 1842
745 1781
752 1898
753 1999
755 2066
759 2153
775 2025
777 2155
780 2323
786 2084
788 2168
791 2170
792 2328
798 2267
822 2269
823 2340
843 2044
866 2388
869 2276
876 2372
883 2404
886 2289
897 2520
899 2399
917 2352
945 2441
