f_0082928.png f_0082958.png
5 4
8 128
15 12
25 209
38 98
67 307
71 51
108 91
111 267
120 184
134 2
135 90
143 41
144 43
148 358
150 165
153 24
165 232
169 1
170 57
180 380
181 436
186 77
191 265
194 462
198 54
200 97
206 251
212 101
213 189
217 23
218 148
230 42
231 250
238 387
243 67
244 157
250 272
259 260
260 264
261 330
266 248
268 316
273 538
281 111
306 414
307 422
311 145
312 350
319 298
320 340
321 408
328 564
331 343
332 336
333 438
339 469
344 492
348 319
349 323
353 119
370 547
372 194
381 169
387 484
388 204
400 451
401 557
408 507
412 460
416 403
418 588
422 395
425 583
426 589
428 349
431 571
444 311
446 216
449 259
452 630
453 475
462 580
464 496
468 655
471 328
476 637
480 304
481 419
482 586
484 290
485 321
486 509
488 309
490 529
494 212
496 424
497 525
498 634
503 326
504 400
508 570
509 603
513 417
517 283
518 495
520 693
522 303
528 339
529 606
533 342
534 481
535 565
542 411
547 384
551 423
553 700
554 709
555 757
561 731
562 376
571 439
581 646
588 645
590 715
591 768
592 780
594 670
596 742
605 651
614 779
618 489
621 859
625 622
626 799
630 657
631 478
635 740
641 794
642 798
650 513
657 644
665 841
666 857
676 752
678 562
687 530
692 766
699 611
703 765
709 674
723 572
725 793
729 797
733 499
738 905
740 826
741 708
742 835
744 596
745 717
748 722
752 979
755 751
756 846
761 876
764 778
768 787
769 795
773 553
777 558
779 935
780 908
781 923
782 938
783 991
786 631
800 853
801 989
802 844
815 774
816 889
821 874
823 1044
826 904
830 1054
835 922
840 1053
842 749
843 911
844 937
852 1103
859 887
860 951
863 1106
867 1090
870 967
871 1029
876 1086
878 1138
882 993
884 786
887 802
894 1115
899 1139
900 747
902 958
911 973
912 1019
917 1069
927 1157
930 884
939 868
942 1150
945 1177
947 1217
952 1099
958 896
961 1250
963 950
970 1195
971 1230
981 1152
987 1108
991 1046
1001 1132
1006 1206
1014 1276
1018 943
1019 971
1020 1165
1026 861
1027 920
1028 1149
1031 1263
1039 1064
1040 1180
1047 1269
1055 916
1056 1059
1059 1306
1060 1081
1062 1007
1071 1051
1072 1228
1078 1027
1082 1018
1083 1026
1086 1188
1087 1223
1090 1315
1102 954
1103 1105
1104 1377
1107 1160
1111 1058
1126 1262
1128 1358
1130 1252
1136 1187
1140 1073
1145 1175
1146 1439
1147 996
1149 1319
1155 1380
1159 1147
1163 1422
1176 1130
1180 1017
1185 1350
1186 1429
1191 1240
1193 1406
1197 1237
1199 1424
1202 1035
1206 1174
1213 1421
1216 1184
1219 1110
1222 1245
1225 1387
1231 1156
1238 1168
1240 1478
1242 1488
1244 1151
1250 1201
1253 1172
1261 1095
1262 1214
1268 1342
1277 1125
1278 1438
1286 1261
1298 1207
1305 1247
1307 1347
1313 1298
1314 1467
1318 1323
1329 1402
1331 1161
1332 1536
1338 1497
1343 1357
1346 1550
1349 1273
1350 1580
1353 1491
1354 1507
1365 1493
1377 1236
1386 1642
1390 1321
1393 1416
1401 1510
1402 1599
1405 1555
1408 1335
1409 1459
1411 1612
1414 1389
1420 1331
1425 1415
1430 1465
1431 1530
1433 1579
1446 1542
1451 1457
1454 1525
1458 1645
1465 1401
1470 1443
1475 1448
1476 1638
1483 1503
1491 1441
1497 1435
1502 1626
1511 1611
1517 1532
1523 1610
1540 1657
1544 1529
1546 1764
1553 1873
1554 1538
1564 1511
1590 1722
1593 1622
1602 1832
1603 1817
1616 1596
1619 1646
1629 1586
1631 1656
1633 1713
1640 1855
1669 1641
1687 1716
1692 1771
1694 1673
1705 1777
1710 1730
1712 1577
1713 1796
1720 1628
1721 1629
1723 1749
1726 1799
1729 1640
1747 1798
1774 1840
1788 1689
1820 1976
1823 1834
1839 1896
1845 1693
1850 1651
1860 1725
1865 1852
1889 1915
1891 1937
1896 1996
1909 1761
1910 1772
1912 1967
1961 2069
1964 1868
1990 2084
1993 1877
1997 2085
2042 2040
2097 2086
2197 2034
2200 2047
2215 2033
