f_0082492.png f_0082518.png
70 1
84 4
86 5
94 18
95 14
96 2
99 3
103 7
104 12
110 24
113 26
117 25
118 35
122 10
124 16
129 0
132 22
143 34
145 19
158 50
164 48
172 44
178 54
187 60
194 55
195 51
198 62
206 68
233 67
239 69
243 77
244 83
254 72
255 79
272 94
280 81
288 88
289 103
294 87
314 97
336 107
355 105
359 101
377 129
378 127
380 140
395 124
396 138
397 139
408 136
412 153
420 151
421 143
434 145
443 160
446 157
450 154
463 163
466 159
468 170
469 172
479 162
480 158
484 164
492 183
493 175
494 174
500 178
512 177
514 198
515 190
519 180
521 184
528 193
534 194
537 192
540 205
554 228
561 215
567 233
581 216
582 234
583 235
589 223
598 227
600 246
602 237
612 231
613 255
618 225
625 243
633 247
643 236
656 260
665 241
667 251
668 258
673 245
682 257
686 253
688 287
692 262
697 274
704 265
711 280
721 276
727 277
729 283
731 285
740 291
741 290
745 292
747 303
751 288
756 300
760 294
775 304
779 314
780 316
781 307
787 310
795 315
796 322
799 313
802 301
806 321
807 323
810 329
812 326
816 311
818 319
824 331
829 328
850 345
851 337
854 358
856 349
859 359
868 357
870 356
884 343
890 350
894 353
895 364
903 360
904 342
911 369
916 361
927 372
937 379
939 375
940 374
947 376
954 381
956 370
963 373
964 383
973 389
985 399
987 404
990 380
999 412
1002 421
1006 403
1014 428
1025 407
1029 425
1045 435
1046 431
1050 426
1052 433
1056 415
1058 429
1065 460
1066 422
1068 447
1076 452
1079 451
1094 456
1102 468
1105 476
1110 441
1112 469
1114 465
1115 471
1118 482
1129 467
1139 500
1143 486
1144 480
1146 490
1147 489
1149 473
1152 494
1162 485
1170 505
1171 521
1181 512
1185 497
1186 511
1187 524
1189 531
1190 513
1198 523
1204 528
1207 537
1215 542
1219 544
1228 530
1229 545
1233 541
1240 553
1242 529
1244 543
1253 559
1254 551
1256 555
1259 557
1269 563
1274 569
1288 578
1293 568
1294 590
1295 574
1297 570
1304 575
1316 577
1321 597
1330 596
1344 610
1352 620
1358 618
1361 613
1366 627
1367 624
1371 619
1374 631
1375 650
1376 607
1384 625
1387 632
1392 630
1394 636
1400 655
1402 658
1410 660
1416 638
1422 634
1426 659
1427 661
1429 637
1430 670
1431 642
1433 657
1434 653
1438 628
1442 673
1443 667
1445 684
1451 662
1453 664
1457 665
1462 671
1464 633
1473 689
1476 693
1482 672
1491 668
1499 683
1501 681
1502 690
1503 708
1509 718
1513 709
1516 724
1521 705
1523 703
1530 680
1532 697
1534 717
1546 720
1547 729
1548 731
1565 744
1575 766
1578 740
1579 727
1583 746
1590 725
1608 754
1613 747
1616 774
1627 741
1629 738
1632 771
1637 788
1641 769
1646 745
1656 806
1663 807
1667 768
1668 790
1669 791
1678 756
1688 779
1689 778
1690 781
1693 798
1698 795
1700 812
1703 783
1705 836
1712 819
1719 821
1721 784
1723 803
1726 805
1736 810
1746 829
1747 841
1751 794
1755 823
1767 852
1769 822
1771 846
1778 816
1789 831
1790 861
1791 826
1792 842
1800 859
1803 845
1804 837
1810 835
1811 849
1816 860
1817 868
1820 844
1821 856
1833 851
1835 854
1842 880
1845 876
1847 890
1850 874
1857 884
1858 887
1865 855
1873 885
1879 893
1886 910
1888 907
1890 916
1895 922
1901 904
1902 911
1905 915
1914 906
1920 934
1923 882
1926 929
1931 896
1942 948
1946 903
1951 932
1965 924
1966 980
1970 954
1975 923
1977 965
1980 970
1987 942
1990 969
1992 937
2001 961
2002 953
2003 1016
2004 983
2009 997
2023 1015
2024 1011
2027 1009
2036 1003
2037 1004
2048 1018
2051 1014
2059 1035
2060 1033
2073 1038
2075 1050
2076 1017
2080 974
2087 994
2091 1057
2098 1024
2102 1063
2103 1006
2114 1045
2115 1059
2121 1048
2139 1051
2141 1086
2159 1092
2164 1101
2165 1102
2169 1096
2175 1079
2176 1125
2177 1082
2182 1088
2183 1106
2184 1099
2191 1108
2197 1105
2198 1117
2199 1133
2207 1136
2210 1109
2214 1122
2221 1110
2227 1116
2232 1163
2236 1130
2245 1143
2250 1076
2252 1174
2253 1112
2255 1138
2262 1156
2267 1175
2270 1162
2282 1161
2289 1185
2304 1184
2321 1190
2337 1181
2347 1223
2369 1207
