f_0082776.png f_0082876.png
3 411
26 312
31 430
33 911
35 287
41 709
58 429
59 812
81 279
87 462
88 992
93 293
95 522
110 357
130 570
132 1135
134 571
146 711
149 756
154 690
155 768
156 769
158 744
160 365
169 689
177 685
179 1001
180 675
193 468
199 398
203 1057
208 882
221 682
222 674
224 684
240 1037
243 698
248 681
261 779
262 393
268 731
280 680
296 679
298 1065
301 539
305 494
310 1223
312 753
329 1182
393 834
418 575
435 1062
440 925
448 1192
458 893
464 587
467 629
492 454
506 550
507 892
513 541
527 658
533 634
534 945
539 799
551 585
566 1205
574 1212
575 973
591 1082
593 1044
594 687
603 1023
614 1028
626 1243
649 1234
656 1316
661 1059
662 1169
667 930
675 970
676 903
681 728
686 1269
706 1467
712 1364
715 923
717 1403
719 876
736 830
751 1193
763 1214
771 1225
781 1158
791 1089
801 1163
806 661
815 1199
831 737
833 960
835 1388
858 983
863 1305
883 1101
887 1006
890 1237
891 1295
903 965
910 859
913 966
914 1153
917 1282
937 1013
982 1228
985 1260
990 1510
1028 951
1054 880
1065 1143
1084 1253
1117 932
1122 1200
1161 1290
1184 1355
1192 1460
1209 1372
1216 1431
1218 1360
1222 1363
1235 1471
1246 1344
1260 1494
1272 1402
1302 1478
1311 1438
1325 1734
1350 1554
1362 1466
1370 1459
1371 1484
1378 1501
1381 1512
1386 1473
1389 1462
1397 1453
1398 1602
1408 1702
1415 1521
1433 1468
1451 1553
1463 1577
1510 1707
1543 1573
1560 1630
1561 1701
1564 1498
1570 1491
1593 1652
1605 1721
1619 1644
1640 1664
1652 1663
1659 1648
1668 1711
1758 1737
