f_0082558.png f_0082968.png
33 161
38 1858
46 1270
73 1557
96 80
157 1267
173 24
180 761
199 369
207 1892
296 1714
313 359
392 1018
412 526
446 1746
547 261
555 433
573 1088
593 1958
596 1900
600 1287
606 1877
625 1899
654 1681
701 1885
754 970
757 974
761 1346
764 148
788 944
809 1932
828 776
876 1472
893 889
910 1289
912 1891
939 1828
983 1648
1029 1428
1075 1030
1078 1365
1115 1073
1192 902
1262 982
1334 896
1356 1552
1367 432
1368 1962
1389 1182
1411 1721
1418 1381
1438 149
1445 2053
1462 1508
1470 1516
1473 1021
1490 853
1524 668
1572 1561
1599 1627
1603 92
1607 1360
1634 773
1674 549
1681 1723
1724 1814
1728 1749
1738 1901
1739 1450
1811 1164
1829 1812
1841 1325
1849 1121
1861 744
1865 1051
1898 711
1913 1910
1925 1150
1942 1368
1965 1345
2009 375
2034 1168
2038 1225
2055 741
2058 1451
2084 1540
2089 908
2093 811
2105 939
2161 1293
2165 1010
2192 1602
2203 677
2211 1573
2242 1075
2244 1198
2276 2044
2322 1217
2325 206
2354 1756
2384 1711
2397 960
2404 1659
2492 850
2494 468
2499 1995
2512 1376
2589 1668
2595 812
2650 869
2728 1615
2793 62
2830 1942
2847 1590
2858 470
2904 378
2967 1669
