f_0082952.png f_0082518.png
200 161
247 184
259 387
390 261
396 231
429 132
440 325
504 515
505 568
580 460
751 346
767 539
865 464
874 371
898 431
939 420
959 419
972 705
984 438
1078 545
1090 476
1110 631
1146 698
1173 726
1189 559
1228 521
1236 787
1339 580
1355 984
1392 874
1453 968
1516 759
1530 684
1570 688
1598 729
1659 776
1664 1130
1671 722
1684 1151
1697 872
1709 731
1723 685
1725 1000
1726 767
1757 763
1815 954
1832 807
1836 898
1846 925
1847 796
1848 819
1851 893
1893 886
1901 860
1907 1028
1934 877
1963 1048
1987 929
1992 971
2001 920
2022 965
2024 1003
2027 1097
2032 944
2066 985
2102 976
2137 940
2153 1043
2264 1119
