f_0082946.png f_0082452.png
3 269
14 160
29 309
100 456
121 157
143 190
180 35
188 132
190 103
219 212
239 289
284 406
296 354
320 686
328 282
333 364
375 242
398 271
413 205
433 554
456 451
461 330
500 519
501 494
606 551
624 355
625 283
664 408
686 575
702 392
745 641
759 655
772 712
781 643
794 965
799 525
812 713
813 664
814 660
818 649
874 698
880 1473
893 739
897 1387
914 710
923 622
939 730
961 1503
966 1225
982 931
1019 663
1023 768
1046 785
1050 1158
1056 721
1059 774
1066 810
1093 1147
1108 841
1132 870
1143 830
1157 1066
1173 1138
1188 850
1224 991
1336 1257
1337 1022
1345 1034
1369 1243
1408 1226
1415 1251
1440 1075
1488 1137
1561 1353
1569 1375
1613 1414
1620 1314
1650 1486
1681 1430
1744 1418
1772 1472
