f_0082952.png f_0082928.png
5 105
39 129
40 37
64 107
65 44
66 79
73 205
81 5
85 162
100 91
105 248
107 124
116 6
128 27
138 16
151 7
155 115
161 153
163 56
169 71
170 8
172 217
178 24
183 29
185 198
191 171
195 186
198 336
200 230
204 108
205 98
208 179
212 200
214 86
230 53
231 199
239 151
240 25
243 393
244 337
246 103
247 187
250 120
259 322
267 64
269 244
272 420
273 152
282 253
283 213
284 165
287 67
289 224
292 10
294 188
295 209
298 371
308 111
314 190
324 220
338 266
342 388
343 250
345 304
346 257
347 146
348 31
355 155
357 260
358 215
362 436
369 175
371 160
374 446
378 180
379 184
385 148
392 226
393 176
394 34
396 330
399 300
403 222
412 349
417 377
421 332
422 362
428 331
429 312
434 323
435 216
437 485
442 297
444 356
445 291
451 512
452 389
454 354
455 306
457 183
467 383
473 522
475 533
476 523
478 305
494 292
498 495
500 321
509 339
511 201
519 409
520 395
526 359
527 307
529 615
530 562
532 327
537 363
542 513
554 542
556 438
565 463
578 387
586 442
591 360
593 516
595 412
597 343
609 579
613 378
614 344
625 611
627 534
639 302
647 627
648 489
650 607
654 430
655 379
666 465
672 497
675 396
686 417
688 654
693 535
696 455
707 456
708 374
709 375
719 425
725 637
730 633
738 508
739 467
744 507
749 671
751 564
760 519
761 452
764 514
775 552
778 457
780 557
781 476
786 483
787 617
789 539
790 501
794 773
796 605
797 581
799 498
804 487
805 468
818 520
821 721
822 586
826 784
833 663
845 590
848 651
851 789
856 554
863 657
873 492
877 555
880 655
885 658
890 648
895 680
900 613
901 596
902 602
903 858
905 675
910 741
911 712
921 676
925 745
926 748
930 614
935 681
938 592
939 691
944 755
945 641
947 700
952 626
955 693
959 714
968 869
972 837
974 764
979 729
983 842
984 768
985 715
986 665
987 758
999 872
1000 774
1002 760
1011 685
1016 666
1022 931
1024 802
1025 793
1026 682
1031 815
1032 737
1036 644
1042 726
1043 901
1053 705
1054 787
1059 754
1062 695
1064 873
1070 816
1072 806
1073 790
1079 805
1080 765
1091 795
1093 781
1095 988
1097 859
1098 856
1101 835
1102 827
1103 804
1105 780
1106 782
1107 843
1115 848
1116 828
1126 975
1127 958
1128 844
1131 930
1134 836
1140 972
1143 885
1145 730
1153 874
1154 860
1156 797
1157 798
1162 792
1170 893
1171 870
1172 801
1183 832
1185 925
1188 1044
1189 902
1190 882
1197 808
1198 1097
1201 963
1202 875
1204 1081
1205 889
1208 1092
1215 912
1219 871
1220 845
1237 1038
1242 1102
1256 1099
1257 1067
1264 897
1267 851
1269 1147
1272 896
1273 997
1274 952
1279 1082
1283 863
1285 1078
1287 876
1290 867
1294 898
1295 833
1300 941
1304 1139
1305 1039
1306 940
1307 857
1311 847
1324 987
1325 894
1332 899
1334 1202
1339 926
1340 982
1343 1203
1345 1036
1346 932
1349 921
1357 1123
1358 1034
1360 954
1361 936
1363 927
1369 1028
1371 948
1374 1215
1376 965
1378 945
1380 1046
1382 970
1384 1040
1393 1177
1399 1135
1400 1219
1401 1107
1402 1100
1407 1181
1409 1098
1410 979
1413 1086
1416 976
1421 978
1422 1000
1434 1012
1436 971
1438 1188
1441 1120
1449 993
1451 1002
1453 1311
1458 1047
1459 1294
1464 974
1467 1238
1468 1216
1470 1013
1474 1171
1477 1031
1478 1290
1488 1088
1493 1037
1496 1141
1497 1029
1501 1059
1513 983
1514 1112
1515 1251
1516 1211
1517 1197
1518 1090
1521 1207
1524 1189
1526 1104
1532 1024
1534 1009
1535 1126
1538 1113
1548 1149
1549 1337
1554 1348
1555 1312
1560 1223
1569 1305
1574 1259
1581 1074
1582 1075
1585 1388
1588 1212
1591 1399
1595 1108
1596 1318
1601 1138
1603 1397
1609 1152
1611 1307
1618 1342
1626 1225
1627 1193
1632 1183
1637 1167
1638 1153
1649 1371
1651 1374
1654 1265
1656 1248
1657 1234
1658 1194
1659 1352
1660 1509
1661 1329
1668 1220
1669 1278
1682 1393
1688 1267
1695 1217
1697 1438
1698 1380
1699 1218
1700 1195
1709 1314
1713 1470
1729 1240
1731 1451
1733 1430
1737 1325
1741 1353
1753 1532
1755 1481
1763 1365
1765 1457
1766 1415
1780 1288
1782 1483
1794 1498
1803 1381
1804 1402
1810 1384
1815 1500
1819 1411
1820 1339
1827 1385
1831 1410
1834 1395
1840 1372
1847 1431
1862 1446
1872 1428
1876 1463
1879 1488
1883 1423
1890 1617
1899 1447
1908 1412
1910 1559
1911 1468
1912 1436
1919 1561
1923 1508
1924 1627
1927 1507
1928 1739
1931 1503
1934 1523
1936 1679
1944 1476
1953 1541
1954 1525
1963 1630
1964 1597
1971 1542
1983 1633
1989 1576
2002 1533
2008 1611
2015 1581
2018 1578
2022 1644
2028 1862
2038 1670
2040 1590
2041 1804
2048 1683
2053 1605
2058 1577
2060 1602
2062 1693
2066 1687
2084 1736
2089 1733
2099 1640
2100 1859
2102 1704
2113 1692
2124 1626
2126 1762
2139 1612
2144 1717
2153 1751
2154 1924
2158 1623
2163 1867
2171 1759
2174 1638
2187 1637
2188 1967
2200 1795
2222 1930
2223 1865
2235 1942
2245 1962
2248 1963
2252 1691
2259 1800
2264 1835
2278 1839
2280 2022
2308 2029
2314 1801
2336 2070
2357 1874
2361 1896
2364 1878
2365 1848
2372 2103
2378 1885
2405 2010
2408 2084
2441 2125
2457 1919
2461 1921
2465 1880
2466 2150
2470 2019
2471 1895
2476 1989
2479 2024
2481 2207
2486 2235
2488 2200
2503 2039
2515 2087
2516 1959
2520 2073
2527 2136
2529 2116
2570 2275
2581 2052
2582 2167
2583 2083
