f_0082642.png f_0082670.png
1 390
3 346
43 405
44 486
52 404
69 426
86 416
87 389
96 480
114 502
116 445
118 539
127 485
134 497
137 473
144 401
166 533
189 467
197 522
199 635
206 551
213 519
214 538
216 571
219 561
222 535
223 567
234 550
240 566
243 560
244 568
250 573
257 606
268 612
269 603
274 599
284 614
293 642
295 584
308 654
315 619
318 630
324 703
331 609
334 701
356 633
358 668
361 726
363 736
369 659
380 688
389 738
422 696
424 698
426 697
427 760
445 744
452 693
479 713
484 789
486 716
487 797
495 740
499 741
502 807
509 747
517 763
521 749
534 746
536 754
546 748
566 743
569 840
612 811
617 800
646 822
648 834
655 835
657 844
660 804
663 810
664 827
666 876
680 816
686 839
691 851
713 899
720 862
721 866
740 874
757 895
760 936
762 885
767 935
789 911
804 914
806 916
811 891
812 928
829 919
832 915
838 938
839 946
850 950
851 913
855 961
860 960
861 951
873 890
874 883
876 981
900 987
916 964
922 979
923 949
925 997
937 1005
944 1011
949 977
989 1022
997 1046
1000 1122
1010 1060
1011 1051
1014 1049
1026 1053
1027 1059
1036 1020
1040 1028
1046 1045
1058 1064
1068 1105
1077 1121
1082 1084
1096 1109
1098 1125
1104 1055
1124 1094
1137 1095
1139 1039
1147 1058
1148 1061
1160 1147
1167 1128
1171 1043
1190 1092
1218 1196
1223 1137
1241 1158
1255 1165
1259 1213
1299 1211
1318 1136
1326 1261
1364 1268
1380 1215
1388 1245
1411 1205
1415 1304
1419 1324
1423 1318
1425 1237
1427 1295
1432 1299
1434 1255
1440 1338
1444 1307
1446 1286
1447 1351
1461 1323
1462 1348
1465 1278
1479 1267
1483 1350
1495 1236
1506 1356
1523 1311
1526 1360
1530 1344
1541 1371
1544 1376
1548 1352
1563 1316
1570 1404
1620 1382
1684 1387
1722 1504
1723 1401
1745 1422
1865 1510
1866 1506
1884 1513
1985 1695
2000 1720
2009 1670
2058 1703
2081 1604
2085 1731
2099 1663
2106 1769
2143 1777
2174 1779
