f_0082702.png f_0082924.png
175 106
196 57
202 52
212 26
216 184
225 123
229 191
231 160
232 150
246 229
252 105
254 113
255 282
256 212
278 168
281 178
285 306
286 323
289 252
291 414
303 243
306 138
307 403
311 436
314 359
317 382
321 312
322 102
324 142
325 397
332 337
339 412
345 424
346 259
348 198
350 445
358 199
359 363
362 208
365 395
368 342
373 411
375 512
383 518
400 482
407 294
410 319
411 582
412 570
413 579
422 399
427 318
431 197
440 627
442 432
443 608
447 217
458 636
481 401
482 547
484 156
491 390
493 545
505 464
506 469
507 717
508 721
512 468
519 699
521 615
522 461
525 544
526 639
536 754
539 726
540 285
542 293
546 528
548 795
551 785
553 297
554 597
558 767
560 524
561 751
568 749
569 734
570 750
584 738
590 625
593 427
594 710
598 443
600 763
607 463
619 891
623 880
632 890
636 631
638 731
643 568
645 917
650 686
660 503
667 929
669 918
686 551
687 647
688 818
690 916
695 975
697 986
698 979
699 1006
700 940
703 977
707 946
712 1008
718 865
719 1023
722 1016
725 634
726 874
728 1033
734 1104
737 932
738 1024
742 851
752 822
753 817
763 680
765 905
774 1120
777 1068
792 664
793 729
794 825
796 1109
797 1161
800 1166
801 1190
804 1141
808 1160
814 1057
817 799
818 1140
821 903
824 1107
827 1129
829 1205
830 1188
836 1189
840 838
841 850
843 1192
856 1071
857 1210
863 1245
865 835
867 1249
870 1271
877 1337
880 1105
884 1252
891 873
893 1093
901 1122
908 1318
909 1372
913 1330
916 1331
917 1368
922 1325
926 1315
930 1314
939 1351
942 1235
945 1241
946 1281
947 1230
953 1410
957 1371
958 1429
960 1412
963 1453
970 1234
972 1413
976 1227
977 1473
979 1468
994 1499
996 1259
1002 1327
1010 1504
1014 1471
1018 1089
1019 1519
1020 1486
1032 1517
1033 1582
1036 1541
1039 1560
1043 1375
1044 1578
1047 1391
1048 1554
1049 1555
1052 1280
1053 1524
1062 1457
1063 1596
1066 1485
1067 1602
1068 1572
1070 1577
1073 1342
1077 1559
1078 1593
1087 1609
1095 1668
1096 1625
1097 1616
1098 1650
1099 1651
1102 1591
1107 1637
1114 1608
1115 1652
1118 1671
1120 1692
1123 1664
1124 1667
1125 1678
1133 1653
1140 1689
1143 1701
1146 1697
1147 1688
1153 1442
1164 1703
1168 1535
1175 1704
1179 1733
1182 1534
1189 1752
1194 1754
1206 1558
1209 1775
1211 1776
1212 1755
1215 1432
1218 1792
1221 1764
1228 1803
1235 1566
1246 1809
1255 1833
1261 1746
1265 1860
1268 1804
1279 1831
1288 1865
1290 1751
1296 1728
1319 1877
1324 1982
1333 2056
1335 2034
1363 2108
1368 2113
1378 2030
1379 2042
1446 2172
1452 2434
1468 2348
1482 2488
1505 2469
1507 2473
1509 2614
1544 2617
1564 2673
1600 2701
