f_0082946.png f_0082912.png
205 2941
215 1122
219 842
223 1245
240 1981
274 2877
281 1362
301 2780
317 813
342 1714
357 847
368 461
388 1025
389 947
392 412
410 549
412 292
413 2255
416 2710
424 1257
436 641
448 2105
452 1703
456 948
501 1954
509 2212
510 190
513 2077
517 2854
537 1974
541 2643
553 1515
555 562
558 2057
562 2862
581 2392
596 2885
598 2434
619 1339
635 2278
645 2573
647 2344
648 753
655 1114
667 46
668 43
682 2963
686 984
692 995
701 1637
708 2536
713 1046
717 1948
734 960
744 317
766 1642
772 2162
774 900
782 30
787 1364
788 1531
791 1851
795 570
808 776
815 2303
837 427
844 2045
848 1835
865 2260
867 1871
884 331
887 2521
890 1351
892 1830
893 1485
894 171
895 271
897 600
898 1790
906 1986
909 2782
913 785
915 534
922 2268
926 2965
940 1453
952 822
953 47
965 920
980 264
984 1333
993 1235
996 2714
1004 1285
1006 1113
1013 2029
1029 824
1046 2946
1055 958
1058 2281
1059 1678
1061 1801
1063 2961
1081 2615
1086 180
1090 2454
1095 55
1097 2541
1099 1396
1114 1510
1123 2578
1148 2582
1149 1292
1161 1889
1166 195
1172 346
1182 823
1196 2626
1197 2129
1199 2806
1210 1183
1221 923
1234 480
1235 2686
1252 1751
1257 2178
1259 1659
1260 1812
1264 248
1265 626
1279 1682
1280 1609
1289 2937
1296 2271
1299 498
1311 1754
1315 2757
1338 1662
1340 880
1348 1171
1359 625
1400 1192
1409 1140
1434 826
1438 1433
1441 313
1466 2657
1467 1646
1473 2346
1477 810
1478 2812
1480 1928
1493 2154
1494 1304
1501 1425
1504 495
1521 2339
1541 367
1559 370
1564 661
1581 735
1585 2492
1587 1161
1590 609
1591 460
1597 849
1604 2028
1609 194
1612 2609
1621 2768
1624 2217
1638 2233
1640 183
1645 1073
1655 1746
1668 188
1673 1007
1690 1677
1695 1397
1699 1346
1700 639
1703 2141
1711 6
1714 78
1715 1348
1719 1719
1729 780
1732 1313
1741 1163
1743 1382
1745 2592
1751 407
1766 36
1767 2632
1772 2404
1773 14
1774 1259
1775 2022
1784 1191
1786 12
1788 128
1789 2910
1794 820
1797 1575
1798 2051
1799 2238
1802 2645
1806 1906
1818 2427
1819 1473
1823 1200
1825 291
1827 1199
1828 1353
1829 2229
1836 167
1844 479
1849 1633
1852 1035
1854 1056
1858 138
1859 1587
1863 39
1865 1915
1867 2978
1872 909
1873 536
1882 574
1888 162
1891 126
1901 1921
1902 2616
1908 967
1914 103
1916 2108
1927 1106
1938 1000
1941 1120
1947 295
1948 2448
1953 2237
1955 2604
1956 1490
1963 860
1968 2640
1973 2395
1977 1638
1978 542
1979 358
1980 237
1982 2711
1992 401
1996 2393
1999 52
2000 251
2019 2358
2028 2943
2034 1281
2036 1610
2038 269
2039 1760
2042 1412
2043 238
2050 84
2059 1952
2066 2908
2070 793
2071 54
2078 157
2087 458
2088 2367
2100 2901
2102 1580
2109 2962
2122 86
2125 1764
2134 1958
2138 1227
2174 2923
2181 2842
2188 715
2198 1173
2201 1086
2220 1611
2252 17
2364 784
