f_0082924.png f_0082952.png
1 201
2 129
4 178
6 179
8 286
9 287
19 144
40 309
47 27
50 153
52 210
53 265
54 394
57 116
59 215
60 359
73 214
75 297
78 372
79 186
89 81
93 121
105 67
107 296
113 169
123 235
124 246
125 252
129 26
150 378
154 290
159 284
161 457
162 107
164 256
167 155
168 213
173 447
179 5
180 99
184 273
192 538
193 239
205 539
208 64
209 261
225 559
227 137
229 318
241 358
250 173
252 283
253 279
254 497
255 656
259 208
260 375
262 558
264 195
268 455
274 225
276 324
277 635
283 419
294 85
299 346
301 384
302 684
303 553
306 469
307 501
310 3
311 185
313 480
318 200
321 441
322 495
328 429
330 704
334 470
335 633
337 428
339 649
342 269
348 338
353 357
355 758
362 260
363 396
369 390
370 729
375 454
377 577
381 526
386 572
387 578
388 644
391 668
396 537
398 675
399 335
407 618
408 566
411 452
413 520
420 190
424 806
440 556
441 586
445 739
449 517
454 492
459 697
461 244
466 722
467 790
471 715
474 544
477 565
481 757
482 464
484 582
487 278
494 617
502 823
504 525
506 815
508 616
509 768
510 672
517 612
520 780
531 814
534 485
536 689
539 681
547 543
548 856
553 734
554 846
558 620
561 461
562 845
564 744
565 871
567 561
569 627
570 836
576 812
579 869
581 568
582 762
588 554
591 610
592 802
594 600
595 756
597 515
599 524
606 881
608 810
620 907
630 642
634 482
636 952
640 936
643 813
647 512
648 530
649 560
650 791
657 848
660 730
663 986
665 504
667 918
668 885
669 1086
674 1016
675 1026
677 741
678 1056
682 710
694 904
697 711
698 895
704 483
709 608
711 927
712 1119
716 959
717 1032
722 1087
724 1088
725 1089
734 879
739 1018
743 1084
744 1137
746 749
748 867
749 868
750 882
751 910
752 996
754 1085
762 1156
765 1052
766 1080
767 1094
770 926
776 807
781 1002
783 1124
785 1177
787 1166
788 1172
789 658
792 1148
797 821
800 974
802 1123
806 1197
807 984
809 1073
811 1235
814 1091
824 829
827 1108
828 1316
834 1155
840 1240
841 1241
844 1183
848 1230
851 862
852 1161
853 1229
854 838
856 1101
857 1283
864 1244
865 893
870 1069
871 1128
875 1192
876 1348
881 1287
886 1322
890 1154
894 1367
896 847
897 1171
902 1170
904 1302
908 1378
914 1219
915 1327
917 1205
923 1264
924 1298
926 1339
929 1215
930 1320
934 1272
935 1346
938 1306
949 1239
953 1340
954 1436
960 1064
965 999
967 1185
972 1293
974 1372
978 1217
979 1331
983 1389
986 1251
987 1403
990 1310
993 1410
999 1422
1004 1534
1007 1443
1008 1324
1010 1583
1013 1273
1015 1448
1017 1503
1020 1076
1027 1174
1030 1362
1032 1142
1033 1354
1035 1470
1045 1415
1046 1483
1047 1463
1054 1369
1057 1169
1059 1489
1060 1497
1070 1067
1075 1130
1079 1512
1086 1446
1095 1414
1097 1447
1098 1126
1100 1243
1103 1381
1105 1152
1108 1558
1111 1432
1112 1492
1113 1525
1122 1063
1126 1173
1127 1209
1128 1285
1130 1288
1136 1409
1137 1491
1140 1353
1144 1199
1150 1550
1155 1535
1156 1609
1158 1269
1161 1593
1167 1637
1178 1644
1182 1441
1183 1622
1187 1658
1193 1204
1200 1561
1210 1429
1227 1236
1228 1407
1229 1393
1231 1530
1234 1312
1236 1357
1244 1521
1246 1612
1248 1739
1249 1408
1255 1417
1261 1350
1262 1314
1264 1688
1265 1517
1269 1424
1274 1423
1287 1524
1292 1656
1295 1738
1297 1523
1300 1767
1301 1717
1306 1662
1310 1726
1311 1693
1315 1495
1319 1669
1321 1390
1327 1460
1329 1727
1331 1611
1337 1630
1340 1771
1343 1486
1346 1709
1350 1736
1367 1629
1371 1573
1372 1735
1375 1508
1376 1490
1378 1659
1379 1777
1382 1605
1388 1625
1390 1478
1391 1528
1393 1549
1397 1722
1401 1763
1404 1545
1409 1569
1411 1939
1412 1651
1413 1649
1416 1801
1417 1865
1419 1619
1421 1853
1422 1854
1424 1831
1427 1554
1429 1716
1438 1665
1450 1847
1453 1719
1457 1585
1462 1990
1467 1591
1468 1733
1472 1705
1475 1897
1480 1766
1499 1894
1501 1603
1502 1673
1509 1677
1520 1920
1525 1909
1527 1961
1528 1867
1541 1931
1548 1923
1554 1808
1555 1833
1565 1812
1578 1943
1581 1902
1582 1975
1593 1953
1600 1794
1601 1971
1609 2018
1624 1851
1625 1970
1629 1844
1630 1910
1633 1846
1646 2060
1649 1753
1658 2001
1678 2032
1685 2031
1687 1952
1688 2008
1696 1886
1701 1983
1703 2052
1704 2064
1705 1878
1713 2067
1733 2082
1737 2022
1745 1890
1750 1828
1751 1980
1752 2113
1755 2145
1758 1982
1763 1985
1773 2127
1775 2046
1777 2149
1784 2057
1785 2144
1792 2153
1817 1968
1824 2020
1827 2259
1843 2300
1852 2299
1868 2227
1872 2281
1874 2256
1877 2330
1887 2083
1894 2303
1895 2304
1902 2251
1904 2333
1910 2100
1912 2337
1916 2353
1917 2354
1932 2355
1935 2350
1936 2364
1938 2363
1945 2106
1957 2128
1966 2165
1975 2445
1977 2152
1988 2388
2000 2203
2001 2208
2046 2398
2047 2469
2053 2443
2075 2243
2102 2478
2118 2417
2151 2352
2152 2309
2162 2514
2172 2360
2173 2536
2178 2580
2179 2504
2206 2577
2216 2575
2256 2559
2283 2468
2311 2486
2367 2545
