f_0082492.png f_0082968.png
224 112
306 65
377 146
454 158
552 371
575 400
588 125
656 440
782 367
865 515
888 680
925 780
928 782
958 796
1021 717
1028 599
1030 1011
1048 982
1050 989
1074 902
1075 992
1132 969
1135 852
1139 825
1152 1094
1155 1007
1159 888
1161 1239
1165 1058
1168 1087
1182 1008
1183 1085
1187 1281
1194 1106
1198 1256
1202 1139
1209 917
1253 1369
1368 1531
1387 1549
1393 1475
1394 1557
1485 1397
1515 1324
1545 1488
1578 1456
1583 1515
1596 1598
1613 1650
1636 1626
1700 1669
1730 1825
1738 1667
1746 1697
1756 1602
1767 1846
1772 1612
1790 1859
1806 1624
1825 1802
1895 1852
1903 1734
1919 1691
1942 1732
1970 1814
1972 1899
1976 1901
2005 1999
2024 1838
2050 1860
2051 2055
2097 1747
2121 1995
2184 1865
2193 1994
2214 1993
2257 2032
2267 2050
2272 1977
