f_0082620.png f_0082886.png
5 259
34 325
107 262
126 287
201 417
204 324
266 502
282 406
284 346
295 316
321 459
335 471
346 466
351 470
361 457
381 512
394 550
395 537
399 556
418 582
431 483
482 649
490 607
519 467
529 694
543 529
561 726
604 638
615 650
619 773
652 476
672 692
677 515
694 763
717 738
734 662
735 759
743 800
747 820
763 819
764 758
804 831
827 898
840 691
854 766
860 813
871 887
886 889
904 647
912 930
922 790
936 877
995 961
998 954
1011 870
1031 972
1061 916
1122 871
1145 893
1187 980
1224 989
1300 1059
1473 1133
1613 1330
