f_0082946.png f_0082958.png
60 35
102 66
150 141
173 12
183 239
187 25
198 143
210 29
225 224
234 168
239 69
251 274
252 147
254 102
255 90
260 261
273 162
279 149
281 331
286 317
295 67
309 255
314 177
333 314
338 171
341 174
348 65
350 404
359 330
363 161
368 204
369 323
370 345
381 240
382 243
385 227
387 340
391 312
395 136
401 504
404 198
405 202
423 538
424 541
432 469
436 515
446 507
447 309
453 514
455 328
462 564
464 601
465 284
471 303
472 356
474 399
478 585
485 492
490 475
498 348
500 424
509 617
511 600
523 571
541 481
553 531
557 655
563 659
579 582
592 695
618 669
623 568
624 671
626 676
635 686
647 573
671 714
689 745
695 517
707 736
713 730
723 678
729 679
730 680
733 625
734 681
741 677
748 857
759 722
762 793
769 879
781 751
784 778
785 795
793 615
794 662
798 728
808 880
812 806
818 825
821 773
832 875
837 975
851 904
853 989
859 1020
866 922
867 981
871 1044
877 892
883 887
893 914
894 1077
913 899
914 967
926 993
930 940
936 1010
939 1056
942 950
969 1150
976 1099
985 1133
986 1177
988 1071
1002 1027
1009 1165
1013 1059
1018 1007
1021 1081
1022 1121
1023 1132
1052 1105
1079 1144
1083 1187
1084 1200
1091 1126
1095 1243
1102 1215
1103 1238
1107 1104
1115 1202
1122 1213
1129 1146
1130 1169
1132 1300
1133 1210
1150 1193
1156 1173
1160 1168
1161 1183
1167 1371
1176 1274
1181 1390
1204 1239
1220 1348
1221 1261
1228 1533
1235 1259
1237 1340
1242 1278
1252 1438
1255 1402
1257 1323
1284 1320
1286 1467
1292 1412
1340 1450
1365 1449
1367 1447
1385 1543
1394 1499
1413 1503
1415 1504
1418 1718
1449 1615
1456 1583
1461 1532
1472 1502
1482 1551
1502 1779
1506 1632
1525 1637
1533 1674
1576 1985
1593 1738
1608 1619
1609 1769
1611 1679
1613 1694
1621 1855
1640 1775
1641 1777
1650 1845
1673 1735
1688 1927
1690 1683
1692 1914
1696 1760
1697 1925
1701 1858
1710 2050
1714 1937
1734 1940
1757 1827
1783 2004
1796 1911
1813 1973
