f_0082558.png f_0082452.png
5 980
7 558
30 228
33 406
61 514
73 817
92 604
96 545
102 830
106 889
110 755
132 990
135 369
144 1544
149 1241
156 983
164 51
169 1188
173 86
187 735
188 1436
197 1253
204 1625
215 289
216 314
218 84
227 493
230 1575
244 1212
246 1368
247 707
253 357
254 265
263 1227
264 93
267 698
268 239
269 242
278 1174
281 277
292 1082
302 963
307 1330
312 1589
313 490
327 152
333 272
337 1233
350 413
354 371
356 1318
363 1145
378 1292
381 1300
382 297
385 888
391 114
402 177
410 159
412 974
414 30
415 249
426 1348
427 1178
429 1037
438 862
439 1462
450 148
452 430
455 1327
467 1579
470 319
492 12
493 1144
497 623
505 708
517 149
530 1526
540 462
546 138
552 34
554 1262
561 134
564 956
584 988
594 1591
607 919
617 826
626 200
634 515
635 1103
641 343
649 301
657 882
684 52
699 1225
708 715
715 770
726 1179
730 488
731 723
737 1285
751 979
761 865
764 396
765 91
784 1211
787 72
796 1387
801 1240
802 1519
805 489
820 62
826 1578
839 839
843 35
850 1523
859 785
883 827
885 605
886 924
915 1336
917 250
919 1185
923 164
925 968
932 554
945 339
950 917
966 243
972 386
981 1215
982 1550
985 65
995 754
1023 1631
1029 904
1037 975
1044 1466
1059 130
1068 179
1081 381
1084 1306
1105 438
1110 10
1113 1338
1120 1057
1154 1031
1166 1249
1175 402
1180 959
1190 1422
1217 1449
1219 501
1239 255
1250 1345
1251 804
1263 6
1273 1150
1279 1360
1289 1331
1311 1309
1314 1267
1315 133
1319 1496
1323 307
1325 1529
1326 1280
1331 310
1332 391
1333 665
1335 195
1348 1635
1349 1493
1367 618
1377 39
1381 884
1398 1059
1409 1551
1410 1346
1425 141
1430 389
1431 238
1443 1361
1445 1476
1449 245
1453 257
1454 459
1458 109
1464 730
1473 1149
1478 299
1480 53
1481 61
1490 1027
1492 44
1510 135
1523 1189
1527 750
1538 926
1540 465
1569 412
1581 1086
1595 111
1598 261
1599 871
1600 906
1602 1321
1610 259
1623 1147
1626 900
1628 1019
1632 1643
1633 684
1635 1404
1645 709
1646 131
1653 1243
1674 452
1676 187
1710 1385
1724 1492
1730 512
1736 504
1747 523
1754 139
1770 1525
1771 1483
1776 1228
1785 1041
1789 905
1807 47
1812 1222
1815 1440
1820 853
1835 421
1839 841
1843 273
1847 867
1848 324
1850 1569
1877 256
1903 654
1905 1543
1916 3
1934 583
1942 1052
1944 28
1955 1061
1959 356
1960 1488
1971 1502
1976 1111
1991 1239
1996 446
2000 1141
2001 275
2009 436
2017 309
2036 1441
2038 868
2042 1216
2070 208
2076 1506
2088 1370
2108 1586
2117 1311
2120 1632
2127 1293
2129 1582
2147 757
2169 475
2177 1263
2195 1235
2247 1606
2256 216
2264 211
2268 838
2284 387
2296 1538
2297 547
2298 83
2324 330
2331 815
2356 473
2368 800
2371 1229
2376 1096
2377 1274
2391 226
2393 247
2400 43
2403 704
2446 1307
2448 1255
2465 594
2475 1435
2478 711
2484 1132
2494 886
2500 338
2503 348
2508 1641
2533 546
2534 713
2542 1613
2546 334
2548 1068
2554 935
2555 463
2558 1268
2563 76
2569 478
2570 872
2571 557
2575 377
2586 113
2597 859
2603 683
2608 432
2611 492
2613 1499
2616 1025
2622 820
2626 13
2636 1437
2640 1423
2646 439
2651 384
2661 740
2663 1513
2670 621
2673 531
2698 18
2711 682
2719 1408
2720 600
2739 1013
2745 121
2746 925
2758 527
2765 123
2779 122
2780 189
2799 584
2803 697
2822 1548
2830 1458
2832 291
2835 79
2841 947
2843 1598
2871 1275
2896 449
2915 796
2916 361
2952 1226
2966 1063
2968 60
2970 746
2972 913
2989 1250
