f_0082702.png f_0082886.png
3 77
29 91
44 15
51 61
54 123
62 82
74 51
78 118
86 99
93 167
119 145
120 212
123 156
127 188
142 81
161 239
192 266
195 159
215 148
217 229
220 289
231 248
233 359
240 102
248 115
256 269
258 105
260 255
267 284
268 303
270 288
271 119
275 141
279 295
282 305
284 151
295 330
296 185
307 327
309 293
311 381
315 332
334 348
337 181
339 340
345 378
346 263
369 384
370 262
382 211
385 243
407 273
408 372
410 315
411 414
412 422
427 312
430 237
432 329
433 446
439 272
448 290
451 241
466 261
468 370
472 240
475 575
489 526
491 357
502 569
505 371
509 532
520 299
531 397
533 362
536 525
539 539
540 346
543 538
549 606
558 593
559 364
565 512
566 473
579 604
584 511
587 610
591 631
594 483
595 508
596 537
598 373
604 556
605 601
617 634
619 590
621 582
622 597
629 524
631 624
632 591
633 617
642 622
653 469
676 698
677 717
683 665
686 435
687 488
708 658
710 476
714 734
716 710
725 495
727 638
734 685
737 650
741 523
751 694
756 733
760 708
764 611
793 519
797 744
803 742
809 788
813 828
826 581
829 763
830 764
844 615
846 598
849 809
852 825
857 768
864 803
867 749
871 820
878 865
882 897
889 908
891 627
897 834
899 864
900 925
909 849
910 842
917 832
922 805
924 862
939 875
941 887
945 767
952 938
954 936
976 793
977 899
979 878
985 895
989 956
996 724
998 655
999 957
1006 777
1018 707
1023 940
1037 963
1043 833
1047 852
1050 991
1053 937
1056 1003
1060 636
1066 917
1090 761
1093 967
1096 974
1119 987
1125 997
1126 988
1148 1005
1149 1024
1150 1054
1156 972
1162 971
1164 1014
1165 986
1173 1038
1175 1027
1177 1106
1194 1033
1199 1029
1213 1053
1216 977
1218 1062
1227 999
1233 985
1235 958
1241 1148
1250 1082
1252 1173
1253 1067
1255 1068
1259 1073
1263 1081
1264 996
1266 1097
1291 1109
1293 1099
1297 1057
1299 1198
1304 1098
1312 1101
1338 1171
1363 1215
1368 1180
1374 1252
1382 1296
1385 1214
1398 1343
1403 1235
1405 1291
1406 1301
1420 1364
1441 1378
1455 1441
1474 1461
1502 1527
1520 1577
1549 1591
1557 1456
1563 1483
1566 1519
1577 1617
1578 1586
1585 1640
1587 1582
1596 1600
1599 1624
1606 1685
1634 1548
1639 1730
1667 1753
1668 1688
1669 1696
1674 1677
