f_0082558.png f_0082912.png
3 270
47 230
102 193
106 46
130 1974
134 2278
143 78
152 199
160 463
167 23
188 394
192 1414
238 595
261 2325
360 839
440 895
453 118
461 1668
520 2630
530 1302
544 2609
591 1494
695 1312
821 2500
851 2125
930 1395
941 343
980 2785
1012 1042
1045 2975
1092 2150
1146 2742
1217 863
1250 2485
1291 1049
1301 232
1322 363
1391 18
1407 2086
1419 290
1491 691
1511 1101
1515 2554
1586 99
1599 2120
1602 1254
1619 1346
1678 812
1723 614
1862 2451
1863 405
1930 1156
2006 1288
2026 2490
2084 586
2164 37
2167 2159
2214 1889
2229 1674
2240 2268
2252 1157
2255 1493
2277 1503
2283 2029
2381 541
2429 1267
2451 2458
2468 750
2610 2315
2697 82
2730 893
2743 2669
2776 2509
2794 1472
2827 1919
2843 1164
2875 607
2886 2892
2906 617
2980 183
2981 2281
