f_0082924.png f_0082926.png
2 7
13 14
15 60
21 38
25 5
28 13
31 9
35 44
37 10
40 46
45 4
47 25
53 59
54 73
56 3
59 58
60 20
61 16
64 29
67 42
68 26
70 2
73 53
74 78
78 96
81 114
85 108
89 92
91 97
92 71
93 75
98 83
101 95
103 89
106 94
111 118
113 99
115 105
116 112
117 106
119 117
120 107
126 139
128 100
129 129
130 116
131 111
132 169
135 70
141 110
144 131
150 140
151 185
152 186
154 137
160 182
161 204
164 152
169 168
170 161
171 146
173 214
174 150
175 189
177 202
180 201
182 188
183 174
184 193
187 135
188 142
189 144
191 256
192 220
193 180
195 218
196 166
201 240
204 246
205 248
207 160
209 210
212 267
214 268
215 215
216 156
218 173
221 217
224 227
225 261
226 187
228 225
231 199
233 284
234 277
236 195
237 239
238 278
241 235
242 285
245 297
247 207
248 222
250 292
253 294
255 303
257 244
258 264
259 275
260 283
261 271
264 259
267 295
268 314
270 243
272 252
274 291
275 265
276 288
279 262
280 242
282 298
283 317
285 249
289 325
290 315
291 329
292 273
293 257
295 324
296 338
297 241
300 321
301 309
302 328
303 348
304 290
305 280
306 334
307 335
308 355
312 307
313 347
316 322
318 316
320 375
321 354
325 372
328 353
330 373
334 376
337 361
338 362
339 379
340 384
347 311
348 343
353 369
354 393
356 398
360 445
361 351
362 366
363 368
364 414
367 330
370 415
375 392
376 409
378 446
380 413
381 405
382 443
389 447
391 431
395 433
396 423
397 450
398 430
402 422
403 424
406 463
407 435
410 438
414 434
416 510
422 462
423 480
425 457
428 437
431 481
434 474
435 461
436 533
437 419
440 441
442 471
443 426
445 495
451 532
452 497
454 501
458 460
463 453
465 503
467 520
468 482
471 509
473 490
474 476
476 524
479 513
480 531
483 494
489 517
493 506
494 525
496 518
502 542
504 540
507 522
510 546
511 530
519 551
520 585
523 555
526 544
527 567
529 556
530 574
531 576
532 586
535 573
538 598
542 587
543 610
544 580
545 564
548 614
551 557
553 596
554 612
558 605
559 595
560 590
561 602
562 622
563 597
564 618
566 561
568 583
570 644
571 633
574 571
576 659
579 673
581 604
582 647
583 683
585 609
587 640
588 641
589 651
590 593
591 646
592 672
593 625
595 658
599 650
600 655
601 662
602 638
603 642
606 696
608 648
610 669
614 653
615 680
619 675
620 682
621 711
622 689
624 645
625 666
626 719
627 699
631 670
632 708
633 664
634 657
635 697
636 713
641 691
643 694
645 748
648 690
650 692
653 706
654 732
656 698
657 733
662 753
663 766
667 751
668 764
670 729
671 763
673 765
674 775
675 788
677 761
680 724
684 747
688 800
692 757
694 794
698 785
699 813
701 778
702 803
706 812
707 864
710 791
711 811
712 804
715 817
716 819
717 840
720 824
721 827
724 841
725 828
726 807
730 799
735 834
736 835
737 818
739 844
740 845
742 858
746 808
747 821
748 822
749 823
751 833
752 843
753 839
755 815
757 869
758 906
759 801
762 871
764 854
765 859
773 825
776 851
778 863
779 867
781 868
785 896
786 872
787 882
788 895
789 848
792 878
793 870
794 857
796 842
797 853
798 899
799 837
800 875
801 829
802 904
806 886
807 889
808 898
812 884
817 860
820 908
821 912
824 902
826 900
827 903
830 920
833 924
837 925
838 890
839 911
844 946
847 932
851 918
855 945
856 936
858 954
863 949
865 940
868 931
871 955
872 963
873 915
875 964
878 956
881 968
883 962
884 992
886 989
887 930
890 967
895 983
897 982
902 981
905 960
908 1036
910 971
912 1013
917 1025
918 1011
919 958
920 995
924 1035
926 1023
927 1027
929 1034
930 1022
931 1024
933 1049
934 1039
935 1040
944 1079
945 1032
948 1054
949 1057
955 1031
956 1080
957 1071
962 1065
963 1085
969 1042
971 1060
972 1078
974 1101
975 1090
979 1111
980 1097
984 1091
985 1114
987 1104
989 1062
990 1099
993 1119
994 1150
998 1123
1001 1086
1002 1095
1003 1103
1004 1161
1008 1126
1014 1171
1015 1147
1016 1138
1019 1073
1020 1102
1027 1131
1028 1107
1029 1118
1030 1156
1033 1155
1035 1175
1036 1176
1038 1130
1039 1137
1040 1146
1042 1190
1052 1128
1053 1133
1054 1174
1058 1187
1059 1203
1060 1179
1063 1183
1064 1178
1065 1213
1066 1152
1068 1194
1071 1162
1074 1188
1075 1181
1078 1201
1079 1196
1080 1225
1082 1226
1085 1169
1086 1224
1088 1234
1089 1153
1090 1215
1091 1228
1092 1202
1095 1216
1096 1229
1097 1252
1098 1206
1100 1214
1102 1210
1103 1236
1104 1233
1105 1185
1106 1199
1107 1218
1108 1245
1110 1232
1111 1244
1112 1247
1116 1283
1118 1205
1125 1222
1126 1217
1129 1249
1131 1290
1133 1310
1135 1269
1136 1266
1137 1272
1140 1265
1141 1250
1142 1301
1144 1246
1145 1261
1146 1259
1147 1275
1149 1271
1150 1273
1151 1274
1154 1270
1155 1296
1156 1279
1157 1238
1159 1264
1160 1308
1161 1293
1162 1300
1164 1257
1165 1285
1167 1324
1171 1337
1172 1311
1175 1304
1177 1323
1178 1297
1179 1339
1181 1281
1184 1284
1187 1338
1190 1305
1191 1315
1192 1350
1200 1322
1201 1343
1202 1286
1205 1346
1210 1330
1211 1326
1214 1319
1219 1355
1220 1325
1221 1348
1236 1336
1238 1386
1239 1393
1241 1353
1242 1367
1243 1317
1245 1368
1246 1377
1249 1364
1250 1365
1252 1374
1253 1366
1258 1391
1262 1371
1263 1383
1264 1384
1266 1401
1267 1410
1269 1395
1274 1382
1278 1400
1284 1409
1285 1406
1292 1437
1293 1432
1299 1420
1308 1436
1309 1450
1313 1449
1314 1441
1316 1469
1318 1446
1319 1452
1320 1479
1323 1455
1325 1445
1326 1457
1329 1473
1334 1484
1338 1475
1340 1482
1342 1451
1346 1491
1353 1489
1356 1485
1360 1517
1361 1503
1362 1490
1367 1497
1369 1516
1372 1526
1373 1538
1374 1474
1378 1522
1379 1524
1380 1531
1384 1542
1385 1548
1386 1505
1388 1521
1389 1543
1392 1520
1393 1509
1395 1530
1396 1541
1401 1547
1402 1529
1406 1525
1411 1568
1413 1546
1418 1536
1421 1563
1424 1559
1425 1539
1429 1577
1430 1586
1431 1545
1438 1576
1441 1561
1443 1573
1445 1590
1446 1603
1449 1594
1450 1599
1451 1560
1453 1588
1454 1589
1457 1562
1459 1606
1463 1556
1467 1572
1471 1598
1473 1615
1475 1616
1479 1614
1480 1624
1482 1642
1483 1609
1484 1613
1488 1646
1493 1633
1495 1608
1498 1630
1499 1631
1501 1628
1508 1611
1509 1618
1510 1629
1512 1641
1515 1639
1520 1660
1523 1638
1524 1648
1525 1649
1530 1640
1533 1647
1541 1683
1542 1671
1548 1665
1554 1674
1555 1675
1558 1650
1562 1696
1572 1695
1575 1668
1578 1694
1588 1691
1589 1709
1591 1711
1592 1688
1593 1717
1596 1716
1598 1678
1599 1682
1600 1704
1601 1738
1605 1701
1606 1703
1608 1721
1611 1698
1612 1707
1613 1733
1618 1753
1620 1714
1623 1706
1624 1732
1625 1735
1627 1745
1632 1723
1634 1746
1637 1764
1640 1763
1641 1741
1644 1718
1645 1722
1646 1775
1649 1756
1650 1758
1651 1770
1652 1765
1653 1771
1656 1761
1658 1779
1660 1755
1668 1778
1672 1795
1674 1799
1680 1809
1682 1780
1683 1786
1684 1787
1685 1812
1687 1788
1692 1820
1693 1827
1695 1793
1699 1803
1702 1806
1703 1815
1704 1829
1708 1804
1711 1811
1715 1814
1719 1823
1720 1840
1725 1844
1726 1817
1727 1832
1728 1833
1733 1850
1738 1851
1741 1847
1745 1845
1746 1853
1748 1841
1750 1842
1751 1856
1752 1860
1754 1866
1760 1857
1769 1871
1773 1890
1776 1889
1781 1863
1786 1901
1787 1883
1788 1899
1790 1896
1792 1900
1793 1882
1794 1893
1796 1891
1798 1902
1802 1905
1803 1909
1806 1916
1813 1922
1820 1914
1822 1935
1823 1928
1824 1945
1825 1929
1826 1931
1827 1965
1828 2002
1836 1952
1839 1947
1841 1981
1843 1977
1845 1944
1849 1983
1850 1961
1852 1980
1854 1963
1855 1993
1859 1967
1860 1968
1861 1974
1862 1988
1863 2008
1866 2003
1875 2007
1878 2004
1886 2006
1896 2030
1898 1995
1900 2013
1904 2020
1909 2009
1910 2015
1911 2024
1912 2025
1913 2027
1914 2048
1916 2021
1917 2026
1918 2043
1924 2054
1925 2052
1926 2049
1928 2018
1929 2022
1932 2039
1938 2040
1939 2064
1940 2047
1941 2041
1948 2034
1957 2059
1966 2058
1967 2063
1969 2085
1970 2094
1973 2062
1974 2077
1976 2080
1977 2082
1978 2068
1979 2104
1980 2097
1981 2083
1982 2087
1984 2065
1985 2076
1990 2089
1992 2130
1996 2112
2000 2108
2002 2140
2004 2117
2007 2096
2008 2101
2009 2114
2017 2122
2019 2129
2023 2146
2024 2155
2025 2173
2026 2135
2030 2136
2032 2171
2034 2132
2035 2188
2036 2134
2043 2150
2044 2167
2048 2141
2052 2145
2053 2149
2054 2180
2055 2197
2057 2158
2059 2178
2060 2160
2061 2185
2065 2156
2067 2184
2069 2174
2070 2166
2072 2147
2073 2198
2076 2165
2078 2182
2079 2193
2080 2177
2082 2215
2087 2199
2089 2227
2091 2234
2092 2219
2094 2237
2101 2218
2102 2250
2105 2236
2111 2208
2117 2223
2120 2220
2121 2257
2126 2259
2129 2264
2134 2252
2144 2247
2148 2295
2149 2276
2151 2271
2152 2263
2154 2258
2157 2284
2158 2316
2159 2282
2160 2286
2161 2285
2163 2309
2165 2302
2170 2323
2172 2296
2175 2335
2177 2297
2178 2334
2179 2310
2182 2327
2186 2304
2188 2314
2190 2321
2195 2325
2196 2331
2211 2362
2215 2360
2218 2366
2219 2368
2221 2363
2223 2364
2224 2365
2227 2357
2232 2371
2235 2390
2238 2373
2242 2402
2243 2376
2244 2388
2249 2383
2253 2435
2255 2387
2260 2391
2262 2378
2263 2400
2264 2377
2273 2401
2274 2381
2277 2429
2278 2404
2279 2399
2280 2407
2281 2428
2282 2423
2284 2415
2285 2431
2286 2432
2289 2398
2292 2394
2293 2434
2300 2445
2304 2446
2311 2439
2312 2444
2320 2456
2322 2458
2325 2459
2326 2460
2331 2477
2333 2455
2346 2492
2348 2470
2349 2465
2351 2522
2357 2490
2363 2484
2370 2509
2371 2491
2379 2496
2380 2508
2384 2516
2389 2504
2393 2534
2394 2518
2397 2515
2399 2519
2411 2536
2414 2552
2415 2560
2418 2539
2420 2551
2422 2564
2424 2557
2426 2478
2430 2571
2431 2586
2432 2580
2437 2574
2439 2576
2455 2578
2458 2615
2461 2620
2463 2602
2475 2603
2478 2605
2479 2627
2484 2616
2485 2617
2487 2621
2488 2623
2490 2629
2493 2634
2499 2653
2502 2649
2503 2643
2505 2673
2507 2654
2512 2636
2513 2642
2515 2685
2520 2671
2521 2660
2527 2644
2529 2662
2534 2655
2537 2669
2541 2690
2551 2684
2561 2688
2567 2709
2571 2705
2575 2701
2577 2721
2578 2703
2581 2710
2584 2722
2588 2726
2589 2728
2597 2715
2601 2719
2603 2742
2610 2723
2613 2740
2614 2737
2618 2725
2621 2748
2622 2755
2630 2763
2632 2750
2633 2751
2640 2771
2642 2776
2643 2779
2646 2754
2649 2767
2654 2794
2660 2783
2669 2770
