f_0082872.png f_0082958.png
650 477
654 165
657 532
741 705
754 546
777 565
782 68
791 77
810 700
816 137
825 800
829 743
862 779
874 799
892 423
899 495
924 582
953 1178
954 1181
960 545
968 560
980 1276
989 906
1021 478
1024 1112
1067 1229
1096 873
1097 675
1106 1313
1173 735
1216 825
1267 1157
1303 1295
1332 1399
1358 1464
1375 1451
1389 1290
1400 1293
1427 1343
1434 1400
1440 1368
1461 1055
1476 1541
1497 1380
1507 1465
1539 1699
1545 1466
1551 1300
1580 1444
1584 1574
1594 1169
1597 1560
1599 1261
1618 1473
1664 1463
1765 1955
1800 1469
1817 1499
1889 1522
1910 1563
1922 1511
1931 1595
1948 1637
1973 1604
1997 1713
2025 1745
2030 1596
2054 1744
2063 1767
2114 1944
2124 1792
2332 1856
2400 1800
2417 1828
