f_0082882.png f_0082928.png
80 25
107 99
151 38
153 126
174 120
190 225
191 192
198 91
199 325
200 307
210 213
211 359
233 387
238 106
243 417
257 466
258 450
261 377
265 465
266 514
267 621
282 596
286 463
292 322
298 353
311 605
323 434
324 630
326 500
329 675
333 625
334 680
344 579
349 644
360 479
374 709
379 748
391 774
394 764
406 762
409 816
416 870
419 877
420 905
425 971
432 912
442 1024
461 949
463 1214
468 916
473 925
475 1088
499 985
503 1034
508 1030
526 1010
531 1085
532 1101
533 1185
536 995
538 1098
541 931
542 1100
546 1225
551 1135
560 1278
568 1083
573 1190
577 933
578 1043
586 1314
599 1268
602 1226
612 1250
616 1219
623 1529
628 1360
629 1431
631 1400
636 1312
641 1463
644 1421
649 1370
650 1409
653 1415
655 1342
660 1457
671 1523
678 1451
684 1603
689 1407
690 1475
696 1576
705 1601
707 1364
708 1657
716 1620
723 1634
730 1714
734 1589
739 1830
743 1631
752 1606
755 1644
756 1764
757 1486
761 1660
762 1615
763 1588
770 1639
772 1724
774 1557
777 1725
778 1723
781 1828
784 1716
786 1736
787 1732
791 1757
793 1841
806 1774
807 1960
813 1647
834 1896
840 1823
843 1739
851 1834
852 1837
856 1890
858 1803
866 1914
867 1867
881 1881
883 1961
887 1907
893 2006
900 2185
906 1987
908 1938
930 2154
955 2193
956 2423
963 2427
964 2156
965 2133
971 2165
978 2278
992 2327
999 2261
1002 2308
1018 2437
1019 2431
1057 2464
