f_0082642.png f_0082942.png
72 603
111 602
119 355
129 376
138 738
158 703
174 747
215 802
216 771
261 640
268 716
269 727
287 843
373 1052
410 968
435 770
438 1071
504 979
523 932
558 1056
563 963
577 1076
648 1007
747 1074
752 1320
824 1117
839 1171
872 1253
888 1377
894 1226
912 1262
919 1438
925 1199
945 1319
967 1308
1004 1395
1044 1371
1061 1333
1078 1471
1097 1427
1160 1428
1174 1452
1255 1176
1257 1544
1278 1568
1311 1455
1345 1543
1442 1223
1470 1470
1487 1582
1840 1447
2002 1599
2021 1643
2042 1601
2074 1649
2132 1700
2135 1883
