f_0082868.png f_0082858.png
0 2066
6 2052
7 2126
9 1654
14 2257
16 779
22 1460
28 1174
60 450
67 1605
95 1799
103 1785
123 878
126 387
127 585
163 2093
171 1986
175 1740
186 2192
215 2009
220 2140
222 1368
230 2010
233 1457
235 2383
240 1165
269 2130
271 1855
276 2358
285 876
288 1229
295 1996
310 515
327 1050
328 1675
347 2404
368 2543
376 1948
426 1723
427 2277
438 1181
442 982
470 614
486 289
487 2443
492 2781
494 1013
505 352
515 2748
541 1681
625 571
627 2231
633 565
637 2677
704 1582
708 952
735 1918
760 2422
763 2059
788 1047
789 1119
792 1254
819 2077
849 389
851 2360
852 2057
868 1118
877 844
883 1526
888 2227
892 2082
893 1148
903 2304
904 1484
923 2350
961 2792
970 1646
976 1138
977 1819
990 1441
991 1389
994 768
1013 634
1014 2224
1030 2711
1033 1714
1067 2034
1070 2147
1087 2572
1101 1035
1111 2314
1114 2036
1118 2453
1131 216
1154 2571
1158 1305
1166 2498
1175 2497
1196 2075
1210 1979
1234 1240
1245 1995
1251 1815
1263 2440
1300 766
1304 2290
1319 2785
1320 1818
1340 2278
1389 1519
1392 1481
1400 2618
1407 716
1432 2675
1443 2223
1453 2567
1463 2115
1471 678
1513 1810
1525 1233
1544 1514
1549 2012
1561 2359
1568 2515
1574 2220
1577 1870
1633 2488
1652 2764
1658 297
1696 1569
1704 1977
1715 1951
1717 1028
1725 676
1782 2281
1783 717
1784 1521
1805 1927
1828 1641
1835 478
1839 2676
1860 977
1861 1332
1871 1802
1873 776
1882 1938
1889 1704
1913 2776
1918 475
1920 1861
1928 1739
1933 2219
1942 1164
1956 2423
1961 1357
1964 2352
1976 1852
1998 2746
2008 1829
2016 2248
2044 2413
2049 1595
2082 1486
2095 2119
2111 1879
2116 843
2120 1574
2140 1958
2185 1949
2186 1744
2200 2238
2223 309
2227 1985
2228 374
2233 1225
2257 1211
2299 1584
2344 1549
2358 1659
2394 2341
2415 2070
2423 2661
2438 2846
2448 1644
2457 806
2492 1689
2537 949
2561 1607
2565 1144
2591 966
2628 590
2644 2660
2656 2696
2667 1391
2685 984
2686 1631
2689 2183
2723 2191
2738 196
2759 1302
2775 2503
2779 390
2788 2145
2792 1843
2796 2055
2820 1893
2862 2387
2863 2807
2871 2327
2879 2002
2880 948
2899 2535
2931 2607
2935 778
2970 2295
2974 1718
2978 2349
2997 916
