f_0082702.png f_0082518.png
100 56
116 26
122 61
171 90
175 74
215 135
228 104
242 177
243 161
285 109
289 183
294 212
300 300
309 184
324 247
330 230
343 322
346 259
354 283
380 255
389 319
407 364
408 306
451 402
455 396
470 345
477 316
493 399
498 380
535 480
547 405
554 513
564 530
566 378
569 425
570 429
577 417
581 464
585 409
596 438
600 461
621 451
636 618
665 518
689 590
708 535
726 631
740 585
742 673
769 655
777 656
796 657
814 718
823 674
851 650
881 709
885 706
887 846
932 961
951 850
1006 943
1039 820
1048 859
1062 939
1077 884
1090 1087
1092 1045
1099 870
1113 1067
1115 877
1165 971
1223 1003
1224 1004
1228 977
1235 1150
1236 1118
1306 1175
1355 1147
1381 908
1390 1235
1395 941
1459 1168
1539 1282
