f_0082886.png f_0082912.png
35 2941
40 2330
69 66
74 701
93 1753
99 1082
117 2605
141 2090
158 1683
186 1869
187 710
244 2860
247 2536
249 2440
255 23
258 1608
264 21
274 592
277 2361
283 1319
325 2434
332 2746
372 2560
417 57
419 1246
420 504
431 2692
436 1358
495 800
514 2621
515 2083
623 823
624 747
668 1545
670 1812
715 2802
803 1350
805 2106
806 374
808 885
832 670
852 85
857 2506
890 789
891 1541
918 2896
930 2791
951 482
957 663
960 510
989 2878
991 1457
999 1431
1000 640
1015 1696
1018 1605
1023 1334
1027 272
1044 1466
1050 442
1075 1503
1081 1007
1087 873
1107 1849
1108 1191
1111 617
1114 226
1116 205
1129 198
1140 82
1180 2084
1207 1504
1213 2813
1244 116
1270 2729
1282 1853
1284 256
1289 2952
1303 966
1305 398
1311 2927
1312 2548
1319 1828
1335 152
1336 862
1346 1701
1350 2658
1352 443
1353 2908
1363 26
1448 401
1469 1089
1498 2183
1524 694
1534 2667
1548 184
1574 174
1580 266
1585 261
1627 2285
1660 1149
1670 2211
1688 1165
1692 502
1711 437
1715 2783
1721 2731
