f_0082724.png f_0082928.png
10 116
11 136
18 114
31 830
33 164
52 154
61 648
67 605
77 231
79 489
84 497
86 676
127 1066
152 1165
191 135
193 716
211 368
233 1000
259 1094
267 780
276 463
286 1128
289 712
345 918
348 805
356 1398
414 709
424 1166
430 969
434 256
435 903
436 987
447 893
448 1292
457 1016
461 874
464 1020
472 767
493 1087
500 959
509 1185
519 1471
524 1011
529 985
530 1278
535 925
560 570
600 1410
607 1400
625 1431
632 1446
635 1511
638 1145
643 996
683 1607
685 1523
735 1135
743 930
752 915
753 1084
754 1409
797 1634
799 1622
825 1176
869 1250
870 1919
874 1249
883 1692
890 1134
902 1705
912 1828
930 1751
932 1237
938 1054
946 2098
950 1873
958 2053
991 1857
998 1874
1010 1328
1011 1399
1019 2074
1020 1893
1028 1762
1030 1892
1035 1899
1051 1693
1058 1667
1061 2083
1076 1861
1089 2052
1101 1323
1107 2024
1108 1912
1120 1890
1133 1741
1150 1933
1152 1961
1159 1823
1166 1805
1170 1911
1172 1665
1175 1846
1190 1983
1196 1837
1197 1876
1199 1777
1201 1935
1271 1566
1326 2072
1333 2263
1335 1946
1339 1987
1368 2205
1387 2299
1430 2030
1472 2084
1502 2399
1578 2437
1599 2360
1610 2426
1769 2449
1775 2362
