f_0082724.png f_0082942.png
19 277
31 901
55 356
98 685
113 517
124 859
129 121
165 195
166 223
171 906
190 114
191 149
216 91
221 80
227 256
230 744
233 1012
239 1125
243 423
257 247
267 914
278 927
282 1066
300 591
305 909
306 1062
307 1286
309 938
326 229
348 838
350 133
351 56
353 934
354 680
365 771
370 886
377 1025
394 908
400 1009
407 369
408 699
410 1071
414 728
418 974
421 890
442 714
457 1027
469 407
473 885
478 1179
505 1048
511 884
518 1145
530 1279
557 1288
577 1359
586 932
598 1043
600 1377
606 1178
607 1373
614 1132
623 1149
628 1531
638 1148
639 1393
649 1791
663 1348
675 1039
677 520
698 1238
701 1832
713 1311
726 1568
745 988
763 1824
771 1533
783 1368
797 1557
799 1593
801 833
803 1477
859 1523
860 1592
865 1760
883 1605
892 732
913 1957
919 1619
927 1692
930 1636
936 1524
940 1459
943 759
947 2219
950 1993
965 758
981 1591
1005 1650
1011 1296
1028 1631
1031 1863
1033 1754
1050 1280
1056 2143
1073 1900
1077 1261
1102 1522
1115 1925
1118 1494
1122 1567
1157 977
1174 1538
1189 2185
1204 1854
1221 1032
1240 1817
1267 1849
1283 2007
1290 2110
1326 1929
1331 1724
1351 2149
1357 1314
1378 1835
1439 2099
1446 2173
1486 2308
1494 1574
1546 1633
1620 1595
1635 2006
1813 2274
