f_0082412.png f_0082452.png
2 95
11 105
12 102
15 392
16 68
29 1
30 135
31 411
39 124
40 245
42 80
43 94
47 51
52 228
58 212
67 330
72 166
75 109
76 176
77 226
80 233
84 313
85 70
86 134
87 151
90 298
93 97
96 160
99 322
104 225
106 175
107 203
108 297
110 142
112 159
115 266
116 116
117 141
122 208
127 158
132 150
138 231
139 217
141 133
158 115
176 114
190 130
199 264
201 404
204 107
207 189
208 211
220 289
222 138
232 216
250 146
271 329
275 174
278 248
284 230
289 541
296 354
313 224
317 165
320 239
321 244
323 253
327 452
333 281
339 229
341 310
353 280
360 257
362 533
364 359
370 207
371 263
374 293
382 202
385 372
388 198
393 206
403 249
413 303
415 288
419 236
424 314
444 262
450 279
451 308
454 252
462 238
464 259
465 307
471 601
472 254
477 572
488 312
493 463
502 327
504 397
511 269
516 247
525 394
526 344
527 368
530 287
532 342
533 367
537 323
538 353
541 396
545 508
553 660
556 375
558 502
561 352
562 383
565 651
567 276
570 350
571 369
572 646
573 649
576 291
577 363
578 378
579 290
583 710
587 774
589 385
601 430
604 494
605 335
608 422
610 792
614 390
615 519
619 644
620 750
625 377
632 698
635 405
636 643
637 705
639 532
642 347
646 642
649 326
650 339
657 429
661 446
663 634
665 389
667 366
668 518
669 523
671 830
678 412
680 426
689 461
691 449
697 484
700 655
710 341
721 476
728 425
731 413
733 621
742 437
743 459
749 439
755 485
762 400
769 499
772 481
778 489
782 418
784 713
787 424
793 515
800 606
802 462
805 493
806 554
822 688
823 432
837 566
840 854
845 546
849 547
850 694
854 703
855 756
856 818
862 514
864 559
866 513
874 626
878 522
886 458
889 504
890 535
893 456
895 529
896 528
899 712
909 718
923 574
924 500
934 614
936 737
938 517
945 474
952 865
955 488
957 744
958 738
963 558
974 569
975 578
977 595
979 487
987 511
988 697
992 556
998 617
1000 640
1008 861
1017 584
1033 813
1036 650
1044 731
1052 600
1054 685
1059 605
1062 583
1064 690
1068 632
1077 704
1080 868
1084 588
1087 709
1093 939
1103 684
1110 749
1117 686
1122 654
1124 931
1130 702
1131 724
1132 746
1134 995
1140 767
1144 741
1150 701
1153 638
1157 1021
1159 859
1163 661
1172 754
1183 766
1190 829
1192 1053
1196 812
1202 683
1203 681
1204 928
1205 740
1209 949
1211 990
1213 771
1214 1043
1215 1056
1218 693
1221 820
1223 700
1226 729
1231 687
1245 782
1256 1122
1263 753
1269 781
1278 956
1283 736
1289 752
1292 826
1293 1028
1294 1037
1295 1087
1296 917
1300 822
1301 858
1307 780
1319 867
1320 879
1327 1106
1331 777
1334 803
1336 1014
1337 776
1338 853
1347 814
1351 1025
1356 791
1360 773
1371 922
1378 824
1380 802
1383 1116
1393 966
1407 828
1415 827
1416 897
1419 965
1422 916
1423 804
1427 808
1430 866
1449 979
1453 845
1461 887
1464 878
1469 892
1472 926
1479 973
1487 1051
1493 1094
1494 852
1503 964
1506 1177
1510 1013
1512 1083
1514 849
1516 856
1524 1198
1525 875
1533 1111
1535 844
1545 951
1549 918
1556 1202
1558 947
1563 906
1564 1016
1566 836
1567 925
1572 886
1578 960
1584 1231
1586 933
1595 1219
1597 869
1599 938
1610 1024
1611 1242
1619 864
1622 963
1626 847
1633 1102
1634 1257
1635 1047
1640 944
1651 968
1655 959
1667 1282
1671 919
1672 1027
1673 1049
1702 1019
1720 1042
1727 1055
1734 936
1735 985
1739 1065
1744 1088
1754 1211
1755 1269
1764 1073
1767 1322
1769 1011
1770 1023
1774 1178
1782 978
1784 1187
1786 1330
1789 988
1801 993
1813 1041
1815 1127
1819 999
1820 1030
1821 1072
1823 1115
1833 1262
1841 1010
1848 1029
1854 1157
1855 1190
1860 1125
1862 1363
1889 1124
1893 1250
1904 1384
1909 1285
1921 1400
1927 1241
1928 1140
1938 1146
1943 1434
1945 1255
1948 1033
1955 1046
1958 1280
1976 1445
1980 1432
1981 1064
1990 1414
1992 1444
1998 1453
2010 1461
2011 1076
2023 1156
2027 1185
2030 1071
2032 1086
2035 1365
2045 1110
2047 1176
2057 1437
2060 1184
2066 1135
2074 1206
2078 1109
2087 1193
2090 1205
2104 1267
2105 1346
2109 1142
2116 1481
2122 1189
2131 1199
2132 1501
2134 1474
2137 1283
2147 1228
2178 1539
2181 1299
2194 1292
2198 1308
2207 1192
2214 1175
2218 1239
2223 1436
2227 1345
2233 1183
2234 1227
2252 1364
2258 1273
2261 1169
2290 1290
2291 1323
2297 1222
2311 1368
2313 1560
2328 1260
2346 1465
2352 1319
2361 1287
2364 1391
2383 1377
2385 1416
2390 1435
2398 1516
2401 1455
2417 1572
2418 1605
2427 1451
2428 1555
2445 1541
2450 1342
2452 1483
2458 1578
2468 1327
2469 1333
2480 1343
2499 1440
2500 1408
2501 1559
2502 1387
2504 1616
2520 1480
2521 1507
