f_0082886.png f_0082952.png
170 81
203 168
209 256
214 169
234 314
262 199
263 231
294 387
339 616
344 551
347 780
354 402
365 438
396 544
423 828
432 817
441 1158
446 930
464 848
475 389
476 483
482 970
492 641
493 868
494 879
497 882
498 910
502 980
504 1301
512 926
517 1275
540 1452
549 1013
550 1024
552 1105
556 1070
561 1079
582 1128
590 1233
592 1171
594 1534
607 1195
612 1190
622 1433
625 1492
629 1132
654 1212
660 847
670 1570
704 1305
709 1442
720 1491
747 1408
750 1399
757 1427
758 1352
771 1407
773 1669
775 1524
786 1444
813 1467
819 1763
823 1816
832 1620
854 1939
856 1716
877 1619
881 1689
887 1847
888 1845
915 1676
918 1824
937 1731
940 1943
945 1900
950 1764
954 1833
961 1814
992 1952
997 2017
1012 1828
1013 2015
1018 1969
1033 2066
1035 2057
1042 1957
1050 1877
1051 2145
1059 1928
1060 2071
1072 2084
1107 2210
1111 2391
1125 2393
1146 2344
1213 2447
1271 2523
1282 2424
1304 2544
1315 2538
1319 2533
1336 2535
