f_0082620.png f_0082918.png
29 1986
51 1052
182 303
193 2505
196 988
238 626
239 697
245 2647
247 907
261 283
289 2209
315 1958
344 2766
345 1704
354 2064
364 57
368 1484
372 890
373 347
375 2385
378 1943
381 1173
387 744
409 965
410 685
414 198
428 2904
443 1357
446 1385
449 972
451 2413
472 385
482 2107
490 2645
494 1659
497 13
521 2205
542 304
543 2684
552 2155
566 1413
578 820
584 646
609 653
611 61
616 2758
626 1532
646 1395
648 2153
658 570
667 266
673 2438
706 2629
722 62
727 386
728 317
730 2271
733 321
740 461
741 2472
742 1531
746 166
754 2105
757 2817
771 1041
772 1969
774 146
779 797
783 571
790 2998
806 1431
808 487
815 2775
817 1938
820 1007
822 78
823 390
827 2026
833 1644
840 631
846 2634
849 1956
852 1342
860 1010
861 2266
874 2441
879 598
889 768
891 863
902 434
903 704
911 1872
915 398
916 1868
924 1350
925 2592
927 1821
929 2330
939 1422
942 2045
957 157
963 2993
967 531
968 941
993 1002
995 2176
998 2646
1010 2197
1025 2525
1080 2001
1091 2719
1094 1015
1101 1262
1106 799
1116 1551
1138 2190
1140 2894
1145 1525
1153 1895
1168 861
1188 2558
1191 254
1216 493
1223 541
1284 1412
1299 174
1301 1812
1349 1608
1350 409
1374 1686
1388 2821
1426 161
1428 446
1477 2939
1530 1541
1531 2708
1645 2769
1650 1903
1705 1714
1706 441
