f_0082864.png f_0082952.png
33 848
90 1517
91 1881
100 1128
142 1605
147 1397
158 927
188 609
202 2062
223 1293
228 902
246 2403
265 1105
274 1158
336 1119
357 1144
409 1045
423 855
461 1230
471 1170
487 1135
543 1617
676 1911
748 2001
753 1185
824 1783
833 952
838 926
845 1478
1026 1147
1183 1996
1301 1338
1351 1948
1372 1794
1387 1252
1400 1007
1428 2145
1493 1259
1511 1898
1525 843
1541 1099
1565 1747
1569 1056
1651 865
1676 1457
1687 412
1757 1419
1900 1526
2015 1023
2031 1389
2266 248
2283 1439
2290 627
2395 2081
2486 2456
2606 2523
2607 2043
2681 1217
2815 1491
2848 1107
2899 1360
2913 944
2995 874
