f_0082868.png f_0082876.png
0 1399
2 599
5 400
8 326
9 1238
10 983
12 410
13 1566
14 1477
16 594
17 379
21 1677
26 334
28 865
29 377
34 360
35 916
42 1019
43 150
44 1723
45 735
46 353
49 501
52 1391
53 399
56 343
57 475
61 1450
63 760
64 577
65 1455
72 1335
74 444
75 1059
79 1051
82 34
84 171
87 431
88 1082
89 487
95 1248
96 1531
97 597
99 246
103 1228
107 1261
108 152
112 1079
120 1071
127 396
132 982
133 529
135 1026
138 81
142 1476
143 218
144 940
151 664
153 1591
156 170
165 751
166 247
171 1397
173 680
179 296
180 1559
183 1312
189 779
193 1285
194 80
199 930
204 297
206 1343
210 1159
211 338
212 291
217 596
218 12
221 1554
225 1062
227 258
233 1037
240 728
242 812
245 1681
251 1080
256 921
258 1197
259 222
261 1057
267 968
269 1448
270 1313
272 1332
290 1372
304 35
307 92
313 1444
314 259
318 82
330 278
332 321
333 1731
334 925
335 635
341 140
342 1704
346 199
349 1064
350 1012
352 1314
355 654
356 1163
365 950
369 376
370 747
373 1104
374 159
375 648
376 1368
380 570
386 348
387 602
401 1306
404 481
411 840
413 1364
416 687
418 1309
420 186
424 1269
426 1225
429 380
431 620
438 850
440 906
442 649
448 744
454 566
457 803
460 569
462 1563
463 1349
471 451
472 1077
475 1095
480 1410
481 1466
489 1140
490 1423
493 652
495 1392
496 112
499 628
500 773
503 1494
506 178
507 1425
512 509
513 614
515 1726
516 991
519 962
521 1649
522 1728
526 554
534 1069
536 84
542 1319
547 1699
552 1257
553 1229
569 1642
573 726
586 27
587 28
588 743
589 362
593 665
595 1138
599 488
603 802
606 1275
609 1115
614 1542
620 1081
623 1253
624 111
628 1300
643 701
646 1623
648 1109
652 1158
654 1324
657 349
659 68
664 540
667 1217
674 572
679 384
681 134
682 969
690 1361
695 1119
696 1211
698 535
699 1286
700 666
701 129
714 959
726 947
728 448
733 885
735 1337
738 1191
740 284
746 1414
749 211
752 777
757 622
758 844
759 1489
768 142
769 601
779 928
786 745
789 889
791 698
793 733
795 133
798 1270
805 532
817 603
824 949
828 1000
829 584
838 181
839 1038
843 517
850 1259
859 1145
860 560
867 1701
869 819
875 1451
878 990
881 1234
889 907
890 1172
893 942
896 1250
900 1287
901 229
902 1544
905 428
906 209
910 1139
920 1459
929 1008
933 997
936 1199
937 1179
947 367
952 63
959 552
968 841
982 1148
983 1475
994 413
997 1036
998 897
1005 187
1012 1027
1016 250
1017 647
1019 1125
1025 1323
1034 494
1037 1291
1041 1413
1042 960
1048 901
1054 606
1063 323
1065 427
1067 1404
1069 1112
1072 771
1076 386
1077 641
1078 898
1079 285
1080 1070
1084 62
1092 1540
1093 1052
1094 688
1097 1600
1109 1462
1115 1106
1116 235
1117 881
1120 423
1129 810
1132 507
1143 908
1146 857
1148 228
1153 254
1154 1705
1158 977
1159 344
1161 225
1162 984
1166 1639
1167 455
1189 731
1201 1604
1208 189
1211 590
1216 1074
1218 1161
1222 498
1224 441
1232 489
1233 1407
1234 936
1238 1580
1243 1136
1244 887
1256 561
1258 559
1260 160
1261 863
1291 1582
1293 1350
1297 633
1298 1187
1299 255
1300 600
1305 1279
1306 1013
1308 72
1320 1427
1325 955
1334 132
1335 1419
1340 1547
1342 801
1344 330
1346 1485
1355 1502
1366 1707
1370 496
1381 1530
1384 1274
1390 1288
1391 1358
1397 531
1398 1382
1401 272
1402 604
1403 226
1408 165
1413 1473
1415 1321
1416 829
1418 1301
1419 138
1420 1114
1421 676
1426 1143
1431 1102
1439 328
1450 919
1451 1484
1455 1076
1456 1195
1461 158
1465 426
1468 579
1473 1171
1474 515
1475 1424
1476 1304
1478 1383
1482 356
1488 1333
1489 1096
1494 644
1497 1346
1501 415
1504 1088
1510 198
1531 308
1535 1262
1540 587
1551 1478
1560 1231
1570 107
1573 382
1578 351
1581 727
1583 169
1584 974
1586 715
1587 585
1588 1144
1591 1097
1594 926
1597 1457
1600 550
1616 876
1629 1192
1630 1538
1634 539
1641 678
1656 1011
1657 1325
1659 875
1664 157
1668 505
1674 1558
1679 1495
1681 357
1683 966
1686 286
1687 640
1688 1093
1689 1227
1698 534
1704 1481
1709 403
1715 1435
1720 852
1723 43
1728 1329
1731 1072
1733 699
1742 1240
1750 816
1756 1180
1758 691
1769 407
1778 1569
1780 154
1783 537
1785 823
1787 439
1793 1118
1801 461
1805 1308
1808 682
1811 1406
1813 48
1814 1277
1819 490
1825 1587
1843 843
1865 1006
1870 574
1882 1377
1891 703
1892 1014
1903 1302
1908 1602
1909 1460
1912 1543
1920 1264
1921 395
1931 301
1938 470
1940 838
1947 1110
1954 179
1957 1464
1958 275
1959 442
1965 1200
1969 1024
1976 1224
1980 288
1982 1121
1986 293
1989 1075
1990 732
1991 953
1994 1303
2000 674
2002 468
2006 1388
2007 398
2011 51
2013 834
2014 89
2016 1551
2018 391
2019 1215
2020 1153
2021 996
2023 1316
2024 638
2029 551
2036 516
2038 492
2040 1669
2046 1572
2049 1035
2063 948
2064 592
2065 145
2067 500
2070 443
2072 586
2073 397
2077 257
2082 1098
2083 695
2093 1611
2099 388
2100 1667
2103 56
2104 41
2105 859
2112 524
2119 294
2120 1111
2121 333
2128 29
2130 1644
2131 685
2132 94
2134 1058
2144 335
2146 752
2148 320
2161 502
2163 1608
2168 88
2173 1545
2174 931
2177 1562
2178 1334
2180 1226
2184 964
2185 1375
2189 1235
2194 1017
2195 870
2212 824
2225 729
2230 466
2232 1529
2234 281
2236 263
2241 1340
2244 1256
2245 860
2249 1394
2253 1100
2259 164
2270 1348
2271 1251
2280 617
2282 848
2288 167
2292 1738
2302 835
2304 762
2313 548
2317 1241
2318 317
2324 874
2330 1127
2334 800
2340 563
2343 564
2349 234
2350 549
2356 651
2357 511
2360 1663
2361 1193
2362 100
2367 58
2381 626
2383 130
2385 831
2403 244
2409 1487
2410 85
2411 1132
2415 1416
2417 1120
2420 849
2422 565
2425 1735
2437 126
2440 933
2444 435
2446 1010
2453 612
2455 78
2456 359
2457 474
2460 872
2463 508
2467 1050
2468 917
2470 280
2472 742
2476 15
2494 763
2495 1298
2509 499
2515 891
2517 1311
2518 750
2528 266
2529 224
2530 1007
2534 845
2540 454
2549 538
2551 967
2557 477
2558 981
2561 1236
2575 1443
2576 358
2579 879
2582 686
2588 237
2591 781
2602 135
2617 1534
2622 1184
2626 1365
2632 217
2638 368
2650 1729
2652 1281
2654 345
2656 1724
2659 1128
2661 123
2662 892
2665 331
2672 1405
2676 503
2680 900
2681 57
2692 689
2697 1271
2699 713
2701 576
2705 1258
2707 979
2712 1176
2720 394
2723 1471
2727 193
2730 738
2737 1519
2745 1126
2752 242
2758 414
2772 1614
2774 867
2777 1056
2783 125
2784 340
2816 264
2820 1351
2824 724
2834 1354
2843 1053
2846 1046
2848 465
2851 544
2855 1577
2856 1589
2858 1362
2859 827
2873 562
2877 1555
2880 675
2881 109
2885 485
2892 1715
2901 716
2902 1737
2909 1581
2910 1356
2915 1089
2919 934
2941 896
2944 828
2948 365
2951 1273
2952 1205
2960 791
2963 723
2964 190
2968 381
2970 1516
2972 447
2982 207
2988 456
2991 854
2993 302
2998 436
2999 1683
