f_0082518.png f_0082918.png
90 501
116 392
118 1693
129 196
139 2912
168 272
180 1066
186 1792
260 1352
266 1090
341 336
346 1858
348 191
356 278
365 2346
376 2598
388 2162
395 20
423 627
436 2314
475 1820
482 33
500 1652
506 300
537 772
543 2073
544 1072
553 1946
601 1974
635 2302
636 19
644 2850
649 469
656 570
657 1395
658 114
674 432
675 1500
684 2227
688 1311
698 1297
699 1041
706 1969
737 487
755 1982
759 2264
771 592
785 1089
791 573
798 797
802 1599
807 2
812 2183
815 1644
819 768
825 245
830 1868
839 1023
841 1285
859 549
860 1222
868 187
872 1225
877 2330
886 2443
887 1062
905 801
915 924
920 746
929 1169
934 2860
954 516
976 1640
985 621
1021 885
1099 307
1119 1596
1158 541
1213 719
