f_0082864.png f_0082946.png
11 1253
23 1774
39 635
41 1786
51 1329
58 783
65 591
66 1067
69 1095
84 1298
89 1914
100 874
103 1969
115 1746
134 1788
141 1876
147 983
152 498
159 839
164 1714
172 1114
174 42
180 1015
184 805
185 1888
201 433
210 313
213 931
217 1006
228 693
253 1155
257 424
259 1210
262 815
281 326
283 836
285 949
286 359
296 310
301 1571
304 215
305 137
312 1413
316 1672
331 1041
335 6
336 878
339 927
352 1039
358 375
365 40
370 2116
394 581
398 252
402 1024
405 419
409 818
461 932
463 364
483 383
491 624
498 1066
520 106
543 1159
556 1529
574 1098
576 1520
596 36
598 1905
611 94
621 902
627 1005
637 63
643 1769
655 298
667 1238
669 1228
675 1924
677 1018
680 1375
685 853
687 1641
688 952
689 2052
690 744
692 1264
725 361
748 1551
750 1530
765 895
773 665
791 975
795 101
804 543
808 1215
812 812
822 678
833 737
861 800
864 68
876 519
886 1058
900 911
907 1507
920 981
927 81
960 1807
961 936
966 1820
970 966
980 1316
983 1615
985 1347
988 1096
996 736
998 742
1016 1501
1025 1278
1027 163
1028 821
1029 995
1031 370
1037 1137
1043 1183
1049 302
1060 2191
1067 143
1072 1214
1092 1283
1096 1445
1105 1469
1116 864
1127 790
1151 766
1154 355
1190 1701
1207 192
1209 1078
1218 1063
1232 1631
1233 894
1248 1811
1252 285
1259 447
1261 418
1273 861
1279 713
1285 855
1301 977
1320 751
1321 1118
1340 808
1347 2125
1352 1762
1362 928
1376 173
1382 1459
1387 809
1428 1621
1436 356
1454 706
1469 1260
1471 1916
1477 244
1485 1535
1504 125
1533 1209
1535 2277
1542 190
1544 154
1547 1827
1556 673
1557 1582
1578 1091
1582 1848
1598 392
1610 1957
1620 875
1637 1508
1648 1524
1651 723
1652 2155
1674 280
1679 2366
1684 1509
1691 1120
1715 1028
1716 1687
1717 198
1724 35
1730 841
1745 1116
1755 1855
1756 1664
1765 1871
1775 1682
1776 537
1777 2299
1782 619
1785 2265
1795 650
1797 2154
1800 1634
1808 870
1815 221
1843 914
1844 1982
1845 1816
1859 1025
1861 1716
1863 431
1864 799
1895 1817
1900 867
1905 913
1916 1710
1928 1611
1930 1094
1940 508
1948 1273
1955 1138
1958 1002
1963 1537
1977 1645
1980 1583
2012 434
2024 1765
2041 1029
2047 26
2050 325
2056 1934
2087 445
2099 1749
2114 909
2128 982
2134 923
2143 365
2157 317
2168 124
2226 1510
2236 1796
2244 1451
2258 311
2282 1867
2283 1134
2301 1648
2304 598
2318 1233
2326 1733
2328 441
2355 628
2374 846
2377 859
2387 39
2395 1442
2407 1174
2409 1557
2410 1026
2421 212
2438 1614
2443 969
2456 134
2475 2044
2477 1915
2480 1457
2492 1719
2511 266
2515 1021
2516 726
2526 525
2531 1849
2535 1731
2537 1573
2555 1035
2558 1206
2559 1999
2590 1444
2599 1344
2624 2159
2638 1735
2654 798
2662 1406
2669 1596
2682 1743
2685 338
2701 1736
2704 1482
2707 1191
2716 1362
2742 1640
2756 455
2771 1737
2774 1495
2779 1122
2789 968
2802 320
2805 866
2847 1014
2857 363
2860 499
2888 1417
2889 1679
2890 1783
2894 872
2913 784
2927 102
2947 2039
2949 224
2952 1580
2974 1493
2987 54
