f_0082882.png f_0082876.png
7 17
10 35
14 55
19 66
26 14
32 47
35 19
37 75
39 37
52 114
53 84
74 151
80 108
85 136
87 163
92 172
94 191
95 178
101 192
102 200
106 162
108 157
112 194
120 211
123 234
124 235
127 215
129 176
132 197
134 266
135 254
137 252
138 253
140 219
141 214
144 279
145 261
147 217
148 273
153 258
158 268
161 291
164 260
166 295
171 339
173 313
174 299
183 334
188 353
190 342
196 354
197 338
198 370
200 348
201 345
204 356
205 341
207 351
208 360
210 371
211 367
215 347
222 390
226 384
227 381
229 387
231 437
232 412
239 410
240 400
241 383
242 397
248 417
252 407
254 426
259 401
263 471
264 438
265 441
268 494
270 480
271 450
276 479
277 463
281 515
287 474
294 499
295 501
305 581
306 582
309 575
311 543
315 571
316 592
327 622
328 599
329 588
331 557
332 662
334 594
335 634
336 595
337 657
341 645
352 658
355 639
363 659
367 642
368 628
374 681
376 670
378 680
379 674
383 644
386 648
387 686
391 690
392 668
394 694
399 664
402 738
404 699
407 673
414 718
415 712
416 744
420 719
425 725
427 776
432 756
437 726
443 823
445 750
448 746
450 788
453 806
454 794
455 799
457 836
458 818
460 822
462 789
463 754
466 765
468 827
469 832
470 807
471 797
473 831
476 860
480 849
481 840
483 891
484 812
486 839
490 853
493 820
495 815
497 865
498 870
504 825
506 913
507 885
508 852
510 883
511 863
514 929
519 918
520 909
523 933
524 908
526 930
527 940
528 935
529 966
530 949
533 936
534 911
535 955
537 946
538 952
540 938
542 945
546 947
547 942
558 984
559 986
560 962
561 990
562 985
563 950
564 980
565 963
566 992
569 971
573 973
577 1025
581 1019
584 1026
587 996
588 1001
591 1043
598 999
599 1040
602 1021
603 1035
604 1009
605 1018
606 1053
607 1052
608 998
609 1037
612 1064
614 1073
615 1030
617 1055
623 1057
627 1041
628 1070
629 1062
635 1110
641 1074
642 1079
647 1097
648 1069
655 1089
659 1081
665 1108
668 1151
671 1102
675 1171
676 1139
678 1142
682 1163
684 1124
686 1119
687 1154
688 1174
690 1153
692 1209
696 1161
697 1147
701 1193
703 1159
705 1191
708 1178
709 1221
712 1177
716 1211
718 1225
721 1176
723 1229
724 1180
726 1218
727 1219
730 1182
732 1264
733 1244
735 1237
736 1212
737 1215
739 1235
740 1227
741 1271
743 1241
744 1245
747 1249
751 1220
753 1279
754 1261
758 1291
759 1268
762 1301
763 1309
764 1285
765 1273
770 1322
772 1282
777 1304
779 1325
780 1303
781 1315
784 1337
785 1312
788 1305
789 1314
790 1280
792 1323
799 1329
808 1348
809 1349
810 1339
811 1334
814 1371
817 1372
818 1380
820 1368
822 1373
825 1375
828 1376
830 1358
831 1381
832 1382
833 1383
834 1377
835 1367
837 1356
845 1365
847 1408
848 1422
850 1409
855 1397
857 1374
858 1396
861 1414
863 1378
866 1404
868 1420
876 1448
877 1418
880 1438
885 1425
888 1441
891 1417
895 1398
896 1457
899 1454
904 1427
905 1480
906 1456
907 1449
908 1473
911 1451
913 1478
915 1446
916 1477
917 1476
918 1479
924 1452
927 1495
928 1496
929 1499
937 1514
961 1517
963 1523
973 1593
974 1557
975 1551
981 1525
982 1616
985 1560
992 1630
1003 1607
1004 1641
1006 1621
1007 1563
1010 1605
1017 1673
1018 1640
1019 1639
1027 1595
1028 1603
1032 1665
1039 1600
1040 1626
1041 1667
1048 1687
1049 1690
1051 1675
1054 1647
1067 1706
1068 1718
1070 1655
1076 1670
1078 1643
1084 1678
1087 1730
1088 1671
1090 1707
1096 1738
1097 1679
1104 1733
1110 1729
1113 1734
1120 1705
1126 1710
1128 1723
