f_0082946.png f_0082886.png
2 112
3 126
4 127
6 40
9 36
10 24
13 131
15 10
18 147
23 163
26 29
27 32
30 133
34 106
36 141
42 51
48 38
49 7
50 136
76 74
78 61
92 99
104 100
116 169
122 232
132 158
141 253
143 159
152 272
161 243
164 122
169 262
192 186
196 292
199 176
205 203
206 187
213 283
222 394
223 214
227 123
241 143
244 189
253 223
281 229
302 235
319 435
333 297
348 431
352 425
354 288
355 248
359 279
365 249
374 269
383 354
402 265
404 450
405 397
441 303
443 404
483 345
501 396
515 563
541 406
553 409
567 514
568 509
576 489
597 445
604 492
610 573
616 416
621 547
643 423
647 481
687 580
691 656
696 464
700 565
704 688
715 682
716 668
723 511
738 446
756 482
758 659
795 478
814 550
819 647
824 585
834 774
842 484
843 683
861 552
862 707
878 543
883 629
919 728
920 607
922 725
938 593
950 654
952 651
975 658
995 716
1001 756
1002 729
1021 704
1054 758
1060 777
1066 708
1070 802
1072 826
1090 844
1093 771
1094 759
1099 749
1117 700
1120 676
1126 838
1134 768
1145 718
1149 868
1151 775
1154 742
1160 813
1161 806
1165 751
1169 695
1192 869
1196 901
1197 773
1204 837
1205 736
1215 808
1218 886
1225 982
1245 965
1254 915
1256 770
1257 831
1258 979
1259 814
1260 823
1283 924
1289 929
1292 877
1318 849
1320 815
1337 862
1338 841
1356 944
1359 887
1363 889
1369 930
1375 937
1385 902
1393 1030
1397 984
1400 912
1406 913
1417 900
1421 996
1430 1083
1431 985
1438 961
1444 1058
1454 999
1466 986
1468 1016
1488 959
1492 1018
1494 945
1504 974
1505 943
1515 1126
1517 1050
1520 947
1523 967
1526 962
1532 1120
1546 975
1551 1005
1552 1114
1573 1014
1581 1071
1589 1027
1605 1002
1609 1085
1615 1095
1634 1052
1637 1200
1642 1011
1644 1119
1645 1107
1657 1047
1670 1206
1673 1081
1679 1129
1685 1082
1689 1233
1708 1157
1716 1123
1719 1179
1721 1127
1731 1175
1732 1130
1736 1242
1744 1101
1746 1102
1751 1136
1752 1099
1754 1240
1755 1135
1757 1224
1761 1202
1769 1194
1782 1195
1803 1253
1811 1168
1838 1151
1845 1170
1847 1153
1848 1141
1855 1154
1862 1245
1866 1229
1870 1171
1881 1288
1887 1192
1901 1148
1903 1186
1907 1328
1914 1263
1924 1214
1935 1219
1945 1196
1956 1277
1959 1351
1960 1359
1964 1320
1971 1305
1981 1300
1993 1249
2002 1352
2016 1336
2017 1323
2028 1383
2029 1384
2034 1312
2040 1283
2048 1380
2067 1393
2068 1308
2074 1407
2095 1291
2099 1409
2111 1295
2127 1418
2143 1432
2153 1440
2190 1458
2191 1423
2195 1478
2198 1433
2209 1377
2214 1469
2229 1482
2243 1472
2251 1438
2306 1511
2351 1563
2363 1483
2375 1462
