f_0082868.png f_0082942.png
3 261
8 292
11 1400
16 687
23 1717
27 1346
46 250
52 1634
66 982
78 963
87 643
94 706
98 1781
107 1536
131 187
132 1096
138 108
142 1835
161 1569
171 1671
178 279
186 1945
189 890
197 176
199 988
217 751
254 137
279 410
285 607
308 1068
312 1862
318 185
332 426
334 1123
335 583
376 1655
386 436
390 351
408 577
417 1489
419 1207
422 1038
439 457
448 870
469 1117
473 1034
476 1476
493 866
497 373
504 85
512 779
535 901
537 993
544 1277
554 669
571 608
575 1706
577 822
582 233
622 80
626 1366
627 1784
632 2144
633 456
652 1428
662 1398
670 1707
674 808
678 624
703 241
708 859
734 1113
735 1562
748 1198
749 170
750 1343
757 548
759 2076
765 508
789 1104
796 968
797 1186
803 244
809 728
810 397
817 722
822 1443
837 213
843 704
844 664
856 395
865 1340
869 941
877 789
889 1114
918 1085
920 1807
921 234
923 1653
926 94
939 1579
941 1393
964 710
1018 1072
1022 1619
1044 869
1045 317
1057 604
1063 98
1080 1311
1101 952
1113 473
1130 1404
1133 1757
1140 152
1166 2309
1167 540
1181 1040
1183 1335
1189 818
1198 1152
1199 2060
1203 1472
1207 296
1213 1132
1244 1006
1249 911
1255 777
1259 1433
1266 1416
1276 1648
1284 1600
1287 289
1294 1561
1300 709
1306 987
1314 127
1315 1092
1328 595
1343 1510
1363 1693
1391 1615
1416 1124
1418 1500
1431 1420
1436 308
1437 1126
1439 280
1465 466
1470 1178
1482 498
1504 1069
1510 169
1517 586
1523 733
1530 1005
1533 1432
1538 591
1540 463
1543 1447
1577 1554
1578 537
1589 418
1603 1568
1613 837
1615 1371
1616 874
1626 260
1633 1936
1650 1125
1673 1389
1679 1903
1685 871
1696 1225
1697 2073
1698 677
1701 470
1718 909
1720 1058
1721 91
1727 861
1755 275
1758 809
1760 2054
1762 1003
1772 129
1779 685
1786 337
1787 136
1805 1506
1810 106
1819 673
1830 571
1840 931
1849 1074
1851 369
1859 1020
1875 435
1876 387
1881 554
1903 1621
1918 177
1943 1016
1958 196
1972 775
1990 819
1993 189
2013 944
2029 828
2036 616
2051 840
2064 419
2074 579
2078 1325
2089 1442
2098 312
2105 702
2119 223
2121 210
2175 286
2184 1305
2199 270
2200 1819
2222 1505
2225 858
2243 239
2280 834
2283 634
2290 1458
2304 924
2313 707
2317 1530
2318 447
2352 2284
2357 745
2360 2293
2422 797
2428 478
2434 1357
2437 159
2440 930
2442 1359
2459 72
2468 1021
2489 161
2491 1076
2497 1451
2509 623
2521 120
2522 1082
2534 1174
2544 884
2551 1018
2573 692
2582 734
2610 626
2638 430
2662 1043
2701 450
2703 1464
2714 194
2726 388
2731 256
2732 11
2741 2044
2747 1931
2771 845
2776 408
2794 913
2823 979
2855 2126
2860 981
2869 601
2873 785
2877 2043
2903 2106
2915 1300
2919 1055
2939 195
2944 1111
2946 386
2947 224
2977 1256
2984 1566
2990 1522
