f_0082924.png f_0082886.png
2 186
23 208
40 174
48 196
54 167
74 188
75 189
78 175
89 203
114 209
158 255
179 283
193 244
229 224
232 248
303 284
309 266
318 312
355 303
365 330
373 357
384 329
416 349
432 354
435 340
489 377
491 385
514 399
522 397
544 398
571 423
576 405
579 439
592 428
634 476
653 445
657 464
677 481
688 500
701 502
704 531
705 490
715 471
716 474
718 504
734 494
750 497
751 498
760 511
765 520
770 512
779 503
802 552
808 522
809 538
813 549
815 554
817 566
819 524
821 537
826 611
867 604
869 613
871 582
873 627
882 628
885 632
886 617
912 635
931 638
952 651
967 654
975 633
1053 691
1068 692
1074 694
1082 700
1087 718
1104 685
1109 704
1124 736
1128 729
1137 720
1195 772
1204 758
1205 763
1210 768
1214 791
1219 759
1228 771
1239 807
1250 775
1262 802
1289 843
1291 830
1308 805
1313 814
1314 816
1324 806
1344 850
1351 875
1357 868
1368 832
1374 890
1383 856
1389 853
1397 845
1430 879
1431 904
1442 929
1452 916
1482 900
1485 917
1492 935
1502 944
1512 930
1566 958
1568 950
1576 972
1586 980
1605 973
1608 961
1612 977
1624 954
1629 986
1632 985
1654 991
1661 992
1682 1012
1684 1007
1692 1011
1705 1026
1707 1020
1708 1018
1710 1037
1712 1021
1735 1048
1737 1033
1746 1044
1755 1051
1765 1065
1798 1086
1799 1061
1809 1075
1819 1081
1822 1091
1823 1087
1826 1096
1831 1079
1832 1090
1841 1098
1842 1099
1846 1110
1855 1102
1895 1130
1897 1147
1903 1134
1905 1135
1906 1154
1908 1133
1914 1150
1919 1153
1926 1152
1938 1132
1945 1158
1962 1174
1996 1204
2023 1213
2055 1214
2076 1244
2094 1248
2139 1255
2146 1259
2165 1258
2167 1270
2232 1303
2259 1327
2359 1372
2360 1388
2432 1390
2434 1427
2469 1423
2487 1459
2501 1473
2506 1436
2536 1433
2560 1486
2565 1456
2592 1476
2617 1506
2622 1526
2638 1496
2644 1468
2657 1474
2682 1525
2696 1520
2703 1558
2711 1505
