f_0082452.png f_0082926.png
32 64
34 357
56 91
103 404
118 294
128 668
135 123
141 71
145 167
157 345
159 116
164 649
167 265
181 400
188 460
190 369
192 461
195 159
213 399
219 567
223 368
224 129
233 390
242 658
243 676
244 162
245 457
246 517
248 206
266 474
270 383
272 632
279 146
288 192
293 275
299 778
303 259
304 647
307 200
317 501
321 412
324 787
329 477
348 417
368 306
370 408
404 541
405 292
423 589
430 428
451 587
481 420
499 493
553 341
554 572
562 1049
571 732
582 565
606 646
631 68
660 955
668 826
674 1034
681 456
686 556
689 604
690 642
698 1057
700 482
721 1273
729 544
730 1078
731 772
733 907
746 728
756 944
809 1044
810 1244
813 980
816 1228
821 1211
827 653
858 808
869 538
877 690
892 747
893 1356
923 1004
927 942
930 562
931 1221
944 737
963 830
969 1307
986 1402
997 1457
1001 966
1004 1449
1025 1232
1034 1420
1041 900
1052 1365
1061 1219
1066 1431
1079 1061
1091 860
1092 891
1111 1354
1125 1060
1147 1456
1153 1614
1154 1053
1158 1218
1159 1446
1161 1395
1166 1385
1176 1075
1178 1406
1180 1199
1185 1134
1191 1423
1195 1460
1225 1255
1236 1750
1241 1399
1248 923
1270 1674
1273 1043
1276 1675
1285 1541
1291 1733
1320 994
1347 1822
1367 1713
1506 1525
1510 1613
1534 1657
1578 2077
1580 2118
1591 1611
1596 1962
1608 1761
1615 1974
1618 2115
1640 2017
1646 1790
1647 1816
