f_0082452.png f_0082776.png
223 31
249 51
255 0
262 90
303 48
410 55
430 207
451 134
462 350
463 144
501 82
507 69
571 231
588 294
637 392
638 397
650 211
744 389
766 228
809 387
810 304
813 403
838 419
860 338
871 282
874 420
878 547
904 406
919 483
924 440
926 533
931 458
932 352
939 441
957 368
978 623
1039 776
1041 562
1052 575
1072 548
1075 421
1080 704
1083 586
1089 484
1094 651
1111 685
1116 601
1117 463
1123 454
1127 619
1128 603
1138 705
1147 652
1153 648
1159 684
1189 786
1196 729
1209 696
1212 582
1219 677
1236 694
1247 793
1258 589
1268 804
1274 884
1283 867
1291 775
1301 771
1302 763
1306 770
1316 815
1321 838
1327 879
1347 825
1359 754
1360 669
1365 886
1367 869
1370 629
1387 1038
1395 881
1411 846
1414 757
1416 1143
1429 784
1436 952
1461 877
1462 733
1465 1002
1468 938
1473 1180
1474 955
1490 1256
1503 1150
1513 923
1514 1069
1528 878
1573 1086
1576 1178
1585 1171
1606 1034
1620 1310
1639 1228
1641 1162
1646 1377
