f_0082452.png f_0082968.png
181 93
212 78
219 266
225 39
245 202
266 156
282 299
289 73
298 388
313 426
370 26
384 492
391 6
393 848
431 424
438 606
452 509
463 440
516 1223
523 329
524 694
533 823
535 33
554 177
571 542
572 744
575 605
617 87
628 797
636 850
642 724
644 773
646 804
656 882
682 881
697 402
705 1045
745 187
749 507
759 1234
781 195
825 112
832 1088
844 172
865 1312
886 367
960 307
966 776
989 555
990 1329
995 1614
1009 1318
1014 1149
1016 854
1027 853
1047 880
1079 709
1084 1541
1093 1255
1094 1299
1099 1008
1102 990
1103 1077
1111 1253
1113 1804
1117 1776
1120 1516
1142 648
1153 1598
1197 910
1211 1575
1212 1594
1216 1589
1250 1367
1262 1481
1263 1586
1270 1625
1275 1461
1281 2021
1285 1440
1301 1756
1316 1697
1330 1803
1344 1191
1351 1828
1359 1468
1363 1889
1369 1892
1375 1885
1384 1919
1400 1990
1401 2055
1527 1820
1551 1933
1559 1660
1632 2050
