f_0082924.png f_0082670.png
0 249
18 253
25 203
29 295
61 228
116 204
118 208
122 39
127 466
148 433
167 278
180 238
220 529
221 370
250 378
257 394
258 401
259 339
268 215
294 425
301 246
318 434
319 408
327 340
328 274
337 297
342 346
345 618
352 327
356 334
361 665
362 463
376 283
392 632
403 232
414 237
417 225
420 656
421 555
428 577
429 477
432 473
433 397
443 706
449 385
464 542
468 543
482 405
488 626
492 530
494 382
503 728
504 458
506 206
518 319
521 714
524 553
532 332
534 485
539 409
544 548
546 496
547 467
554 341
555 413
558 474
561 568
565 376
568 739
571 372
578 630
585 790
586 654
588 550
598 620
603 551
611 544
624 707
626 407
634 782
635 648
637 753
647 721
649 658
650 533
651 501
652 435
655 809
656 606
659 328
660 599
662 439
663 429
665 743
674 444
678 436
682 674
692 716
710 659
712 476
717 471
722 486
724 490
727 858
729 846
731 697
732 502
733 857
737 722
738 603
740 510
743 483
748 592
758 448
759 861
769 642
771 562
773 776
778 570
786 571
808 600
812 663
817 816
823 918
830 617
832 702
843 624
852 604
868 865
880 644
887 883
895 676
897 660
907 669
913 854
917 675
918 671
943 874
945 984
951 763
957 572
962 700
964 898
968 701
971 812
1000 914
1006 732
1019 1015
1021 891
1028 1044
1043 884
1050 977
1052 968
1054 750
1058 758
1062 1145
1068 805
1074 760
1093 949
1098 964
1109 823
1110 835
1118 1139
1120 806
1123 875
1125 944
1144 958
1151 798
1168 959
1174 928
1181 933
1184 1116
1189 860
1190 817
1199 908
1200 830
1215 950
1219 879
1220 863
1225 819
1226 1234
1228 938
1229 931
1230 965
1235 1008
1240 1029
1241 1016
1248 856
1249 893
1255 1022
1260 1171
1261 1092
1269 946
1271 906
1278 945
1281 1048
1285 966
1292 868
1303 1210
1318 961
1323 1009
1325 967
1327 1072
1335 1011
1337 935
1343 1010
1345 994
1346 912
1347 1117
1354 1045
1360 948
1367 940
1372 929
1375 1142
1377 971
1380 953
1382 1030
1387 1081
1394 1005
1396 1049
1401 936
1413 1036
1416 988
1418 1095
1424 952
1425 1346
1429 998
1435 1054
1437 1128
1452 1158
1453 1023
1457 1165
1459 1070
1465 1025
1468 1031
1470 1118
1475 999
1478 1208
1484 1292
1486 1078
1498 1062
1500 1215
1516 1104
1521 1311
1524 1108
1531 1109
1548 1052
1554 1100
1560 1088
1565 1101
1567 1316
1568 1192
1581 1122
1596 1098
1605 1306
1608 1172
1612 1342
1613 1174
1620 1129
1625 1130
1632 1347
1633 1193
1648 1479
1658 1144
1670 1212
1672 1151
1678 1111
1685 1178
1687 1286
1690 1186
1695 1540
1697 1246
1703 1198
1713 1203
1728 1344
1733 1219
1741 1272
1744 1352
1755 1238
1760 1359
1764 1222
1768 1297
1773 1270
1775 1362
1777 1283
1781 1567
1803 1308
1809 1325
1821 1403
1853 1390
1859 1625
1936 1445
1945 1589
1997 1432
2009 1600
2036 1758
2088 1761
2105 1659
2145 1668
2146 1611
2160 1773
2195 1678
2210 1715
2243 1723
2253 1612
2262 1727
2276 1746
2303 1772
2305 1768
2318 1872
2356 1888
2398 1695
2414 1889
2482 1706
2574 1886
2624 1815
2628 1926
