f_0082952.png f_0082942.png
7 115
11 100
16 105
23 74
26 166
28 102
54 130
60 209
64 218
72 123
80 109
88 233
94 158
106 239
109 137
116 152
121 195
124 131
134 171
142 167
151 187
161 229
167 210
176 284
177 230
178 177
181 181
184 183
186 219
191 246
213 247
224 200
236 253
239 250
240 224
244 332
246 260
250 235
280 251
282 326
289 290
295 277
299 355
304 368
308 286
313 369
338 344
339 279
342 376
358 292
359 265
366 394
368 329
373 418
389 434
390 371
392 341
393 303
396 363
404 293
407 379
415 297
417 378
428 349
431 312
436 375
442 327
446 360
452 423
459 338
461 508
484 464
492 445
504 558
517 451
519 452
524 516
527 415
561 521
566 466
571 411
586 453
591 490
594 447
601 560
614 446
615 586
616 485
630 549
632 475
633 448
635 429
638 498
653 573
654 563
658 609
667 543
675 510
682 537
693 567
696 578
698 484
712 596
717 514
729 557
730 640
733 628
741 639
758 575
761 587
777 611
780 624
782 623
783 620
784 619
789 668
791 664
792 672
793 608
800 702
812 663
813 687
825 606
829 733
831 643
834 677
835 678
836 649
837 637
838 742
854 688
856 669
865 716
866 727
868 730
869 689
874 681
894 734
912 761
918 722
938 724
940 711
944 771
952 745
954 813
960 787
964 700
965 725
967 731
972 845
987 820
992 805
996 794
1000 801
1002 788
1007 815
1012 874
1027 779
1045 830
1048 763
1050 818
1070 841
1073 842
1084 811
1086 791
1087 824
1101 858
1105 852
1126 912
1128 870
1145 800
1148 863
1152 930
1154 886
1157 866
1166 871
1167 943
1172 865
1183 910
1192 892
1196 904
1200 988
1214 944
1217 963
1221 879
1230 917
1236 1005
1237 1018
1241 921
1244 914
1265 958
1268 1007
1270 1059
1273 1008
1274 974
1275 954
1283 940
1290 950
1307 946
1310 1000
1312 1068
1315 1041
1318 1043
1319 1027
1324 1009
1326 1001
1332 990
1346 975
1349 991
1352 1074
1354 1028
1359 1024
1361 1010
1363 1011
1366 1101
1369 1049
1371 1030
1378 1016
1389 1019
1397 1071
1399 1096
1401 1089
1402 1127
1403 1060
1409 1085
1410 1062
1412 1045
1421 1034
1425 1134
1428 1042
1429 1148
1430 1088
1431 1078
1444 1186
1455 1146
1457 1066
1463 1092
1466 1170
1467 1176
1468 1171
1470 1094
1471 1063
1473 1147
1474 1149
1477 1131
1483 1135
1492 1130
1495 1177
1496 1123
1499 1191
1510 1145
1513 1106
1515 1215
1516 1163
1524 1165
1525 1128
1550 1144
1555 1250
1561 1179
1569 1256
1573 1248
1575 1192
1579 1187
1580 1181
1586 1277
1588 1216
1595 1183
1598 1227
1601 1173
1605 1263
1607 1141
1608 1207
1609 1174
1610 1261
1614 1155
1619 1276
1626 1235
1627 1245
1628 1318
1651 1319
1654 1204
1656 1258
1657 1275
1661 1297
1662 1232
1666 1249
1668 1247
1669 1279
1673 1332
1679 1316
1685 1343
1687 1324
1697 1371
1703 1271
1706 1270
1707 1269
1709 1315
1714 1366
1722 1320
1740 1400
1748 1305
1761 1421
1766 1398
1768 1409
1791 1429
1793 1432
1796 1393
1801 1345
1808 1427
1809 1424
1812 1401
1814 1437
1823 1440
1824 1450
1830 1439
1835 1448
1842 1431
1844 1441
1851 1452
1857 1447
1865 1443
1870 1464
1873 1412
1887 1449
1907 1483
1908 1425
1912 1456
1915 1461
1925 1492
1940 1470
1960 1458
1971 1472
1979 1507
1983 1541
1984 1506
1987 1517
1991 1547
1999 1524
2005 1521
2007 1536
2010 1522
2016 1543
2038 1554
2039 1542
2055 1626
2064 1563
2067 1557
2071 1617
2086 1592
2101 1584
2106 1618
2123 1602
2126 1570
2143 1623
2145 1603
2153 1620
2168 1637
2171 1638
2176 1631
2191 1598
2206 1732
2216 1628
2221 1735
2236 1672
2251 1663
2281 1675
2282 1660
2319 1703
2320 1718
2325 1793
2337 1728
2345 1755
2346 1721
2352 1771
2369 1844
2371 1797
2384 1846
2389 1784
2391 1827
2392 1782
2393 1763
2394 1785
2396 1717
2408 1798
2409 1746
2410 1737
2415 1743
2417 1736
2425 1823
2450 1873
2460 1850
2467 1891
2469 1857
2478 1900
2503 1921
2504 1945
2508 1983
2534 1879
2560 1985
2567 1974
2576 2036
2579 1980
2582 1932
