f_0082492.png f_0082918.png
161 591
183 1837
192 338
206 1400
221 1585
222 440
225 282
229 1266
230 2519
238 1788
256 1157
260 1954
268 1337
274 26
306 576
309 2537
340 456
343 2253
376 2127
378 1292
381 35
397 31
398 2583
399 53
405 1535
406 1409
409 2437
415 1136
416 1014
419 2567
437 913
443 703
445 380
446 1242
450 1716
451 557
454 1144
456 2696
460 2349
496 59
523 1530
524 2459
554 659
555 2711
565 102
572 679
573 2393
582 123
589 565
595 366
596 2811
606 2192
607 982
609 2701
614 1497
633 1478
634 236
635 12
647 1990
655 1759
656 1352
676 1040
689 474
691 1475
692 2256
699 1694
707 694
716 2038
717 1828
720 1560
724 1052
725 1709
731 2470
735 1201
749 1137
766 280
768 113
774 278
775 2560
790 990
805 674
812 1888
818 773
819 1339
825 2866
834 562
835 87
855 2373
856 1958
861 158
881 303
890 233
906 1727
933 1036
946 130
949 2766
961 1858
994 2452
995 2442
996 1438
1000 1704
1021 1822
1027 2899
1030 2381
1037 1943
1038 1145
1056 1060
1064 175
1065 1964
1092 1587
1152 2533
1179 2224
1187 2193
1189 900
1190 153
1191 1685
1192 2343
1194 1357
1195 2080
1202 1619
1206 200
1207 1665
1222 1261
1230 1885
1238 809
1243 772
1245 2471
1248 647
1259 2945
1268 523
1277 1968
1291 2936
1305 1167
1319 896
1328 1668
1329 842
1330 25
1334 1273
1335 2195
1342 807
1345 2758
1346 1840
1351 1132
1352 454
1375 1496
1387 554
1390 1265
1391 2507
1410 1376
1436 2322
1438 137
1445 855
1452 1448
1459 1539
1460 507
1461 1635
1476 966
1479 661
1481 1241
1494 2940
1495 1327
1509 2212
1513 2354
1525 1027
1526 2157
1545 929
1546 1969
1552 1008
1553 1708
1554 1611
1572 1021
1578 992
1583 1531
1599 2468
1607 666
1611 223
1622 2139
1624 469
1630 705
1632 592
1633 1813
1649 1158
1656 2115
1674 837
1678 1229
1679 2825
1681 2931
1685 261
1692 487
1693 797
1716 1259
1727 2998
1738 2441
1754 1956
1762 1010
1772 2197
1777 471
1779 2266
1787 1644
1825 598
1844 1872
1847 2824
1860 2443
1867 2836
1875 264
1887 1140
1921 1350
1948 52
1949 2858
1950 959
1967 718
2034 2678
2035 299
2065 1237
2072 1094
2083 1890
2098 2375
2108 176
2117 1298
2121 254
2125 2558
2134 1996
2143 2692
2152 1135
2159 799
2187 171
2217 2321
2230 2342
2264 2189
2283 2969
2286 1717
2299 931
2308 453
2352 2504
2361 1185
