f_0082872.png f_0082928.png
233 58
364 31
372 17
447 111
449 181
477 87
478 166
484 185
500 176
524 16
531 193
547 108
563 71
564 226
565 216
596 192
607 340
613 373
617 238
634 469
648 214
650 360
654 150
658 406
661 282
663 492
665 432
673 119
679 425
685 213
686 269
687 405
692 412
706 387
713 70
714 77
716 386
720 136
725 431
749 430
750 499
752 467
755 462
757 260
759 475
765 498
768 107
770 199
779 597
784 465
789 129
791 212
793 466
794 560
795 554
808 514
810 553
815 54
820 382
821 464
829 602
832 198
844 621
853 197
854 620
855 662
864 162
865 582
866 589
874 626
875 638
878 82
881 608
885 163
891 415
907 682
914 581
916 649
917 661
932 458
933 604
937 372
942 731
955 747
960 394
971 694
979 630
982 195
998 717
1008 716
1011 371
1015 256
1017 676
1018 681
1022 381
1023 580
1034 255
1040 336
1043 693
1048 388
1049 692
1053 617
1057 715
1061 495
1066 278
1067 808
1071 471
1075 488
1079 657
1087 542
1088 779
1105 782
1152 502
1159 503
1180 633
1181 709
1184 748
1192 755
1198 593
1204 533
1206 764
1208 768
1215 637
1216 774
1238 937
1239 802
1240 850
1241 866
1243 1035
1249 994
1257 611
1261 984
1266 831
1267 927
1275 947
1276 980
1284 699
1301 627
1302 819
1311 920
1319 687
1324 757
1327 893
1331 951
1332 993
1338 932
1348 809
1355 885
1357 494
1382 1008
1392 1080
1400 1059
1406 679
1407 810
1421 785
1426 799
1435 1236
1440 1001
1447 686
1448 1063
1452 1030
1455 1040
1459 1122
1471 1034
1476 1113
1480 873
1485 670
1487 1087
1519 1166
1526 872
1533 1149
1535 869
1537 1060
1542 1085
1547 1234
1564 1057
1570 1100
1573 1107
1579 817
1580 1103
1581 1212
1593 939
1594 1038
1599 1052
1601 1071
1611 1135
1614 1207
1615 1418
1617 1062
1620 853
1623 1368
1626 1452
1631 1018
1634 1015
1640 1177
1656 1134
1662 1170
1674 1272
1694 933
1701 1313
1712 1139
1715 1352
1727 1317
1731 1404
1735 1409
1746 1237
1748 1285
1750 1371
1755 1095
1757 1342
1758 1463
1777 1392
1784 1324
1801 1533
1811 1467
1817 1290
1818 1438
1824 1351
1833 1349
1835 1613
1859 1261
1861 1466
1862 1483
1876 1387
1887 1545
1888 1561
1897 1536
1904 1341
1911 1498
1923 1399
1925 1407
1931 1257
1933 1622
1938 1445
1944 1491
1961 1634
1968 1554
1973 1516
1979 1589
1995 1473
1997 1644
2007 1574
2009 1825
2010 1521
2036 1670
2052 1649
2053 1683
2056 1900
2057 1606
2067 1496
2070 1872
2076 1648
2078 1725
2087 1669
2088 1759
2089 1749
2093 1734
2097 1724
2101 1882
2108 1723
2112 1686
2113 1775
2115 1615
2123 1694
2124 1732
2125 1733
2134 1539
2141 1617
2147 1562
2155 1693
2162 1699
2163 1716
2167 1722
2170 1747
2173 1790
2176 1885
2185 1789
2212 1852
2225 1777
2235 1890
2254 1915
2255 1912
2256 1804
2275 1940
2281 1881
2286 1935
2296 1979
2305 1983
2312 1998
2324 1909
2325 1947
2326 1976
2333 1901
2339 1827
2355 2154
2360 2167
2373 2031
2374 2119
2375 2112
2383 1957
2398 2105
2403 2104
2408 2361
2411 2016
2412 2139
2445 2166
2484 2367
2486 1972
2510 2012
2539 2388
2567 2114
2585 2358
2593 2441
