f_0082412.png f_0082558.png
3 2270
29 853
37 264
42 2352
51 985
57 1207
64 509
66 2476
69 1949
86 561
96 97
114 2136
122 2070
147 994
150 1068
154 410
155 1458
162 575
165 2480
177 151
215 1512
232 2256
234 835
236 2651
248 193
320 268
341 2714
343 2877
348 1006
351 2530
355 2503
361 1165
392 1264
412 2869
414 354
456 2098
489 2688
531 470
541 764
557 1332
575 1877
578 135
585 1175
592 2492
601 452
603 1996
630 1634
636 2055
639 666
660 255
661 1114
663 2897
666 1430
672 1663
673 1796
700 1531
719 1769
723 117
760 1879
763 350
765 1702
778 2896
779 932
784 882
793 2169
799 805
803 2646
808 1454
824 409
842 1736
846 754
855 698
869 2297
872 61
882 2919
910 1524
937 1730
938 2978
950 1865
951 832
956 2004
960 893
965 539
973 1837
989 1964
991 499
998 2222
1014 2995
1042 1687
1047 1842
1049 2285
1060 541
1062 1934
1074 2720
1076 1860
1080 2038
1091 800
1111 1994
1116 284
1117 1633
1118 2597
1124 1072
1128 886
1136 1773
1138 984
1146 2554
1159 2268
1180 677
1182 2551
1202 2603
1203 1111
1208 922
1215 2585
1218 247
1219 132
1221 2622
1222 2030
1223 2382
1228 1193
1241 1133
1244 920
1245 568
1250 1130
1259 429
1277 2104
1278 564
1292 617
1293 1655
1299 235
1300 1820
1320 2783
1327 2144
1329 2977
1330 1714
1336 155
1341 1978
1349 1636
1351 2616
1365 2014
1383 2236
1410 1778
1414 643
1420 950
1424 2401
1438 2357
1442 918
1444 1093
1465 2128
1472 1538
1481 1982
1488 911
1492 454
1493 2834
1497 2857
1506 2090
1533 1976
1563 1600
1570 1935
1593 1725
1602 2741
1608 2841
1609 732
1611 1782
1618 80
1634 1035
1645 1192
1662 1084
1670 1967
1686 307
1688 1075
1693 1204
1704 2484
1706 240
1711 1266
1723 1064
1726 1628
1728 2967
1729 349
1733 2177
1734 607
1736 743
1737 2592
1742 166
1747 1228
1750 2050
1761 2373
1762 1099
1766 370
1782 584
1792 734
1794 2422
1797 1004
1809 939
1813 1785
1829 2558
1830 2658
1843 924
1846 2096
1856 2947
1857 2614
1861 1308
1862 596
1865 2660
1868 11
1875 1389
1885 2695
1890 516
1893 2989
1894 1312
1900 301
1910 1206
1911 1465
1926 1811
1927 149
1945 2448
1952 1322
1970 1027
1973 1635
1974 960
1982 1825
1984 2518
1986 667
1988 606
2001 1098
2005 906
2006 887
2012 2301
2018 2526
2020 1539
2028 1765
2034 524
2035 1104
2036 2130
2043 2966
2047 726
2049 161
2053 379
2062 1136
2075 2740
2079 1410
2081 2312
2088 275
2089 198
2116 1216
2121 2151
2181 1115
2194 378
2210 2355
2238 2430
2242 956
2275 1371
2284 1762
2290 2117
2292 2814
2294 2504
2300 2353
2308 1236
2324 1746
2339 2719
2379 2397
2391 2654
2394 1731
2424 116
2429 826
2435 2482
2453 2837
2456 2475
2489 2260
2520 1968
