f_0082924.png f_0082942.png
1 176
9 254
24 12
26 145
30 84
31 188
35 196
40 241
44 98
46 120
47 114
48 187
49 168
56 128
57 152
63 76
66 38
70 79
75 240
79 219
82 51
84 264
89 149
92 140
93 195
99 203
108 309
114 235
115 202
117 223
129 166
130 161
142 194
143 210
151 353
154 260
157 132
164 263
165 296
168 247
169 251
193 250
201 312
202 303
207 113
209 242
211 328
219 384
223 279
229 351
241 311
247 154
248 155
251 229
253 308
260 335
265 327
266 341
268 377
276 329
283 345
295 357
298 199
299 310
301 340
306 360
307 389
313 415
316 350
322 408
323 411
334 426
335 448
337 349
338 387
340 438
343 392
344 446
346 217
347 233
350 447
362 302
364 410
365 498
372 215
373 239
380 465
381 424
382 537
385 337
392 266
394 364
397 542
398 510
399 333
401 323
408 453
411 423
426 518
430 466
432 370
437 255
438 348
441 522
447 570
449 451
451 563
454 445
461 320
467 587
471 509
479 545
483 473
486 620
492 394
494 540
496 561
505 536
507 407
509 619
510 567
512 611
520 624
525 386
526 391
527 596
530 593
531 643
541 354
544 463
553 634
555 603
564 648
566 400
567 521
569 580
570 649
571 685
575 602
582 631
586 455
588 548
590 367
592 667
593 483
595 665
597 508
599 516
600 666
601 715
609 677
610 731
613 482
619 691
623 692
624 538
627 724
634 477
638 577
639 615
646 754
648 572
650 630
657 687
658 779
664 527
669 791
671 703
677 639
678 797
680 547
685 546
689 835
698 738
701 721
702 796
709 653
711 747
712 808
714 755
715 761
716 777
717 789
719 795
720 790
723 807
725 827
726 859
735 784
743 811
749 730
751 746
752 794
753 788
755 636
759 633
768 840
769 734
771 750
778 771
780 651
782 839
784 849
786 787
787 871
788 865
789 652
792 863
795 928
798 848
799 660
802 852
803 901
804 698
807 801
809 842
818 713
820 838
827 888
830 830
832 799
838 696
841 921
843 841
844 910
847 878
851 733
853 925
854 742
856 858
865 776
870 857
871 870
872 954
873 726
875 909
876 951
878 899
879 896
880 939
882 740
883 927
886 997
888 760
889 781
890 886
897 891
898 1012
900 749
902 890
904 953
908 996
917 913
919 774
921 764
922 1011
923 1001
925 813
926 995
929 931
930 971
937 861
939 1026
946 895
947 1003
948 1034
956 1050
960 883
962 952
963 1036
972 974
974 1010
975 1099
978 963
985 1060
990 1000
993 1067
994 1119
1000 875
1001 874
1002 973
1004 1153
1006 1024
1008 1009
1010 1133
1014 1109
1030 1029
1033 1028
1036 1103
1039 1027
1041 1092
1042 1111
1044 1065
1054 1049
1058 1058
1060 1125
1063 1087
1066 860
1068 1007
1069 1128
1074 1077
1078 1033
1083 1124
1086 1102
1090 1056
1092 1115
1099 1043
1102 1041
1108 1156
1109 1022
1110 1040
1111 1104
1112 1130
1115 1181
1116 1136
1117 897
1118 923
1120 1076
1123 1006
1129 1021
1130 1055
1131 1183
1134 1018
1136 1085
1137 1138
1141 1075
1142 1229
1148 1005
1152 1214
1154 1114
1155 1179
1157 942
1158 987
1164 1013
1166 1123
1171 1194
1180 977
1184 1004
1191 1203
1194 1074
1197 1240
1198 993
1200 1202
1201 1204
1205 1132
1211 1193
1223 1216
1225 1352
1226 999
1229 1117
1231 1192
1234 1068
1238 1254
1239 1287
1246 1235
1250 1164
1253 1166
1254 1017
1260 1069
1263 1269
1270 1168
1275 1275
1277 1081
1279 1080
1292 1258
1294 1316
1295 1324
1296 1384
1305 1177
1310 1321
1311 1290
1315 1209
1317 1100
1318 1191
1322 1137
1324 1199
1325 1231
1328 1238
1329 1346
1334 1380
1346 1334
1355 1297
1357 1158
1362 1277
1365 1161
1370 1185
1372 1353
1375 1206
1377 1311
1378 1282
1379 1349
1381 1423
1383 1312
1384 1374
1385 1375
1392 1250
1401 1363
1405 1328
1407 1218
1412 1319
1414 1348
1419 1300
1420 1303
1422 1434
1424 1377
1425 1198
1431 1255
1435 1343
1437 1333
1438 1327
1443 1317
1448 1326
1449 1393
1450 1405
1457 1302
1463 1261
1466 1237
1470 1339
1471 1371
1473 1420
1474 1280
1475 1399
1477 1260
1480 1398
1483 1322
1494 1468
1495 1292
1496 1395
1498 1401
1499 1438
1508 1306
1524 1400
1525 1445
1530 1357
1531 1408
1537 1442
1539 1338
1545 1331
1548 1453
1553 1355
1554 1427
1555 1424
1559 1437
1565 1433
1577 1428
1578 1460
1579 1342
1593 1484
1599 1409
1600 1436
1614 1365
1615 1382
1619 1407
1622 1361
1624 1452
1625 1498
1627 1564
1629 1455
1630 1471
1632 1431
1634 1508
1637 1511
1645 1416
1647 1549
1653 1531
1656 1429
1670 1486
1678 1525
1681 1403
1685 1533
1686 1451
1687 1476
1689 1517
1699 1466
1705 1470
1708 1479
1715 1492
1729 1542
1732 1501
1738 1582
1741 1536
1755 1603
1760 1534
1762 1446
1766 1540
1767 1485
1768 1628
1773 1597
1777 1605
1787 1551
1792 1613
1793 1520
1794 1567
1797 1538
1799 1588
1802 1562
1803 1620
1807 1619
1809 1641
1810 1698
1811 1722
1812 1548
1813 1587
1821 1580
1822 1637
1823 1515
1825 1599
1830 1547
1832 1627
1843 1681
1854 1632
1857 1539
1860 1623
1863 1676
1871 1617
1874 1672
1875 1692
1877 1720
1879 1667
1886 1626
1890 1651
1891 1687
1910 1643
1919 1829
1922 1609
1926 1838
1927 1831
1928 1625
1932 1740
1933 1556
1934 1589
1937 1824
1940 1754
1944 1595
1950 1719
1951 1727
1952 1810
1953 1889
1959 1867
1963 1691
1964 1701
1965 1749
1966 1670
1968 1782
1974 1708
1976 1662
1983 1665
1984 1666
1985 1737
1987 1738
1990 1827
1997 1804
1998 1871
1999 1904
2005 1837
2009 1742
2013 1735
2014 1774
2016 1950
2018 1762
2026 1700
2032 1840
2036 1683
2041 1758
2044 1836
2046 1817
2047 1857
2049 1808
2056 1940
2062 1863
2063 1946
2073 1820
2075 1771
2081 1786
2087 1757
2089 1855
2091 1883
2093 1806
2095 1750
2100 1850
2110 1712
2113 1932
2119 1917
2120 1766
2122 1882
2129 1878
2131 1945
2136 2045
2141 1910
2144 1796
2145 1903
2156 1909
2160 1865
2164 1997
2165 1986
2170 2003
2173 1939
2177 1906
2180 1846
2189 1944
2195 1918
2197 1929
2198 2002
2202 1872
2205 1868
2216 1960
2218 2044
2219 2052
2224 1948
2228 1992
2230 1902
2233 2064
2244 1991
2250 2016
2258 2136
2263 1973
2264 1999
2278 1951
2283 1994
2296 1943
2299 2035
2303 2034
2317 2050
2320 2128
2325 2099
2334 1962
2337 2058
2338 2073
2345 2057
2346 2185
2351 2251
2356 2041
2357 2127
2362 2164
2364 2126
2369 2096
2373 2094
2379 2060
2385 2072
2391 2314
2396 2134
2402 2135
2415 2198
2419 2092
2422 2212
2423 2229
2427 2114
2429 2093
2434 2247
2441 2124
2456 2228
2461 2211
2467 2194
2486 2265
2487 2287
2499 2272
2501 2255
2508 2170
2520 2283
2524 2190
2529 2276
2536 2286
2539 2217
2541 2304
2550 2308
2580 2303
2593 2262
2635 2301
2641 2299
