f_0082926.png f_0082958.png
6 78
7 74
31 307
53 126
58 276
75 31
77 257
81 30
84 261
88 218
91 3
94 91
95 267
105 25
112 12
123 29
140 355
148 331
162 16
178 140
192 40
193 255
200 2
201 41
214 398
224 106
225 231
226 306
229 57
230 112
234 24
256 430
259 68
265 159
282 250
287 189
291 158
292 125
295 351
299 387
302 101
303 537
306 137
308 273
314 382
316 42
322 330
331 23
332 246
342 72
343 248
346 421
348 487
356 414
361 292
367 111
368 315
369 286
383 323
389 156
391 343
392 354
393 336
394 469
400 340
402 620
403 381
408 253
412 269
416 174
417 254
428 244
430 556
431 557
438 377
443 589
450 571
451 584
473 202
477 412
486 659
488 655
495 594
497 614
501 420
517 475
519 587
523 365
526 509
537 634
541 483
547 592
560 672
563 309
572 399
575 582
576 648
577 757
581 454
582 606
586 704
588 482
590 495
591 628
595 442
597 563
600 720
606 528
612 700
614 727
620 565
623 715
625 356
641 423
642 428
643 481
644 671
646 471
649 632
652 785
661 742
666 384
669 800
670 352
675 647
676 639
682 713
683 777
684 811
685 289
689 810
692 522
696 756
698 458
707 644
711 798
720 393
733 657
737 416
740 685
744 524
746 857
747 448
749 840
757 443
765 816
769 478
774 730
775 879
782 809
786 712
787 752
788 919
791 518
794 732
800 893
802 827
804 946
806 611
808 559
813 942
820 928
821 641
826 674
827 905
833 717
838 722
841 956
843 797
845 909
857 1040
859 880
862 735
863 751
865 596
866 795
867 835
870 975
871 991
878 938
883 985
884 758
889 787
896 1021
898 807
905 984
917 1020
922 959
935 885
936 904
939 1053
948 662
951 635
952 696
955 937
960 702
962 1065
963 1109
964 1011
967 951
968 1087
975 581
978 1115
981 932
982 967
991 1086
993 1138
1000 665
1003 749
1005 892
1012 1089
1013 1112
1014 1139
1017 710
1019 966
1024 838
1025 993
1026 1076
1028 1235
1034 1019
1044 958
1057 1039
1060 786
1061 821
1063 802
1065 1056
1068 1072
1071 1270
1077 997
1079 1170
1080 1197
1082 820
1083 899
1086 805
1094 976
1098 903
1099 1099
1100 1137
1101 1190
1103 1133
1104 1176
1105 1195
1110 860
1124 1244
1125 955
1126 1108
1127 1136
1134 868
1135 913
1136 1068
1142 819
1155 1119
1179 1303
1185 902
1188 1149
1194 1024
1196 1249
1198 883
1200 1118
1210 1084
1211 1165
1212 1310
1213 1361
1216 1180
1218 983
1220 1049
1222 931
1226 1316
1227 1131
1229 1256
1236 1144
1237 1352
1243 847
1244 1223
1245 1315
1247 1243
1253 916
1264 1033
1268 1028
1270 1188
1271 1202
1272 1242
1274 1301
1276 1355
1283 1384
1288 962
1289 1213
1292 1344
1294 948
1295 1080
1296 1262
1297 1393
1298 939
1299 1004
1300 1422
1304 1175
1307 1200
1314 1041
1320 1233
1323 1407
1324 1451
1325 1199
1328 1397
1336 1091
1337 1424
1346 1212
1347 1254
1349 1392
1351 1334
1354 1142
1356 1267
1365 1211
1374 1148
1375 1227
1377 1350
1381 1075
1383 1371
1385 1147
1395 1174
1399 1130
1400 1169
1406 1185
1410 1387
1417 1477
1428 1456
1429 1096
1441 1168
1445 1245
1446 1248
1447 1342
1454 1107
1455 1201
1458 1464
1459 1151
1460 1232
1463 1159
1465 1104
1466 1164
1469 1518
1471 1129
1473 1485
1476 1574
1478 1376
1482 1506
1486 1536
1488 1375
1491 1467
1495 1205
1496 1286
1497 1367
1500 1357
1501 1192
1504 1339
1510 1294
1513 1428
1514 1403
1529 1210
1530 1278
1531 1535
1538 1555
1542 1517
1546 1374
1547 1501
1555 1444
1557 1277
1559 1510
1576 1415
1584 1560
1585 1561
1587 1182
1589 1487
1590 1462
1600 1335
1605 1321
1606 1427
1614 1475
1616 1544
1628 1331
1632 1266
1633 1638
1636 1469
1638 1411
1648 1458
1649 1576
1654 1627
1659 1571
1669 1481
1674 1494
1675 1504
1685 1338
1689 1443
1690 1503
1694 1610
1704 1508
1708 1532
1715 1660
1716 1654
1717 1624
1723 1468
1725 1578
1727 1484
1732 1539
1733 1551
1737 1655
1743 1520
1754 1388
1758 1559
1762 1787
1774 1575
1786 1440
1788 1540
1791 1622
1794 1692
1797 1597
1798 1674
1822 1602
1836 1860
1850 1738
1857 1677
1858 1841
1865 1694
1866 1697
1875 1689
1876 1720
1877 1777
1892 1935
1899 1750
1900 1796
1902 1757
1909 1799
1912 1605
1922 1798
1953 1616
1960 1719
1963 1845
1990 1804
2003 2055
2016 1740
2019 1915
2024 1964
2058 1736
2074 1967
2082 1773
2089 2073
2098 1775
2101 1772
2102 1800
2138 2015
2144 1723
2153 1850
2165 1853
2185 2013
2194 1891
2234 2019
2296 1904
