f_0082724.png f_0082876.png
12 295
17 204
25 747
77 255
82 376
93 261
95 489
102 400
105 545
107 177
120 236
123 367
133 294
140 562
142 337
150 399
175 386
176 427
184 879
191 273
194 754
195 741
198 972
199 184
200 464
202 451
204 311
225 782
228 543
246 977
248 371
250 455
255 845
256 906
257 333
258 867
259 837
265 676
276 487
288 500
306 788
312 904
326 357
329 593
331 613
336 1002
337 964
338 1034
348 699
356 1107
361 415
364 992
365 675
368 690
373 791
376 769
390 306
391 515
394 744
395 1001
402 1085
404 840
406 795
415 1115
418 811
420 393
423 755
424 931
432 1045
434 364
443 870
447 779
450 392
452 853
453 889
460 679
463 827
467 1280
468 448
469 494
470 575
472 731
480 1246
484 1038
485 1202
490 1037
498 1223
501 953
510 332
523 1152
529 902
533 697
558 999
561 1083
562 1098
564 971
568 526
575 952
596 778
598 892
612 634
626 1147
628 1159
630 806
643 899
644 1172
647 935
659 743
662 905
664 1238
676 1178
703 946
708 1205
719 1219
720 1340
731 1243
740 1154
748 1316
753 924
754 1114
756 1049
757 1364
763 1335
769 824
770 1150
776 843
778 1169
785 1249
797 1229
799 1245
809 1269
810 1385
829 967
858 981
860 1254
864 1054
869 1064
875 1347
880 1225
881 1241
883 1268
884 1303
886 993
890 1010
891 1204
897 1439
900 1490
902 1285
912 1315
916 1302
924 1261
925 1101
927 1323
931 785
936 1237
937 1314
942 1329
945 1386
946 1489
953 1367
972 1321
975 1551
983 1432
1013 951
1022 1483
1033 1381
1050 1128
1051 1338
1055 1688
1067 1373
1075 1247
1076 1368
1078 1278
1086 1404
1095 1358
1097 1591
1098 1337
1099 1342
1118 1289
1122 1322
1146 1425
1162 1449
1223 1471
1224 1661
1231 1546
1240 1420
1288 1572
1294 1464
1295 1582
1308 1734
1324 1634
1343 1641
1345 1293
1354 1598
1369 1590
1472 1492
1516 1506
1526 1738
1533 1577
1546 1415
1597 1530
1603 1545
1631 1630
1645 1537
1646 1721
1733 1644
1869 1659
