f_0082518.png f_0082670.png
55 16
61 1
66 98
69 86
72 78
74 88
76 85
80 75
87 83
88 100
92 211
99 126
113 216
115 180
117 144
122 160
125 119
134 164
135 171
136 208
138 185
141 289
148 178
149 222
154 210
161 181
181 281
183 230
186 283
194 244
202 253
203 228
207 249
219 176
220 277
221 261
240 256
248 294
255 399
259 322
261 310
262 340
264 429
268 315
274 419
283 345
285 428
289 390
290 352
295 351
296 389
297 426
302 471
304 475
313 404
319 418
340 536
352 481
355 479
358 445
380 533
387 463
425 573
445 574
452 644
456 550
457 676
464 592
471 543
477 694
488 677
512 637
513 568
515 595
520 691
523 723
524 717
527 732
530 602
533 566
534 620
542 755
549 614
551 738
556 633
557 667
563 750
566 703
570 658
595 654
618 693
626 787
642 742
647 789
649 720
653 719
654 830
655 771
657 823
662 770
670 753
671 840
681 743
690 786
694 773
699 885
708 811
718 839
727 855
728 925
731 929
732 940
744 936
746 924
747 971
748 932
758 935
759 939
762 848
765 1002
774 862
785 866
788 988
790 883
792 991
795 960
797 985
815 994
830 1106
849 943
862 983
872 1051
879 1108
880 1130
884 1143
886 1097
887 1144
901 1045
904 1167
915 1119
928 1180
939 1103
948 1077
954 1152
955 1219
961 1079
963 1246
973 1093
990 1238
992 1270
996 1301
1000 1190
1003 1256
1008 1217
1014 1296
1028 1251
1029 1252
1032 1318
1035 1257
1036 1303
1039 1338
1055 1295
1056 1307
1069 1210
1070 1205
1115 1480
1127 1139
1129 1243
1138 1282
1148 1404
1150 1305
1166 1425
1188 1417
1199 1583
1205 1387
1206 1372
1213 1545
1233 1582
1238 1622
1239 1578
1263 1498
1264 1673
1266 1532
1277 1411
1285 1611
1288 1408
