f_0082976.png f_0082918.png
96 294
164 517
180 193
242 679
256 2567
267 282
339 907
375 2805
415 725
449 1792
494 208
510 946
518 147
579 163
589 1652
646 102
695 599
757 2532
771 138
773 610
795 2262
998 1858
1032 461
1092 2627
1101 857
1110 411
1111 2058
1113 766
1120 2022
1140 115
1163 25
1175 454
1198 554
1213 2789
1236 855
1244 2593
1255 91
1263 2212
1273 1706
1282 828
1287 1880
1321 675
1354 771
1358 2159
1377 2700
1405 487
1412 360
1451 1748
1479 653
1491 2105
1528 2317
1534 264
1543 984
1561 797
1579 376
1585 684
1607 52
1627 552
1656 799
1744 424
1751 1108
1759 1296
