f_0082868.png f_0082918.png
4 2233
6 34
12 48
23 1278
27 1340
34 148
37 219
38 24
40 1578
46 2383
49 951
63 2911
72 1492
73 106
78 304
88 629
91 614
95 971
97 2707
98 253
103 1911
117 147
124 282
126 110
131 2099
132 2221
139 275
140 1176
142 1903
158 136
160 2451
161 836
162 2291
164 1401
166 2024
167 960
172 156
175 2823
176 2777
178 555
179 338
182 25
186 1767
193 885
197 1134
202 283
203 656
204 1456
210 947
211 540
212 2537
217 356
219 1452
220 539
227 883
232 13
235 145
236 1636
248 2736
250 1829
253 757
259 1841
261 953
263 383
271 2687
274 1206
279 413
286 247
290 475
296 2980
298 1362
306 779
312 1063
332 1407
333 2401
338 1527
351 1585
352 2201
353 528
356 1034
367 2994
369 35
377 173
380 509
384 1460
387 316
390 54
392 329
394 178
396 1625
404 17
408 309
414 1562
423 2234
429 1784
436 2832
437 1878
438 2803
439 272
447 2535
448 1383
456 2808
468 1537
469 2998
470 348
502 439
503 663
510 1886
526 609
531 438
541 2331
544 2825
549 1164
553 1444
554 1951
577 124
582 1904
595 785
599 1758
604 1888
612 2101
625 15
626 2490
629 792
636 876
652 549
656 733
657 764
664 1289
667 2090
670 2473
672 277
673 2501
679 1986
682 180
686 2939
690 493
692 655
695 2298
696 1429
707 1120
712 744
713 254
718 2265
719 287
733 223
735 1333
740 456
747 2296
749 1258
750 2183
752 2159
757 1579
763 2557
765 1685
770 1303
771 2666
777 1221
787 307
791 974
797 1010
807 387
808 727
809 645
824 1319
831 1477
833 41
834 2801
839 2025
843 2848
844 300
845 177
857 1702
858 868
859 1851
861 1125
868 2089
869 915
877 1143
878 1386
882 789
888 1102
893 2759
894 627
895 349
905 1932
918 1387
920 654
925 706
927 487
931 2593
938 1541
939 2827
941 1854
946 718
955 806
964 907
981 579
990 105
994 323
1004 485
1017 568
1022 2002
1025 1592
1026 573
1033 1775
1039 2022
1048 943
1077 1760
1099 2098
1108 888
1111 1487
1113 1137
1135 842
1146 776
1155 2984
1159 73
1162 2817
1167 0
1177 1830
1181 266
1188 2520
1206 2591
1213 563
1218 1524
1220 1292
1224 1985
1233 1343
1244 2428
1250 2228
1255 850
1258 1203
1271 1603
1275 12
1304 1962
1305 2482
1306 1549
1307 847
1312 590
1314 620
1316 2119
1322 2531
1326 550
1342 274
1355 134
1359 2080
1365 1304
1378 906
1398 2576
1400 2528
1415 1486
1416 2456
1417 578
1420 964
1428 919
1431 187
1436 2746
1446 416
1452 26
1459 1698
1463 476
1465 291
1474 1438
1483 88
1484 1331
1489 2900
1505 2405
1517 2918
1545 268
1548 2990
1552 1644
1563 529
1569 1684
1571 1348
1573 353
1577 2001
1582 1374
1584 1539
1587 2855
1597 519
1601 385
1615 1350
1617 1872
1626 2496
1634 558
1635 2259
1647 1662
1651 1745
1657 2217
1663 754
1668 2351
1669 817
1673 2167
1674 2892
1685 195
1696 592
1698 1724
1709 968
1719 68
1720 715
1721 1809
1728 556
1729 2394
1732 412
1740 1565
1748 1871
1750 2545
1759 158
1769 1242
1772 440
1773 1928
1775 2995
1779 2651
1782 117
1783 1201
1785 2799
1786 267
1790 2629
1793 482
1796 675
1808 468
1818 2235
1819 1679
1822 1755
1825 1973
1827 2317
1835 400
1845 1652
1849 2472
1863 887
1864 150
1866 45
1872 11
1875 1792
1876 751
1882 623
1899 2007
1906 1410
1907 1836
1908 665
1909 1218
1918 2244
1921 2551
1927 125
1933 700
1938 2008
1943 1659
1959 969
1983 2839
1993 597
1994 1251
2007 1052
2012 1957
2015 857
2031 852
2035 2894
2038 128
2048 916
2049 1449
2051 2805
2058 1805
2064 1721
2069 1914
2077 1426
2081 797
2094 1864
2095 1288
2097 196
2098 905
2102 877
2112 504
2119 2912
2120 2421
2126 225
2131 699
2171 1107
2175 1818
2185 2232
2188 64
2194 1041
2197 1897
2200 1980
2203 1728
2209 174
2212 1981
2225 2245
2227 2358
2230 1568
2233 2553
2245 966
2261 1998
2262 364
2266 313
2270 1029
2274 912
2280 831
2296 640
2297 492
2303 286
2318 1788
2321 1197
2324 1059
2332 1852
2338 702
2343 604
2373 2597
2385 1305
2389 2715
2400 1053
2426 2148
2434 370
2435 2250
2446 2963
2448 1558
2453 1995
2457 2838
2464 1390
2465 855
2482 1683
2483 935
2494 6
2518 119
2521 1770
2522 758
2533 1680
2537 2914
2545 69
2558 567
2562 2048
2568 1560
2575 2120
2576 2253
2589 1918
2601 1663
2604 1396
2605 2419
2635 116
2636 755
2639 2480
2643 2731
2651 392
2654 2709
2659 1654
2662 1949
2668 1799
2677 639
2694 1448
2695 1525
2701 473
2728 79
2750 1179
2753 417
2771 360
2774 210
2820 2558
2823 1782
2828 2655
2831 1910
2835 2634
2836 782
2837 2278
2841 2054
2855 956
2860 46
2872 1284
2873 104
2875 1942
2877 2671
2880 1173
2885 1891
2892 2951
2919 2626
2925 1252
2932 2478
2935 1391
2945 1124
2947 2032
2969 2436
2977 434
2978 55
2986 1499
2995 2144
