f_0082882.png f_0082926.png
173 99
179 202
181 2
188 210
191 235
199 334
204 385
207 418
233 435
251 463
252 480
254 467
261 417
270 491
276 476
287 633
293 552
301 588
309 556
316 563
317 807
318 804
327 642
333 718
336 763
352 690
362 744
374 822
376 904
377 832
379 838
381 769
388 939
394 889
395 898
409 936
412 1020
419 973
434 929
456 1004
458 987
460 997
484 1230
490 1188
494 1063
496 1060
497 1228
498 1216
500 1252
505 1032
515 1271
518 1232
523 1159
524 1322
527 1186
530 1218
532 1304
537 1265
539 1356
554 1402
557 1550
559 1368
560 1437
565 1518
568 1303
569 1401
570 1532
574 1452
585 1374
586 1491
592 1542
597 1399
598 1526
599 1478
601 1382
603 1436
607 1547
615 1643
616 1409
617 1569
636 1502
639 1581
640 1577
647 1631
652 1520
653 1624
660 1606
661 1799
670 1827
671 1694
682 1669
707 1596
708 1839
712 1704
716 1812
719 1611
722 1739
723 1835
726 1851
733 1744
735 1797
739 1919
742 1723
755 1866
761 1849
762 1804
764 1909
765 1952
766 2002
770 1825
780 1993
792 2001
797 1893
801 1784
807 2131
814 1901
833 2024
838 1958
840 1990
841 2023
843 1882
853 2088
858 1944
861 2000
863 2117
871 1920
877 2335
879 2033
882 2092
883 2152
884 2034
888 2119
913 2178
918 2165
930 2423
941 2263
942 2428
945 2204
952 2239
958 2415
961 2570
964 2371
965 2313
966 2370
973 2266
978 2470
985 2730
989 2347
990 2369
992 2481
998 2660
999 2424
1008 2393
1013 2392
1018 2647
1021 2726
1032 2757
1093 2776
1102 2616
1117 2717
1130 2723
1136 2746
