f_0082952.png f_0082492.png
5 628
9 199
22 188
35 125
67 483
77 660
85 580
99 655
112 229
130 15
161 724
173 834
177 729
195 725
199 897
204 387
226 336
245 341
248 475
269 676
275 397
279 484
289 545
322 1018
324 456
335 818
339 319
346 513
357 566
361 1218
374 808
396 648
402 909
427 1285
444 581
451 1280
467 546
490 1259
531 1268
555 893
565 734
580 1389
582 689
599 1292
619 1350
620 933
624 1432
625 1334
637 944
671 929
677 855
734 769
743 1317
762 779
816 1000
843 874
894 1184
926 1046
944 1048
953 1450
960 1049
971 1552
978 1468
1001 1006
1007 1080
1022 1845
1101 1134
1107 1195
1108 945
1160 1362
1190 1198
1217 1263
1227 1253
1243 1521
1271 1545
1274 1231
1281 1436
1293 1243
1305 1458
1320 1010
1329 1583
1331 1257
1338 1076
1352 1630
1394 1481
1401 1477
1409 1375
1427 1856
1442 1295
1461 1693
1467 1779
1487 1497
1528 1778
1530 1445
1537 1632
1543 1915
1575 1516
1585 1967
1586 1679
1587 1682
1596 1702
1604 1729
1605 1633
1624 1884
1628 1780
1630 1541
1648 1745
1651 1784
1659 1596
1685 1746
1744 1948
1765 1781
1775 1905
1787 1920
1809 1800
1815 1970
1825 1829
1843 2098
1846 1852
1860 1741
1910 1867
1956 1971
1978 2119
1987 1926
2022 1955
2104 2165
2111 2297
2211 2072
2235 2292
2411 2363
