f_0082558.png f_0082958.png
6 1383
11 1458
16 575
48 343
52 1644
61 174
65 1224
69 1422
80 1174
92 23
99 463
103 303
115 1496
117 81
120 230
121 1744
142 1735
146 195
147 483
149 1183
151 386
167 1228
180 702
185 1775
225 1249
238 1424
240 1232
245 2079
252 198
267 1019
303 1087
308 1866
310 730
313 424
343 1301
398 1717
404 1777
427 1184
428 1102
429 1237
447 2001
479 311
493 972
502 1774
508 892
509 159
512 1276
523 202
524 852
536 1263
539 611
540 72
541 263
545 568
554 1339
568 439
573 958
579 1044
603 1387
610 841
625 1694
643 949
644 1808
650 1815
658 889
662 1315
691 891
708 285
712 112
713 711
719 1182
734 982
737 1333
754 888
755 234
756 569
774 1403
784 1359
785 1022
811 1034
812 952
827 1122
839 1037
846 1531
851 1013
857 194
859 1180
869 627
876 1308
882 758
883 353
887 1646
893 806
918 638
922 769
927 43
932 399
937 1770
948 211
951 1072
984 206
1029 1188
1036 1440
1054 1281
1057 125
1068 158
1082 1117
1090 1502
1091 1053
1102 1415
1116 1725
1124 1750
1164 1100
1165 269
1166 1114
1189 1189
1198 625
1207 291
1229 1437
1234 1862
1244 1361
1259 390
1268 573
1274 450
1298 349
1305 1451
1306 2023
1308 1193
1323 2
1327 1495
1338 243
1341 1261
1344 670
1358 1856
1389 1007
1394 1767
1406 1158
1438 442
1441 91
1450 1535
1453 57
1462 1223
1464 1099
1490 688
1531 717
1537 1475
1597 1208
1613 1470
1614 1031
1619 1933
1621 1302
1633 322
1635 1568
1641 427
1653 1460
1702 680
1736 132
1741 1952
1744 1807
1760 54
1777 678
1781 419
1787 963
1789 1300
1796 365
1820 512
1834 240
1839 1242
1851 1924
1860 423
1874 1795
1875 1678
1881 1069
1900 448
1902 1225
1919 689
1946 51
1948 1046
1955 1080
1964 641
1965 1160
1967 1185
1976 1148
1982 838
1987 1268
1995 316
2004 15
2017 101
2029 154
2030 1199
2034 997
2043 97
2047 644
2050 1033
2053 73
2058 1345
2069 1343
2085 1970
2095 1659
2111 539
2130 1597
2160 1296
2161 1025
2202 1456
2231 1870
2237 1297
2242 967
2247 1845
2255 1638
2260 2009
2261 1142
2296 1854
2302 103
2317 162
2322 1105
2327 1124
2346 1620
2369 1323
2373 1169
2380 1378
2382 199
2385 1028
2387 527
2389 1522
2392 2015
2396 1240
2401 1216
2404 1337
2418 1906
2425 1713
2427 955
2429 1939
2433 1907
2466 1338
2473 1537
2484 1092
2499 1741
2503 254
2506 1556
2521 985
2522 1429
2532 471
2544 0
2578 1009
2583 2011
2589 1329
2590 336
2593 119
2597 887
2624 381
2628 1551
2670 643
2679 1219
2680 1811
2682 1814
2712 1498
2717 903
2728 1265
2746 443
2785 478
2795 226
2801 1455
2821 1176
2822 1710
2841 572
2846 1157
2868 342
2870 138
2886 1388
2889 1332
2897 735
2904 533
2919 677
2921 1123
2927 1346
2938 682
2955 993
2967 1504
2989 1168
2996 707
