f_0082412.png f_0082918.png
6 66
23 2925
40 193
67 2569
73 1809
91 64
129 1409
131 1136
135 847
193 731
240 1530
245 1137
258 982
327 968
352 236
380 267
417 1999
432 2315
440 109
448 1484
466 828
471 1858
486 345
534 1913
545 1475
595 990
616 114
640 1439
659 2047
794 838
837 707
852 1295
860 2550
883 1303
952 2911
986 2538
1001 442
1015 653
1050 842
1066 2003
1073 1287
1079 1125
1086 2722
1132 159
1143 1314
1169 2613
1171 301
1190 2406
1211 661
1244 1265
1262 2455
1266 1370
1297 487
1351 1233
1359 360
1365 797
1390 2461
1424 1042
1493 1008
1513 1359
1564 1336
1613 2468
1637 2564
1723 959
1756 2482
1803 718
1830 2894
1870 970
1890 833
1899 1696
1942 1978
1964 1394
1989 1953
2028 1023
2035 1851
2162 1998
2201 541
2309 846
2313 1396
2360 1309
2426 1463
