f_0082558.png f_0082620.png
8 90
11 957
14 1007
18 139
22 1439
31 809
34 825
38 1085
48 78
56 255
59 1033
61 281
70 590
79 661
85 1639
91 1150
104 1525
105 1245
106 669
109 346
124 108
132 694
135 174
138 799
139 1665
144 1274
149 850
155 667
158 588
160 567
167 578
169 926
179 996
187 501
190 30
192 450
193 67
195 32
205 113
209 227
214 1377
216 145
219 1299
222 801
224 27
231 20
233 1382
235 772
240 833
242 609
252 622
259 1027
267 463
283 1096
295 306
296 718
301 924
304 715
305 490
306 908
311 755
319 685
328 565
334 1238
339 1196
350 192
356 1032
359 1339
373 806
375 1110
377 433
384 740
393 534
399 299
402 95
407 917
408 239
412 532
416 1079
423 606
433 1378
437 1158
442 516
458 1408
468 1410
470 152
480 71
493 733
495 1250
496 1231
517 45
518 1399
519 1356
522 1386
524 737
527 1309
530 1109
531 601
553 876
564 615
567 596
568 442
585 1345
593 1093
594 1070
602 944
605 1178
607 499
623 481
625 1118
630 704
633 1608
635 741
649 151
654 673
658 418
671 163
702 447
708 385
727 1533
743 937
746 760
750 928
765 88
770 1090
774 820
783 1276
784 865
802 960
809 1396
814 1409
815 249
818 391
827 476
828 666
830 11
832 528
839 542
840 980
843 29
859 561
862 612
878 1416
879 751
880 1403
886 653
891 954
901 679
905 761
910 706
913 1397
918 553
920 646
924 1076
930 643
932 309
934 931
935 994
939 1053
953 1045
962 1405
965 1217
969 1160
982 1094
983 688
987 1644
991 793
994 18
995 431
997 1292
998 1077
1030 880
1035 988
1037 730
1046 1369
1051 517
1052 471
1059 44
1076 389
1078 545
1086 324
1089 519
1098 984
1120 805
1125 1233
1128 1022
1133 525
1151 197
1153 205
1157 426
1177 683
1180 535
1194 238
1196 1655
1198 526
1200 851
1204 999
1206 950
1211 173
1219 268
1221 290
1234 1598
1242 754
1246 686
1250 906
1254 650
1261 520
1268 416
1277 905
1291 1318
1300 284
1302 1340
1306 1672
1308 842
1309 910
1312 1139
1314 816
1315 55
1316 949
1328 514
1333 338
1336 1046
1338 298
1339 246
1345 602
1348 1364
1349 1188
1356 1010
1365 1025
1371 789
1374 348
1386 452
1394 1221
1396 196
1401 1646
1403 1192
1406 948
1411 767
1420 480
1434 759
1437 867
1442 164
1443 821
1448 111
1454 264
1464 503
1466 194
1478 266
1485 1284
1500 930
1506 1334
1509 379
1511 1482
1518 1285
1531 381
1532 432
1536 210
1551 349
1555 1265
1556 1359
1566 901
1580 1058
1597 427
1599 657
1602 983
1619 1546
1623 804
1627 569
1630 893
1631 1358
1637 322
1643 1513
1644 868
1676 82
1678 1212
1684 170
1697 1426
1702 390
1706 863
1713 1021
1714 727
1716 1411
1725 742
1727 1211
1730 278
1734 1437
1736 280
1750 1343
1752 1705
1758 182
1762 1272
1785 630
1792 708
1797 638
1799 395
1805 1559
1818 1295
1819 1459
1820 486
1824 1676
1825 681
1827 1132
1839 605
1843 224
1848 275
1856 436
1857 1066
1868 929
1870 1204
1871 1301
1877 107
1885 1243
1898 378
1911 160
1913 1164
1917 540
1918 913
1924 1564
1930 1614
1931 333
1932 53
1943 181
1947 697
1950 1346
1958 1205
1967 774
1974 5
1980 147
1982 634
1985 134
1989 1433
1999 1106
2000 675
2009 261
2025 131
2027 313
2034 541
2035 214
2039 1372
2042 874
2043 52
2053 156
2055 383
2068 265
2081 1298
2084 577
2088 1097
2093 621
2100 660
2112 993
2115 903
2116 1303
2119 647
2139 1449
2140 166
2147 404
2153 831
2160 1004
2173 1422
2174 177
2175 443
2176 257
2185 403
2187 37
2192 1060
2197 792
2218 1501
2222 329
2234 1430
2236 866
2239 1451
2242 449
2245 877
2247 1286
2260 1490
2264 51
2269 753
2270 77
2285 406
2303 1151
2318 1314
2329 106
2334 401
2342 784
2343 1486
2347 41
2354 990
2357 672
2369 837
2371 841
2378 320
2383 1173
2390 411
2391 115
2401 746
2416 382
2417 1057
2426 459
2427 631
2428 889
2443 1347
2448 862
2465 304
2484 757
2489 235
2492 399
2511 1436
2512 472
2519 441
2520 282
2527 1337
2537 1326
2543 400
2552 966
2553 521
2557 60
2558 897
2585 800
2589 580
2595 394
2632 49
2642 392
2644 959
2646 233
2648 34
2649 818
2650 407
2658 1063
2668 434
2694 620
2709 422
2723 126
2724 1569
2738 1235
2748 1051
2758 279
2766 1489
2775 1227
2785 507
2789 1531
2791 339
2795 350
2805 1514
2810 1092
2820 1075
2829 968
2833 75
2842 504
2843 1149
2844 252
2845 658
2860 919
2868 454
2869 121
2873 1317
2877 326
2879 1183
2882 1630
2896 269
2914 494
2917 846
2919 417
2927 819
2928 1532
2933 488
2948 853
2949 1444
2951 376
2955 455
2959 677
2964 328
2971 885
2975 477
2977 475
2983 180
2994 489
2995 527
