f_0082702.png f_0082952.png
8 424
27 403
56 487
62 590
135 442
163 119
185 938
240 6
256 526
298 810
344 218
369 740
380 387
396 1333
398 329
403 1087
427 260
470 627
482 741
503 373
521 600
554 515
557 725
560 374
564 410
570 882
573 1099
574 1123
576 750
581 866
593 607
619 1147
624 625
632 1128
636 801
638 619
639 1154
645 1171
666 1143
667 1190
672 699
694 1293
698 1331
718 978
722 1448
728 1354
734 1534
758 983
763 840
764 892
766 860
774 1214
784 1261
785 1492
796 1299
822 968
824 1200
829 1439
856 1140
857 1487
858 1560
863 1517
866 1352
870 1524
880 1152
887 1126
893 1256
894 1438
904 1292
908 1537
909 1735
915 1486
916 1568
918 1883
926 1495
927 2198
931 1566
936 1444
943 1882
949 1392
977 1876
979 1719
982 1628
1000 1765
1014 1702
1020 1715
1022 1624
1047 1528
1083 1902
1094 1851
1097 2124
1125 1989
1164 2017
1181 2039
1191 1878
1194 2022
1215 1674
1250 2168
1316 2194
1323 2333
1330 2112
1380 2445
1428 2250
1470 2494
1477 2556
1485 2548
1493 2579
