f_0082882.png f_0082946.png
2 27
16 26
46 35
70 257
76 164
77 144
88 72
92 55
101 124
110 156
114 121
120 178
127 206
139 441
145 198
153 286
158 248
161 219
173 223
176 298
189 418
193 279
197 437
198 203
204 436
210 342
212 412
218 397
222 450
226 452
232 420
238 213
241 451
243 523
245 461
248 449
249 557
254 496
258 534
263 456
266 570
267 694
271 625
277 530
286 476
287 643
292 349
293 548
297 708
298 363
299 783
301 541
303 500
307 766
309 455
310 737
311 668
314 258
315 553
316 447
324 696
325 795
328 727
336 752
344 605
362 647
368 915
372 878
374 724
375 734
378 723
379 745
382 632
390 741
395 814
398 608
404 825
410 851
411 955
419 911
422 887
434 821
440 820
441 983
451 1015
452 1120
461 1006
468 936
469 803
473 950
476 913
478 1080
492 1229
499 1042
508 1039
514 872
515 1131
519 1084
524 1132
528 1052
531 1051
536 981
538 1140
550 922
557 1316
560 1252
576 998
578 972
583 1102
586 1286
588 1333
594 1150
596 1098
598 1318
599 1302
602 1129
606 937
607 1337
614 1040
619 1359
625 1208
631 1363
636 1220
637 1470
642 1264
643 1313
647 1440
649 1263
652 1250
662 1113
668 1053
671 1474
680 1235
685 1443
691 1148
695 1128
697 1599
711 1328
715 1206
717 1196
719 1266
723 1573
726 1621
727 1656
732 1351
733 1404
734 1469
738 1350
739 1704
740 1688
742 1448
743 1561
747 1698
749 1403
753 1535
754 1569
758 1425
759 1641
760 1724
761 1549
762 1468
765 1723
769 1762
770 1509
776 1597
777 1655
778 1650
783 1373
784 1556
785 1612
793 1746
795 1701
797 1592
806 1638
813 1472
814 1560
817 1609
824 1687
827 1697
828 1716
830 1699
831 1732
832 1733
839 1700
844 1712
846 1714
850 1476
852 1692
853 1810
855 1711
858 1582
869 1774
872 1788
873 2035
884 1719
887 1769
899 1696
908 1760
917 1730
930 2072
933 2044
947 2017
949 1981
965 1919
970 2239
984 2363
986 2213
992 2070
993 1995
1003 2108
1004 2328
1019 2250
1051 2074
1057 2210
1065 2153
1073 2099
1082 2196
1102 2136
