f_0082558.png f_0082776.png
5 368
7 402
23 107
34 591
44 346
55 345
64 443
95 693
109 5
115 188
119 317
135 228
145 501
157 72
166 792
177 521
179 770
182 108
187 194
216 171
228 191
234 1138
247 535
254 86
267 155
272 508
280 203
296 424
300 231
307 763
313 235
314 637
350 323
353 914
355 1281
358 35
381 887
392 497
394 261
406 506
415 211
429 544
436 752
446 318
462 788
470 262
482 303
494 808
500 516
560 619
561 71
573 359
574 1139
578 636
582 1140
602 694
605 1097
626 49
630 783
635 690
658 146
677 481
706 955
731 492
734 732
738 1164
743 781
767 227
778 7
781 223
794 264
812 16
816 1086
818 224
827 116
842 565
857 305
862 439
872 38
886 440
891 801
910 588
914 56
920 528
922 500
927 129
935 881
943 354
962 1275
1029 406
1044 785
1068 53
1075 689
1111 518
1194 15
1198 584
1200 472
1206 791
1207 31
1216 917
1217 962
1225 981
1239 214
1258 432
1266 676
1268 437
1277 951
1302 722
1314 844
1323 197
1326 829
1353 669
1356 1002
1366 652
1389 741
1422 738
1453 170
1473 819
1486 488
1487 1342
1492 52
1524 311
1531 222
1549 408
1561 115
1598 242
1613 1122
1624 458
1625 276
1638 884
1659 1335
1674 118
1687 418
1695 229
1701 954
1702 248
1740 952
1746 1075
1749 616
1754 160
1774 246
1777 296
1787 212
1796 258
1799 153
1821 648
1869 719
1898 180
1937 921
1942 575
1952 800
1968 1067
1991 731
1994 445
1997 655
2007 172
2009 130
2032 499
2042 708
2050 720
2053 207
2054 550
2055 169
2062 972
2091 683
2111 549
2112 966
2127 889
2136 58
2144 601
2165 465
2175 366
2177 762
2236 635
2242 158
2244 868
2278 743
2287 524
2318 679
2334 267
2345 1077
2362 543
2363 84
2371 789
2374 985
2377 812
2382 519
2390 533
2403 449
2416 200
2453 105
2454 684
2492 154
2496 979
2512 100
2514 896
2520 134
2550 441
2557 29
2558 804
2561 994
2603 517
2608 355
2611 334
2623 709
2626 54
2628 815
2642 164
2670 260
2690 710
2713 764
2714 163
2769 668
2780 110
2791 92
2811 1338
2826 37
2864 842
2869 184
2884 461
2897 177
2900 1377
2919 324
2955 149
2968 26
2970 456
2978 493
2995 387
