f_0082958.png f_0082918.png
30 703
101 816
103 419
137 990
141 5
157 1217
161 211
199 2791
215 1624
223 2050
230 31
254 277
258 492
264 366
266 399
273 66
287 1638
314 2701
317 883
323 517
345 81
346 213
349 934
353 11
354 196
358 903
367 2863
378 1352
382 2469
400 835
406 942
416 606
419 1636
444 2100
452 1347
481 283
483 2262
485 1881
493 895
521 2516
524 1303
531 345
547 2754
557 2777
565 113
568 509
569 1683
572 647
573 1652
584 1887
592 2583
596 2997
627 633
640 992
672 1951
673 197
675 508
684 2315
685 278
691 2960
694 907
700 237
705 2336
708 468
709 1291
722 1173
724 2941
727 2937
732 109
736 1080
738 1110
752 316
757 2996
758 974
780 128
795 1918
806 1846
845 1244
859 1891
862 1484
887 2911
888 1522
889 2245
896 2854
935 1888
942 1210
963 1906
1014 329
1015 1089
1020 1618
1065 2624
1072 1665
1075 2460
1084 1949
1099 1711
1105 2474
1108 381
1110 2640
1119 776
1123 1385
1130 2998
1137 2073
1146 797
1150 2805
1157 1207
1170 795
1174 1041
1180 1200
1185 146
1187 1466
1197 2370
1199 1448
1218 2436
1237 1327
1242 454
1243 25
1244 40
1300 2843
1303 965
1314 2553
1315 371
1319 554
1328 1938
1335 1851
1339 1350
1342 1969
1353 69
1364 867
1372 646
1380 1179
1390 1474
1406 181
1421 2874
1425 2421
1428 2435
1444 306
1459 433
1461 2824
1465 829
1475 598
1479 2306
1493 917
1494 2592
1497 2977
1500 516
1503 2176
1509 2534
1516 390
1527 125
1532 904
1534 1826
1541 1194
1542 2026
1543 1982
1557 187
1578 1138
1653 2257
1672 1272
1680 536
1735 41
1742 999
1743 843
1745 1262
1833 2323
1913 621
1931 232
1952 284
1960 1750
1964 2063
1970 1373
1987 2347
2038 1676
