f_0082412.png f_0082952.png
34 562
41 226
99 566
293 1338
304 565
343 775
352 874
387 843
504 298
565 984
582 944
583 1190
629 200
631 1165
632 1175
668 491
715 253
722 1195
752 461
800 515
826 721
851 1598
950 1031
1007 1098
1009 1612
1032 450
1097 1030
1151 1441
1157 1629
1221 641
1222 1408
1225 1716
1241 807
1244 1201
1259 1480
1282 1517
1295 1641
1298 1474
1377 1825
1445 1879
1492 1309
1511 1344
1542 1744
1588 1764
1618 1423
1683 1076
1690 1648
1754 1617
1759 1427
1831 1009
1945 1543
1958 1554
1971 1755
2008 1824
2105 1559
2305 1968
2408 2094
2417 2166
2418 2179
2429 2114
2458 2134
