f_0082912.png f_0082942.png
6 1691
8 607
12 1919
16 1996
27 390
30 784
31 403
43 659
49 703
55 1130
63 1109
71 1758
73 1853
84 2144
87 1010
90 424
114 1742
115 507
135 2242
146 557
156 231
166 1648
169 2006
178 2052
179 2185
185 230
186 1569
189 2228
190 450
195 1202
198 1741
205 1700
230 2066
231 626
232 280
262 286
264 939
280 1750
292 329
310 291
312 1943
326 2263
329 879
335 1965
344 1013
360 815
385 937
388 1579
402 1482
411 755
418 1453
423 512
425 1259
427 834
435 333
440 250
448 1909
449 786
458 2150
468 688
495 1498
504 888
509 1669
541 1212
584 1721
585 1755
594 148
598 797
628 828
639 1671
642 724
652 1594
656 1218
659 1443
663 1950
674 1987
678 1851
686 1945
700 738
736 1458
752 1056
753 464
774 431
782 420
787 80
788 670
798 1480
799 393
802 1655
813 312
824 1083
851 1189
900 785
908 2255
922 850
935 296
958 1019
960 714
964 394
965 2302
970 1398
973 1556
988 563
993 848
995 699
1003 1080
1008 1484
1017 1179
1042 634
1050 1541
1056 1836
1061 1285
1069 1264
1071 1633
1074 1525
1076 1857
1093 630
1094 761
1106 2188
1118 737
1120 1994
1132 458
1140 1422
1146 2089
1168 896
1183 1258
1196 1365
1203 663
1214 2123
1215 1267
1245 18
1254 885
1304 1493
1311 817
1333 995
1344 693
1369 1364
1374 668
1385 1902
1402 1213
1408 2189
1411 1760
1421 427
1427 1369
1432 1653
1483 370
1490 1939
1494 1250
1513 1838
1515 602
1533 1063
1536 747
1542 685
1550 2239
1558 2146
1560 453
1579 293
1584 1471
1592 549
1598 944
1618 2315
1622 648
1631 914
1640 1820
1642 731
1660 1935
1674 1284
1678 1071
1685 567
1689 1138
1695 1552
1700 2190
1723 1211
1726 1042
1735 732
1737 808
1740 2191
1762 279
1776 1809
1790 1184
1795 1542
1806 778
1815 351
1825 1538
1871 878
1893 1376
1898 2044
1926 620
1930 310
1950 1955
1952 2110
1953 1438
1958 2260
1979 869
1997 915
2001 476
2017 1530
2041 1348
2045 872
2046 2270
2049 1456
2062 350
2064 1830
2086 1735
2095 2277
2106 1301
2121 1585
2124 409
2129 1216
2154 1536
2161 560
2170 525
2197 1026
2208 653
2239 1129
2249 1191
2254 1338
2255 411
2279 1773
2287 981
2298 1927
2339 1688
2351 700
2363 1762
2371 2054
2399 470
2442 1879
2467 1573
2487 2306
2494 2274
2502 946
2510 1176
2531 2206
2536 711
2541 1181
2543 1003
2546 704
2574 1249
2581 422
2585 180
2591 1316
2592 1692
2593 357
2647 2286
2730 1868
2746 811
2761 2201
2780 288
2784 1271
2796 918
2801 1043
2841 1522
2879 1103
2889 1433
2895 520
2906 2259
2909 802
2913 1232
2925 1359
2933 1140
2944 1027
2961 1018
2962 2164
2965 941
2982 426
2987 1765
2990 611
