f_0082918.png f_0082942.png
0 540
2 1359
5 327
13 1031
16 1800
18 1302
19 1204
20 703
22 593
25 1130
31 231
32 436
33 777
34 1686
35 359
39 1966
41 1600
43 1819
51 641
54 351
56 193
57 784
59 247
60 389
61 1066
62 1284
63 852
64 604
67 1785
68 1060
69 1128
71 666
73 360
76 610
87 682
88 1118
89 1244
90 1746
93 827
94 1190
102 140
105 1168
109 747
110 203
113 634
114 1228
115 576
122 1985
123 704
124 822
127 537
129 414
132 1374
136 284
142 410
143 403
146 1171
147 535
148 335
152 888
153 508
162 207
164 842
165 519
166 1147
168 839
171 1587
172 383
185 319
187 1438
190 1065
195 864
197 612
198 925
210 1183
211 368
219 830
225 1679
228 1106
240 1721
241 909
242 1039
244 851
249 1317
255 950
262 113
265 563
269 430
271 255
280 11
281 1643
282 115
284 1702
291 466
301 331
304 963
305 1109
309 577
315 456
322 228
325 431
333 55
336 300
338 303
342 579
347 939
353 209
364 2211
370 1357
376 1377
381 1028
382 1731
390 1387
399 237
400 277
406 2229
411 400
413 467
414 1087
426 625
429 276
438 1162
441 1927
454 1138
458 1957
460 1894
461 874
464 1111
467 1430
475 1617
478 1662
483 252
489 426
513 2159
517 371
530 402
533 1026
536 1462
539 1742
540 448
542 1493
551 444
554 1202
557 350
559 412
565 452
568 866
571 1334
572 234
576 181
577 1306
586 2305
593 1295
595 375
597 189
603 1663
609 706
616 760
619 1180
621 1619
623 1728
626 681
629 1348
640 639
653 1008
657 927
659 649
671 1833
685 996
687 1575
699 768
703 210
705 1117
708 630
709 1324
710 1379
715 1058
720 51
726 2023
729 1153
734 1411
744 801
746 1525
750 855
754 1412
758 1082
764 475
765 1642
767 1116
772 1029
773 333
775 15
776 1049
784 1546
786 1112
791 787
797 1177
810 821
817 533
824 969
825 1453
826 701
833 1585
849 1813
854 1761
855 1192
857 829
859 1019
860 318
861 1017
865 1618
877 135
885 1605
890 954
901 838
902 437
903 293
906 886
907 710
913 396
917 1363
920 990
921 2199
930 700
934 378
938 1163
941 1073
960 1507
962 328
965 991
970 823
976 1281
984 1372
987 1496
1000 2051
1001 732
1003 1215
1009 136
1026 1425
1029 1838
1034 1408
1036 560
1038 974
1043 1578
1045 1517
1048 340
1049 1315
1052 229
1061 44
1062 1484
1063 1912
1073 617
1080 721
1084 844
1085 824
1086 364
1087 1837
1092 2073
1102 1847
1103 355
1105 1980
1109 586
1123 1625
1124 570
1127 997
1128 1339
1129 449
1137 473
1141 1469
1153 1511
1162 1851
1173 767
1177 616
1182 1951
1187 754
1188 441
1196 1003
1200 1077
1203 370
1206 1434
1207 1011
1210 797
1225 1397
1244 755
1246 934
1253 2152
1256 1391
1274 1456
1279 628
1284 534
1287 239
1288 1900
1291 669
1298 847
1301 1398
1306 813
1309 977
1315 693
1316 394
1320 13
1329 313
1340 1346
1348 1755
1350 1371
1356 424
1360 329
1363 84
1365 1521
1372 1212
1378 2120
1379 499
1380 933
1385 964
1394 740
1395 1014
1398 369
1400 187
1404 1930
1405 993
1415 1480
1423 1522
1427 1375
1429 1533
1444 1545
1446 161
1448 1132
1449 1233
1459 1033
1464 565
1474 1240
1475 139
1483 346
1484 788
1489 2207
1492 1831
1500 1249
1511 175
1514 1126
1517 835
1521 1551
1524 1498
1529 326
1535 66
1538 1529
1539 1148
1544 465
1549 987
1552 1420
1555 156
1565 114
1567 2068
1568 736
1571 1464
1580 1706
1596 1675
1598 1460
1599 1444
1603 1261
1607 347
1608 1341
1609 1313
1618 753
1624 202
1630 941
1632 772
1633 2143
1634 79
1644 1226
1645 1866
1652 640
1654 1230
1659 1036
1660 1145
1664 631
1673 913
1675 1599
1678 445
1683 615
1689 278
1692 1068
1694 627
1702 2149
1703 491
1710 1246
1711 1000
1712 63
1715 1690
1721 539
1724 677
1738 1933
1741 1999
1743 668
1759 201
1763 1170
1773 664
1776 1984
1787 1669
1818 286
1819 168
1827 2055
1828 423
1831 729
1840 1104
1846 818
1850 877
1854 1393
1856 1239
1869 900
1884 1590
1886 1122
1887 587
1892 2214
1906 908
1909 2008
1911 1450
1916 1247
1918 802
1930 952
1931 1195
1938 1263
1941 2090
1950 256
1952 451
1955 601
1967 199
1971 141
1972 343
1979 917
1983 901
1996 1431
2001 1554
2009 1681
2012 1534
2013 935
2021 1543
2026 1405
2035 973
2039 1993
2045 1437
2055 1175
2066 387
2073 975
2081 1777
2090 1338
2094 1684
2095 1544
2104 285
2116 427
2129 972
2130 1740
2138 558
2139 546
2166 49
2178 1200
2191 1829
2192 194
2199 1006
2209 655
2221 1096
2232 1710
2234 611
2235 955
2236 493
2242 1494
2244 177
2245 858
2253 438
2254 453
2255 324
2260 988
2263 397
2264 1219
2271 1216
2275 656
2288 543
2289 2308
2303 1178
2314 746
2320 1964
2325 1067
2340 1910
2345 458
2349 120
2352 2035
2358 1561
2360 219
2370 1050
2378 665
2381 899
2383 242
2385 750
2387 2237
2400 1775
2412 365
2420 153
2427 296
2430 1040
2435 1395
2441 1319
2448 23
2449 1476
2456 1136
2462 1762
2464 205
2467 879
2468 833
2470 811
2477 1179
2490 1366
2492 1723
2496 260
2503 1868
2510 609
2511 1409
2513 1452
2515 881
2517 250
2520 1304
2522 922
2524 392
2528 2163
2551 230
2553 1156
2559 896
2564 804
2568 1270
2572 1892
2581 1034
2583 468
2585 353
2600 1442
2601 1572
2602 2302
2610 712
2618 906
2621 1120
2633 1451
2634 1108
2636 620
2640 1152
2654 1558
2665 1285
2673 2000
2675 904
2684 532
2687 1404
2697 1577
2708 1581
2709 415
2716 1805
2717 597
2727 538
2728 1660
2741 422
2746 310
2749 217
2752 892
2754 498
2778 417
2779 1924
2800 670
2805 840
2809 32
2810 1634
2823 1705
2825 1272
2829 1510
2843 1227
2851 1636
2873 2013
2876 1441
2895 1765
2899 887
2901 280
2916 1191
2927 1241
2953 2205
2957 733
2959 1994
2974 1503
2975 608
2982 910
2987 1466
