f_0082412.png f_0082868.png
8 2783
9 2947
104 2488
126 1408
168 1007
236 1316
325 1307
365 1709
377 1609
404 2217
442 526
449 285
519 2599
745 672
785 964
882 1787
912 37
952 63
968 1840
1129 2483
1137 416
1143 2053
1171 782
1208 2224
1240 1676
1259 1078
1276 2771
1294 66
1325 155
1326 1049
1330 144
1369 734
1394 2759
1424 525
1426 1552
1439 680
1450 2139
1580 2748
1675 2627
1676 1083
1690 1250
1697 813
1714 2659
1742 167
1751 656
1755 1186
1759 2401
1829 1793
1872 1673
1900 1965
1903 2227
1941 670
1973 684
1992 172
1994 48
2009 23
2057 196
2107 2269
2135 2409
2277 1330
2316 1112
2438 956
2489 2360
2505 1199
