f_0082872.png f_0082942.png
31 19
62 35
83 41
167 90
170 220
203 116
230 271
262 57
267 28
302 18
303 69
311 200
317 73
319 77
321 269
345 3
347 254
370 100
380 134
382 171
384 338
392 170
398 169
400 197
413 27
431 184
449 324
459 152
473 187
487 253
500 304
521 403
524 219
527 39
535 305
537 260
538 296
547 195
550 149
555 91
561 375
564 321
567 63
578 280
596 292
601 120
602 180
604 411
607 447
613 498
616 360
621 328
622 330
629 202
642 16
644 128
650 426
651 438
652 475
661 410
662 437
665 510
666 537
667 575
691 480
692 430
713 201
714 194
725 542
733 379
738 94
750 608
754 387
755 570
765 611
770 246
773 724
774 693
783 578
791 268
795 669
808 624
809 625
816 267
820 371
821 522
826 736
830 692
841 423
853 275
854 711
866 685
879 592
886 649
891 445
893 378
899 544
909 610
918 928
932 370
933 616
939 634
944 369
955 922
960 239
963 706
971 752
978 580
983 682
998 778
1011 368
1013 419
1025 810
1026 824
1040 276
1054 710
1061 478
1071 494
1091 483
1105 839
1110 750
1111 794
1120 539
1124 699
1130 595
1145 630
1152 512
1154 728
1156 851
1160 714
1173 746
1181 730
1184 767
1185 815
1191 727
1192 787
1193 792
1201 734
1204 572
1208 801
1216 809
1230 958
1239 830
1244 838
1259 858
1287 818
1288 891
1291 805
1296 886
1297 913
1308 816
1311 995
1331 1052
1337 933
1358 1098
1362 974
1368 829
1373 884
1404 973
1419 876
1426 775
1432 932
1440 1077
1458 1058
1461 781
1466 1247
1470 1008
1474 814
1481 967
1487 1138
1514 1114
1522 1316
1537 1040
1542 1022
1546 1123
1551 1189
1560 1145
1564 1055
1573 1075
1580 1097
1589 1178
1594 1018
1595 1279
1598 1192
1608 856
1618 1146
1622 1353
1638 1363
1639 1359
1640 1117
1646 1462
1657 1238
1663 1297
1674 1225
1686 1231
1688 923
1696 1068
1697 1233
1702 1263
1707 1278
1715 1311
1718 1518
1720 1215
1741 1276
1749 1251
1751 1487
1755 999
1769 1509
1791 1401
1793 1398
1804 1206
1818 1371
1819 1594
1838 1367
1856 1428
1879 1564
1881 1280
1898 1533
1912 1544
1941 1517
1942 1355
1948 1497
1953 1543
1971 1292
1973 1450
1984 1603
1995 1404
2000 1524
2009 1783
2030 1470
2070 1814
2078 1636
2095 1904
2134 1403
2135 1729
2147 1435
2160 1567
2162 1575
2163 1587
2194 1759
2206 1697
2211 1728
2212 1744
2224 1578
2254 1749
2255 1781
2269 1546
2273 1840
2274 1790
2275 1787
2316 1589
2318 1725
2324 1723
2343 1785
2347 2106
2365 1645
2368 1873
2375 1991
2383 1757
2394 1682
2413 1974
2418 1846
2457 1973
2467 2243
2477 2191
2484 2279
2491 2314
2495 2099
2513 2256
2518 2173
2519 2268
2531 2281
2539 2247
2543 2117
2561 2242
2598 2307
2614 2197
2635 2308
2644 2309
2655 2078
2658 2241
2674 2105
2751 2301
2777 2273
2780 2298
2781 2300
