f_0082882.png f_0082858.png
50 268
79 309
134 410
144 443
224 505
267 543
268 742
269 650
276 720
277 634
298 873
344 967
348 835
352 998
375 948
379 949
381 1062
490 1119
492 1005
515 1223
516 1255
524 1240
525 1204
532 1289
534 1148
547 1155
566 1182
570 1215
573 1371
587 1257
599 1422
608 1192
617 1402
620 1382
625 1515
627 1481
633 1273
649 1569
656 1504
660 1574
661 1373
728 1530
738 1861
745 1855
761 1834
763 1890
770 1907
781 1807
782 1760
784 1918
786 1870
790 1678
798 1857
800 1775
803 1985
804 1780
806 1940
807 1792
808 1793
809 1794
811 1803
813 2064
814 2022
820 1948
823 1952
830 1997
832 1938
838 2038
844 2026
853 1974
865 2070
866 2040
869 2074
873 1950
875 1953
877 1920
878 2189
889 2132
894 2059
898 2067
903 1972
909 1951
914 2154
919 2223
920 2079
925 1976
929 2229
930 2163
947 2269
950 2095
955 2343
956 2167
965 2440
968 2258
972 2198
975 2264
980 2430
995 2337
1000 2330
1001 2613
1006 2404
1018 2510
1028 2464
1065 2711
1076 2544
1092 2690
1094 2696
1113 2667
1119 2769
1131 2770
