f_0082958.png f_0082942.png
4 149
22 176
25 202
43 246
44 167
47 123
63 169
64 289
72 275
98 187
101 268
106 247
111 302
114 196
124 382
141 292
161 368
169 374
174 348
184 235
198 477
204 376
230 291
240 419
241 407
251 279
267 286
302 296
314 371
315 363
316 356
321 483
322 463
330 350
331 321
339 520
340 364
342 512
366 395
370 324
378 473
396 383
401 456
403 451
404 556
424 533
436 397
451 466
462 393
485 618
494 522
496 573
497 420
499 702
515 448
521 639
524 640
527 630
531 602
541 428
544 732
546 610
564 507
565 634
591 631
599 582
603 628
615 804
634 611
640 798
646 656
657 682
669 643
670 678
673 620
675 737
687 833
689 688
706 685
707 799
712 738
714 689
720 670
722 767
732 747
736 721
739 772
751 787
759 720
763 874
777 711
795 802
801 912
805 900
833 943
865 785
868 930
885 857
901 779
904 858
905 806
906 797
907 1004
912 843
915 821
919 808
927 811
935 831
963 908
981 878
985 864
991 866
992 962
993 931
997 944
1001 846
1005 1021
1012 881
1019 933
1029 909
1030 872
1034 910
1044 889
1053 914
1056 952
1060 905
1062 1039
1063 1122
1080 1070
1085 1041
1089 957
1098 1143
1102 1113
1107 1162
1112 966
1118 1057
1122 1019
1123 1001
1124 989
1128 1201
1131 1085
1139 990
1144 1086
1151 1170
1157 1011
1160 1134
1162 1206
1170 1010
1173 1176
1175 1132
1176 1034
1178 1012
1180 1077
1182 1218
1183 1186
1185 1171
1187 1146
1190 1035
1197 1030
1198 1177
1201 1199
1202 1114
1211 1165
1212 1149
1220 1026
1223 1104
1228 1115
1230 1044
1232 1226
1236 1255
1237 1188
1243 1130
1244 1078
1247 1209
1253 1063
1261 1233
1262 1138
1263 1067
1278 1252
1281 1238
1291 1200
1303 1125
1306 1136
1319 1179
1324 1192
1328 1263
1333 1300
1335 1332
1339 1310
1341 1266
1346 1234
1350 1202
1353 1213
1354 1182
1355 1187
1357 1278
1375 1282
1383 1244
1387 1235
1389 1339
1390 1214
1395 1311
1414 1297
1419 1258
1428 1343
1429 1275
1436 1259
1438 1279
1446 1404
1448 1392
1454 1323
1455 1315
1460 1395
1463 1344
1482 1401
1492 1329
1493 1353
1496 1340
1501 1363
1504 1428
1510 1377
1514 1369
1515 1422
1518 1324
1522 1450
1523 1448
1530 1394
1532 1424
1548 1444
1583 1479
1584 1476
1595 1492
1604 1502
1607 1471
1608 1443
1633 1472
1637 1523
1641 1532
1655 1499
1694 1536
1702 1543
1717 1542
1732 1540
1735 1600
1743 1482
1749 1588
1760 1661
1767 1602
1782 1616
1786 1613
1791 1586
1793 1587
1796 1620
1803 1693
1810 1638
1811 1640
1815 1637
1817 1531
1840 1611
1847 1615
1851 1714
1858 1658
1866 1614
1874 1751
1892 1741
1906 1742
1910 1732
1923 1735
1937 1738
1945 1711
1954 1660
1959 1677
1968 1797
1970 1734
2005 1763
2006 1759
2008 1784
2014 1798
2019 1773
2022 1806
2023 1781
2028 1819
2029 1820
2036 1906
2047 1847
