f_0082912.png f_0082958.png
30 862
55 1243
140 1797
195 1350
219 1383
270 1951
319 1754
347 1575
350 1647
353 390
374 1278
383 773
407 1970
415 1174
418 1589
493 400
498 1556
531 1638
598 857
614 1159
625 1530
739 1487
778 1617
823 1456
840 1966
850 698
858 819
880 1450
886 1693
897 1108
996 1424
1039 1496
1074 1698
1159 1361
1183 1387
1215 1396
1275 1171
1280 1990
1301 1034
1368 752
1379 453
1396 1143
1405 769
1418 1092
1436 1067
1460 1121
1476 955
1503 1926
1526 739
1585 1508
1647 1482
1674 1611
1692 1548
1697 1072
1712 1189
1751 1419
1797 1550
1808 1386
1832 525
1861 1225
1864 1595
1889 1448
1911 1008
2019 1960
2056 1964
2089 1975
2120 765
2150 1332
2156 1529
2186 411
2218 1379
2249 1248
2348 1543
2512 1954
2535 549
2578 1262
2581 610
2590 1272
2605 477
2627 402
2686 1325
2756 1551
2792 253
2812 1656
2909 835
2910 1997
2936 1732
2946 1180
2953 1251
2969 1351
2987 2011
