f_0082620.png f_0082872.png
160 807
272 952
275 1036
287 1005
311 1093
391 1154
395 1216
472 1057
475 1204
518 964
558 1350
563 1002
593 1459
596 1302
606 1125
625 1355
646 1419
650 1547
670 1509
694 1433
700 1431
701 1462
714 1457
721 1596
733 1526
735 1611
764 1640
801 1267
819 1715
852 1612
883 1785
912 1686
920 1731
930 1823
942 1727
957 1861
979 1646
980 1735
998 1927
1045 1976
1051 1897
1053 1997
1064 1953
1068 1787
1085 2017
1118 2000
1127 2066
1139 2042
1141 2054
1157 2139
1162 2055
1164 2096
1230 1981
1307 2161
1337 2312
1448 2461
