f_0082886.png f_0082872.png
19 27
20 359
22 206
25 76
27 309
29 42
31 82
36 164
40 256
42 207
45 281
47 441
48 395
52 430
57 396
60 344
67 133
69 24
74 201
77 53
78 78
81 505
82 143
85 325
91 65
93 480
108 591
109 259
110 204
113 124
117 247
118 211
122 276
136 642
137 567
142 610
143 170
145 371
148 527
151 670
154 496
155 380
158 587
159 498
164 297
165 723
169 592
175 338
177 233
182 737
186 473
187 483
209 544
210 386
212 292
214 588
215 447
216 285
219 789
223 615
224 519
225 295
235 596
244 673
254 806
258 674
259 621
263 770
266 389
267 996
269 616
270 432
273 864
275 535
277 521
283 902
288 677
290 883
291 757
292 966
294 733
295 678
297 799
304 703
306 488
313 485
315 889
318 692
323 468
327 735
332 706
336 740
343 970
347 730
354 927
356 1151
362 1103
379 663
383 1235
385 635
393 641
398 1071
406 978
407 909
413 1016
415 680
416 939
420 940
421 914
422 886
423 865
428 933
433 753
439 873
441 825
445 1076
462 1378
463 1357
464 1054
465 801
467 1396
470 1030
471 1035
473 1036
474 1042
478 907
480 1043
481 1228
490 1200
492 1371
493 1181
496 1191
497 1182
498 1172
499 1008
503 1104
504 998
506 1201
507 934
508 1229
511 1223
512 1173
517 989
518 882
519 1443
520 1112
523 1413
531 1437
535 823
537 1217
539 990
544 896
548 1485
549 1287
556 1239
559 919
560 920
561 1244
565 1506
569 908
574 950
575 928
577 1486
578 951
579 947
581 1536
582 1279
585 1368
590 1266
591 1296
592 1288
594 1073
597 1298
598 1541
599 1297
601 1038
605 1045
607 1327
608 1587
609 1337
610 1058
611 1526
613 1147
615 1559
616 1387
617 1126
622 1310
623 1218
624 1186
628 1596
630 1362
635 1292
639 1027
641 1269
643 1404
644 1358
647 1588
663 1675
667 1332
675 1276
676 1243
681 1719
687 1654
692 1564
693 1462
695 1250
701 1344
704 1537
708 1464
710 1294
711 1370
716 1631
717 1225
718 1375
720 1487
723 1730
726 1488
728 1755
732 1392
733 1339
736 1427
741 1515
742 1459
744 1472
750 1611
751 1533
752 1264
753 1551
755 1441
758 1640
759 1625
773 1555
778 1354
781 1500
782 1330
788 1442
792 1673
804 1842
805 1697
806 1720
815 1539
816 1748
818 1468
820 1606
824 1561
825 1467
830 1821
831 1702
832 1652
833 1828
834 1622
837 1740
838 1918
845 1641
846 1424
849 1638
853 1645
854 1523
855 1951
856 1681
857 1881
858 1501
864 1534
872 1731
881 1750
898 1710
900 1646
901 2058
904 1942
905 1818
914 1758
915 1994
917 1900
920 1600
928 1549
929 1972
930 1844
937 1871
940 1786
943 1733
944 1943
947 1687
949 1602
954 1863
955 1718
957 1669
960 1962
962 1769
972 1957
973 2010
976 1765
977 2020
980 2084
984 2062
986 1958
987 1849
988 1834
991 1729
997 1898
1001 1963
1003 1725
1004 1899
1005 1920
1006 1766
1010 1921
1011 1835
1014 1939
1018 2120
1019 1850
1027 1961
1030 2253
1033 1997
1034 2036
1035 2024
1036 1983
1037 1875
1039 1882
1041 1872
1043 1964
1044 2162
1045 2037
1047 1954
1048 2269
1051 1984
1052 2043
1055 2053
1056 2011
1058 2292
1060 2197
1062 2044
1068 2032
1072 2124
1073 2028
1075 2055
1076 1854
1079 2125
1081 2092
1082 2078
1085 2225
1089 2185
1092 1959
1095 2228
1099 2079
1108 2129
1109 2150
1110 2101
1114 2321
1123 2206
1125 2171
1127 2205
1132 2179
1137 2004
1140 2277
1143 2365
1149 2279
1151 2140
1154 2130
1165 2255
1171 2156
1174 2290
1186 2127
1192 2180
1193 2372
1212 2430
1213 2273
1214 2220
1215 2181
1217 2439
1218 2262
1220 2425
1224 2401
1225 2143
1230 2165
1237 2381
1241 2474
1242 2450
1245 2373
1252 2187
1260 2266
1270 2500
1274 2509
1275 2486
1280 2250
1283 2287
1284 2313
1287 2209
1300 2413
1305 2445
1307 2517
1308 2376
1309 2276
1315 2482
1324 2280
1336 2433
1350 2578
1357 2451
1363 2507
1365 2564
1377 2393
1378 2362
1382 2348
1385 2689
1388 2656
1391 2477
1396 2421
1399 2621
1402 2614
1404 2586
1411 2680
1415 2441
1418 2627
1419 2622
1424 2384
1425 2587
1430 2597
1433 2565
1436 2593
1439 2494
1440 2658
1442 2669
1459 2569
1462 2506
1465 2522
1466 2628
1472 2692
1476 2463
1483 2557
1486 2667
1496 2707
1501 2723
1504 2617
1508 2558
1512 2690
1515 2511
1518 2618
1523 2708
1526 2632
1529 2499
1532 2782
1533 2754
1534 2671
1549 2633
1556 2713
1570 2771
1577 2574
1579 2665
1582 2619
1588 2721
1590 2629
1592 2731
1600 2624
1606 2746
1607 2716
1616 2765
1627 2763
1637 2739
1640 2719
1694 2722
1696 2732
1709 2770
1714 2733
1719 2711
1749 2758
1753 2761
