f_0082702.png f_0082724.png
7 237
100 229
104 57
107 199
110 221
113 107
116 17
118 159
138 318
152 341
155 19
156 92
172 173
181 190
193 351
195 191
196 93
197 77
202 11
215 287
216 39
217 34
223 293
225 52
226 310
227 222
228 146
230 166
231 20
238 398
240 411
241 390
254 209
256 53
260 192
262 157
270 101
278 257
285 49
288 545
296 434
300 528
302 248
303 510
309 242
323 403
324 342
328 580
331 60
339 238
344 420
348 486
354 361
361 617
365 243
370 531
375 6
377 61
379 202
385 513
388 546
389 391
391 650
402 154
408 347
410 468
421 469
430 693
433 23
441 482
447 611
449 251
451 681
455 588
466 724
470 378
478 710
485 444
492 589
496 593
497 487
505 604
508 148
512 605
516 768
517 739
523 331
526 354
539 96
540 802
541 556
542 744
543 294
546 633
554 612
558 265
563 760
564 637
566 332
567 520
568 425
570 414
576 533
581 462
582 835
583 788
585 357
592 877
594 594
599 824
601 193
606 651
612 322
615 348
617 15
620 426
628 659
636 750
638 697
644 421
648 923
661 41
663 596
665 511
667 406
668 376
678 43
693 418
697 447
698 372
700 163
701 969
709 282
714 42
717 931
718 737
726 689
731 169
737 613
742 769
751 436
756 183
763 934
768 986
770 598
779 255
784 662
795 675
796 643
802 453
808 504
815 478
816 424
817 959
818 647
824 745
830 303
833 296
834 298
843 284
847 506
848 419
851 575
852 223
857 638
858 606
860 184
877 590
878 234
879 1027
882 236
884 735
887 911
890 929
891 1013
892 973
905 1034
909 558
910 364
918 349
924 565
934 1032
943 490
952 272
958 663
960 787
961 503
963 715
966 299
973 699
975 1082
978 878
979 736
980 932
993 754
995 1105
999 319
1007 648
1008 571
1010 784
1013 1017
1014 847
1015 519
1018 1117
1019 725
1021 746
1030 1110
1033 603
1035 562
1036 635
1039 751
1040 383
1041 879
1046 381
1050 367
1052 1042
1054 382
1055 356
1069 608
1070 830
1071 683
1073 1050
1082 794
1083 740
1093 578
1095 795
1097 636
1099 803
1100 405
1105 1178
1107 716
1108 628
1112 1246
1113 1126
1116 1325
1119 700
1125 771
1126 644
1127 384
1128 1292
1147 859
1148 789
1152 1084
1155 936
1156 956
1160 1381
1161 1286
1162 955
1163 880
1164 797
1166 812
1167 719
1168 1038
1170 610
1176 1281
1177 499
1179 807
1180 881
1182 1075
1184 1285
1199 785
1201 485
1204 860
1208 664
1210 1217
1214 1402
1218 883
1219 1192
1221 805
1231 1357
1234 772
1242 480
1244 821
1246 916
1250 920
1252 563
1254 930
1257 981
1259 861
1262 970
1264 1118
1277 673
1294 1345
1303 1254
1304 912
1305 1426
1306 1099
1308 1230
1314 641
1317 962
1318 692
1322 1323
1327 1395
1330 1159
1336 1196
1341 749
1343 1143
1346 1076
1352 1030
1354 1033
1356 837
1366 1000
1379 1155
1386 767
1388 1239
1394 1052
1396 1735
1401 774
1404 1298
1407 1331
1408 1287
1410 979
1415 1383
1422 1350
1424 1300
1425 1294
1428 1531
1429 1089
1430 1430
1437 827
1443 1433
1449 1484
1454 1290
1462 910
1468 1425
1472 1635
1473 1392
1490 1260
1530 1003
1548 1109
1573 1263
1577 1091
1582 1004
1616 1206
1636 1062
