f_0082926.png f_0082952.png
7 151
8 153
11 215
19 183
25 27
28 81
30 240
34 41
37 157
54 332
63 67
72 210
75 121
84 297
90 40
93 168
113 229
116 65
123 155
127 219
133 420
134 459
138 400
140 378
152 250
154 413
159 66
162 99
163 100
168 280
169 379
180 239
193 273
198 6
200 107
202 290
208 3
209 119
213 393
218 275
224 213
225 295
226 423
229 177
232 5
236 489
238 212
240 431
244 52
245 458
248 539
252 25
253 4
254 294
258 98
260 247
261 559
263 84
275 208
279 635
284 510
288 323
299 443
305 676
306 211
316 200
317 419
320 59
323 430
327 644
331 172
333 442
339 698
343 338
344 353
348 574
353 429
354 441
356 455
357 445
363 571
366 260
369 357
370 532
376 596
377 118
382 83
383 364
384 592
385 638
390 390
395 655
396 199
399 452
402 705
405 526
407 140
412 336
420 313
423 537
428 335
430 675
431 668
435 578
437 234
440 243
450 643
453 198
454 150
461 519
466 549
471 678
472 595
475 278
477 453
482 299
483 686
485 719
486 806
491 518
495 739
496 724
498 293
501 517
502 556
509 715
514 761
518 718
519 755
521 818
527 660
528 786
530 569
532 703
534 701
536 717
537 777
538 322
543 837
545 484
547 754
548 781
555 738
556 401
560 823
565 464
571 406
572 543
575 759
577 873
583 373
584 752
587 627
595 637
597 731
598 776
604 498
605 620
606 681
607 831
610 789
611 832
614 842
619 416
621 784
622 845
626 561
628 782
630 946
640 475
641 554
646 610
648 810
649 797
650 524
651 871
652 887
653 490
656 870
659 812
660 891
666 531
668 834
669 942
673 869
676 796
677 901
681 615
684 976
686 600
687 930
690 530
692 692
694 813
698 609
699 938
700 965
709 854
710 945
713 952
726 990
731 721
734 1048
737 580
738 664
742 700
744 730
751 918
757 625
759 1036
762 741
764 885
767 986
768 1026
769 688
770 725
772 770
773 791
775 1016
783 647
784 699
785 895
787 955
790 624
791 743
794 904
796 997
798 608
799 710
806 769
807 1104
808 749
819 959
821 808
824 1084
825 658
828 1089
833 910
836 1151
838 926
840 1033
841 1088
843 996
844 1018
854 925
855 1092
856 1120
858 1081
863 944
864 1158
869 1118
870 1136
871 1137
872 960
875 974
876 1007
880 1105
889 984
895 1172
896 1177
898 1000
900 801
901 829
902 807
903 1108
905 1129
911 851
913 1025
914 826
916 1123
924 1103
927 1253
933 1240
934 838
936 1090
942 969
943 1031
946 1183
948 892
952 931
955 1128
961 1078
967 1154
968 1266
976 1115
980 1098
982 1171
988 1321
989 1322
991 1265
992 1290
993 1386
995 909
996 917
1004 1065
1005 1097
1006 1191
1013 1301
1018 972
1019 1195
1025 1205
1026 1264
1039 1272
1040 1346
1054 1360
1056 948
1057 1239
1058 1326
1062 998
1064 1061
1065 1250
1070 1043
1071 1465
1077 1214
1078 1274
1079 1361
1085 1416
1088 1359
1096 1300
1099 1293
1101 1375
1104 1430
1106 1513
1107 1039
1110 1096
1115 1452
1119 1410
1120 1582
1124 1431
1126 1324
1133 1127
1135 1146
1137 1319
1138 1470
1142 1076
1147 1448
1154 1200
1155 1354
1160 1174
1161 1534
1170 1337
1171 1458
1177 1130
1179 1497
1181 1126
1185 1152
1190 1477
1194 1260
1195 1299
1196 1512
1198 1122
1199 1209
1202 1397
1203 1489
1210 1318
1212 1500
1216 1414
1220 1268
1223 1442
1224 1476
1232 1305
1236 1381
1239 1184
1244 1432
1246 1199
1247 1492
1249 1280
1250 1401
1258 1243
1266 1409
1269 1456
1270 1413
1272 1491
1273 1550
1274 1525
1276 1579
1277 1584
1279 1609
1282 1370
1285 1329
1286 1277
1289 1445
1290 1595
1292 1551
1293 1558
1296 1535
1297 1608
1303 1284
1306 1394
1307 1496
1308 1481
1315 1570
1322 1548
1323 1644
1324 1637
1325 1439
1327 1627
1328 1600
1336 1357
1343 1606
1346 1474
1347 1510
1349 1622
1351 1561
1366 1487
1367 1521
1368 1517
1371 1314
1375 1455
1377 1588
1385 1438
1392 1769
1399 1444
1406 1468
1409 1400
1410 1626
1419 1427
1422 1654
1424 1516
1428 1710
1430 1423
1436 1499
1437 1656
1438 1693
1446 1537
1452 1669
1453 1780
1458 1670
1459 1466
1461 1536
1463 1460
1466 1479
1469 1826
1478 1620
1483 1760
1490 1586
1491 1709
1495 1529
1500 1574
1504 1604
1509 1549
1512 1546
1515 1706
1518 1883
1521 1641
1522 1659
1526 1735
1529 1543
1533 1597
1537 1849
1541 1619
1546 1649
1547 1763
1550 1908
1558 1618
1559 1831
1576 1665
1577 1716
1578 1847
1582 1880
1583 1863
1598 1702
1599 1862
1600 1673
1606 1715
1615 1876
1624 1766
1631 1894
1632 1684
1636 1697
1641 1718
1648 1740
1653 1744
1660 1927
1662 1787
1665 1909
1670 1920
1674 1808
1675 1809
1683 1931
1690 1814
1691 1825
1693 2003
1694 1923
1716 1893
1717 1953
1719 1754
1725 1938
1731 1823
1733 1836
1734 1871
1736 1934
1738 1971
1739 1835
1743 1887
1746 2037
1750 1918
1759 2043
1762 2080
1763 2077
1787 1905
1791 2008
1799 2174
1804 1922
1810 2099
1812 2031
1814 1925
1818 1951
1821 1940
1822 1956
1823 1987
1828 1945
1832 1984
1844 2358
1848 1985
1865 2048
1870 2024
1873 2314
1876 2057
1885 2116
1899 2144
1904 2084
1907 2101
1915 2071
1917 2089
1926 1991
1935 2168
1936 2282
1942 1958
1959 2029
1971 2294
1993 2322
2001 2328
2006 2055
2007 2327
2013 2312
2015 2100
2025 2337
2027 2345
2050 2457
2061 2241
2074 2344
2083 2199
2086 2179
2090 2477
2092 2221
2098 2193
2120 2348
2152 2400
2153 2283
2173 2585
2175 2246
2176 2253
2184 2362
2186 2520
2208 2292
2213 2421
2225 2302
2234 2404
2263 2309
2271 2317
2291 2352
2334 2524
2339 2578
2368 2580
2388 2560
2416 2581
2421 2482
2476 2575
2496 2557
2525 2566
