f_0082882.png f_0082670.png
88 2
92 64
112 5
115 6
120 22
132 9
137 84
142 29
145 85
151 94
153 66
158 89
166 113
168 77
172 187
179 148
184 141
186 167
188 183
190 186
197 169
199 193
200 180
201 194
208 217
214 215
219 232
224 237
225 225
226 240
230 216
232 254
234 212
238 359
240 257
246 255
249 251
252 275
254 283
255 270
282 332
283 307
287 363
296 499
297 376
310 396
314 581
325 436
326 568
330 420
333 497
335 615
338 453
342 598
348 517
351 461
355 537
356 460
357 449
365 462
367 495
369 504
370 682
372 490
374 573
375 567
382 674
383 520
385 563
386 525
388 564
392 552
394 586
399 507
402 746
408 594
410 624
413 778
414 629
436 627
441 694
443 827
445 645
462 695
464 661
472 800
486 756
487 874
492 751
496 887
516 822
518 835
523 915
527 923
542 849
544 977
545 954
551 916
552 893
554 859
556 777
559 863
561 880
563 877
573 903
579 961
582 938
585 960
595 897
596 1000
601 989
603 967
605 925
609 953
612 1009
615 941
617 991
618 864
625 1011
626 900
627 1002
629 1033
632 1012
633 873
638 1019
639 998
642 1051
643 1030
646 1142
647 1052
659 904
661 942
674 1138
675 1337
678 1119
682 1109
688 1329
701 1125
716 1198
723 1203
726 1222
730 1107
735 1209
742 1347
744 1248
753 1260
755 1280
764 1308
770 1520
777 1351
780 1390
786 1323
815 1548
825 1360
834 1517
848 1588
905 1755
927 1685
928 1800
951 1848
973 1840
985 1651
1011 1737
1044 1819
