f_0082926.png f_0082670.png
23 163
44 89
49 338
64 174
72 91
87 198
91 204
105 210
113 150
116 244
117 112
126 316
128 344
136 140
138 135
140 59
142 498
146 317
148 113
159 259
162 309
170 124
176 529
192 348
199 390
201 324
202 148
216 547
217 370
218 219
222 499
223 412
226 136
233 401
234 352
235 190
238 278
242 580
255 151
259 345
260 260
265 293
267 127
271 180
275 322
280 500
293 391
297 211
302 365
306 384
312 463
315 7
316 434
322 214
332 287
337 42
342 445
343 340
345 311
346 199
350 109
357 239
372 67
373 52
381 665
385 168
391 297
411 577
416 446
419 639
420 423
426 706
428 418
432 542
435 241
437 628
456 532
457 361
459 595
473 553
480 275
482 543
493 496
498 666
500 494
504 641
505 560
506 473
509 255
531 289
540 458
550 335
561 682
565 535
568 290
570 714
583 688
585 318
594 479
603 548
605 474
609 803
614 332
615 770
617 568
625 619
636 356
638 769
640 633
641 550
644 366
645 696
648 371
656 375
657 772
660 367
663 809
665 746
666 634
671 615
687 392
698 606
710 406
713 396
718 497
720 721
725 410
731 516
747 658
751 438
757 697
760 743
770 609
775 444
825 776
827 489
833 561
834 517
841 490
845 510
851 722
855 486
860 816
865 699
871 514
883 536
885 563
890 909
891 804
893 713
911 754
929 702
930 883
931 865
934 874
939 564
940 771
948 810
960 786
986 837
993 515
996 833
1012 681
1016 1079
1018 829
1032 984
1037 1015
1049 671
1059 898
1060 812
1070 884
1074 1139
1075 891
1094 763
1097 537
1122 839
1132 919
1142 949
1144 887
1177 930
1181 957
1185 922
1199 895
1206 964
1217 923
1220 834
1231 1242
1246 958
1254 993
1255 933
1257 979
1282 849
1284 1171
1294 1028
1304 844
1314 974
1317 1290
1336 951
1346 880
1347 867
1348 774
1354 885
1355 879
1357 1243
1364 893
1365 888
1366 903
1371 1055
1385 934
1386 785
1389 906
1399 938
1400 945
1402 859
1406 966
1412 970
1419 1103
1423 981
1426 824
1431 925
1439 1117
1443 1011
1446 961
1455 1009
1457 876
1471 1176
1473 825
1490 987
1495 1077
1498 935
1500 1030
1504 1005
1514 955
1529 1137
1530 1118
1536 1095
1541 1049
1552 1379
1558 1073
1561 1330
1576 1053
1578 952
1599 972
1607 1478
1610 1115
1614 1031
1630 1089
1631 1003
1639 985
1648 1108
1665 1052
1669 1143
1682 1331
1690 1153
1694 1076
1703 1211
1714 1129
1715 1097
1717 1110
1732 1196
1733 1174
1735 1130
1744 1367
1749 1209
1750 1125
1758 1148
1764 1144
1770 1168
1774 1182
1788 1286
1791 1197
1810 1154
1812 1159
1823 1218
1835 1198
1847 1272
1850 1219
1865 1324
1870 1356
1875 1553
1886 1303
1909 1308
1929 1317
1941 1692
1943 1616
1985 1758
1987 1432
1993 1405
2008 1416
2026 1498
2027 1384
2057 1688
2070 1713
2088 1573
2115 1581
2147 1741
2190 1689
2226 1701
2264 1667
2296 1835
2323 1445
2331 1715
2339 1636
2411 1871
2431 1734
2437 1728
2440 1745
2442 1808
2451 1768
2458 1762
2483 1790
2489 1781
2518 1818
2547 1792
2557 1706
2601 1866
2627 1875
2710 1918
