f_0082858.png f_0082876.png
139 37
285 122
484 117
486 195
558 248
571 194
584 222
586 188
627 174
632 129
673 172
683 295
697 255
748 307
790 383
816 438
850 501
854 439
893 440
917 462
925 672
959 526
963 494
982 838
984 627
999 479
1094 792
1112 837
1113 676
1126 789
1148 796
1156 927
1174 852
1197 708
1221 907
1262 894
1318 1087
1338 831
1345 946
1442 1078
1492 966
1514 959
1567 1007
1569 1022
1574 1092
1575 1060
1593 1166
1596 1150
1599 1236
1625 1169
1680 1187
1681 1177
1690 1297
1698 1089
1700 1270
1708 1379
1720 1242
1742 1287
1798 1340
1840 1244
1846 1323
1847 1347
1849 1274
1851 1427
1857 1321
1863 1296
1864 1435
1888 1367
1899 1413
1914 1338
1938 1382
1940 1358
1952 1377
1954 1405
1956 1434
1962 1418
1972 1433
2060 1443
2061 1469
2062 1490
2095 1519
2102 1458
2117 1391
2135 1503
2139 1396
2166 1509
2196 1486
2197 1529
2215 1541
2241 1500
2248 1538
2253 1502
2273 1466
2283 1547
2288 1461
2290 1474
2315 1600
2327 1623
2419 1513
2452 1599
2488 1568
2534 1530
2570 1668
2600 1596
2608 1641
2619 1602
2633 1705
2722 1734
2802 1690
2811 1684
2856 1721
