f_0082882.png f_0082942.png
2 4
36 30
40 40
41 93
66 7
67 29
76 75
80 146
81 226
84 74
88 14
89 73
92 3
96 244
101 68
103 270
112 100
115 101
120 170
127 177
131 17
145 152
148 149
151 187
171 12
172 49
175 33
176 260
177 296
179 321
191 327
193 256
194 96
196 291
199 360
201 415
204 498
213 356
214 425
217 136
220 410
223 379
225 480
226 468
229 424
232 387
240 509
246 487
247 126
251 550
254 453
257 563
258 579
261 326
263 451
266 624
270 473
276 378
277 555
281 370
287 685
294 627
303 533
309 463
311 659
322 382
324 682
326 508
327 548
336 703
342 512
348 710
349 926
352 572
353 406
362 640
363 831
374 714
376 852
377 716
378 727
379 746
385 862
387 734
388 914
391 801
394 787
395 809
401 571
409 830
411 954
413 697
414 957
416 870
421 891
423 614
437 1220
471 1273
472 861
476 883
478 1131
488 956
489 962
498 1104
499 1023
500 1087
503 1033
507 900
508 1058
519 1048
533 1179
536 1018
538 1123
541 943
550 961
551 1095
573 1165
579 1168
586 1334
596 1176
599 1297
603 1191
605 1234
612 1199
616 1152
617 1387
619 1377
628 1311
631 1373
636 1250
641 1405
644 1393
649 1293
650 1348
655 1308
658 1503
670 1495
671 1460
676 1386
683 1366
684 1531
685 1422
686 1484
689 1357
693 1433
696 1498
708 1564
711 1410
722 1454
733 1440
738 1429
740 1598
744 1557
752 1492
761 1532
762 1506
764 1605
770 1521
771 1783
772 1600
778 1588
780 1681
787 1591
792 1711
803 1561
806 1615
810 1824
815 1583
818 1618
820 1655
823 1759
830 1629
834 1680
838 1617
839 1671
841 1744
844 1702
846 1686
847 1634
849 1589
853 1782
855 1708
856 1719
864 1957
865 1733
866 1739
867 1707
869 1746
872 1767
877 1961
878 1666
879 1662
886 1724
890 1647
903 2244
905 1690
907 1910
921 1712
922 1793
933 1964
938 1788
941 1948
942 2052
952 1936
964 1967
971 2005
973 2020
980 2148
983 2174
986 2230
999 2093
1013 2070
1049 2156
1064 2202
1069 2299
