f_0082924.png f_0082620.png
56 18
87 45
141 96
167 52
181 83
221 164
231 192
312 60
346 323
381 54
393 234
394 108
395 57
413 76
429 314
432 269
470 341
475 169
481 36
482 182
492 360
507 357
516 197
521 434
524 405
529 358
531 75
544 374
546 320
547 309
559 245
565 92
581 361
597 411
608 175
613 491
622 161
625 448
631 482
656 431
660 400
661 289
664 622
677 406
680 575
687 403
692 521
696 532
699 227
700 452
701 266
709 586
710 475
719 249
720 236
721 252
732 306
737 522
738 417
749 401
756 652
768 285
769 424
770 382
778 378
784 307
807 392
810 305
815 328
816 743
819 553
820 402
822 748
832 525
851 621
855 384
856 418
865 587
872 388
920 686
925 818
931 634
934 453
950 640
954 457
977 549
979 504
983 476
1003 497
1015 478
1019 932
1020 789
1021 737
1023 616
1035 516
1042 429
1054 560
1060 512
1068 672
1075 829
1086 617
1098 803
1115 547
1122 904
1124 567
1140 706
1146 705
1157 918
1158 930
1174 808
1181 812
1182 698
1185 961
1202 1034
1208 643
1231 701
1241 899
1252 771
1257 655
1279 1072
1284 906
1294 690
1297 804
1312 1122
1347 1023
1354 940
1416 852
1422 845
1437 984
1443 1038
1470 1011
1471 1050
1474 1106
1485 1042
1514 896
1516 1040
1525 926
1540 980
1548 945
1572 1001
1578 959
1593 970
1679 1052
1715 1204
1720 1077
1744 1223
1754 1139
1759 1381
1771 1249
1786 1318
1788 1161
1822 1172
1832 1174
1881 1314
1892 1687
1931 1597
1934 1667
2025 1483
2027 1676
2046 1590
2053 1646
2058 1586
2117 1665
2126 1601
