f_0082702.png f_0082942.png
45 30
58 90
86 7
127 162
134 73
140 100
145 200
150 2
151 142
155 130
157 88
166 129
171 39
175 115
177 188
183 152
197 187
215 66
231 304
234 303
254 242
263 277
315 468
324 201
331 474
333 387
339 414
344 157
348 132
350 582
354 230
359 363
362 218
363 268
364 337
366 466
370 136
375 611
401 627
402 607
407 205
410 275
411 592
412 649
416 567
432 369
442 370
455 233
469 533
474 560
482 464
484 126
487 113
488 655
492 355
506 376
519 797
524 844
525 463
531 386
541 548
546 373
547 737
551 865
564 483
567 654
569 728
572 768
574 868
577 771
581 727
584 734
586 879
598 207
608 922
610 342
612 887
616 422
627 891
632 886
637 857
642 934
644 890
645 913
652 434
667 931
668 933
670 957
673 1001
688 713
699 983
708 963
711 1066
712 1009
718 776
719 932
721 652
725 477
755 653
759 1159
763 547
765 845
766 362
767 956
769 861
770 1043
774 1076
783 702
785 1130
788 1138
792 471
796 1022
797 1172
799 1007
800 1123
818 1097
825 1236
827 1021
829 1149
832 1202
836 1134
855 929
857 1148
862 1165
863 1188
866 1074
870 1163
875 1113
876 1117
881 1234
895 1059
911 684
912 1297
913 1378
918 1370
922 1233
926 1177
936 1186
937 1199
950 961
951 1215
970 1068
971 1257
975 855
982 1318
992 1250
996 978
1006 1143
1010 1401
1018 923
1020 1368
1031 1386
1034 1474
1048 1428
1049 1424
1053 1400
1076 1201
1077 1437
1094 1452
1096 1498
1098 1469
1099 1477
1110 1471
1124 1523
1125 1525
1137 1237
1140 1517
1146 1497
1155 1486
1156 1449
1162 1448
1163 1530
1164 1545
1166 1543
1179 1557
1181 1542
1204 1592
1205 1260
1212 1593
1218 1605
1219 1338
1223 1554
1234 1660
1235 1429
1243 1389
1246 1620
1248 1540
1250 1637
1254 1636
1265 1570
1277 1821
1282 1491
1283 1494
1291 1676
1293 1681
1297 1721
1304 1711
1311 1632
1319 1720
1334 1548
1380 1866
1403 1988
1423 2084
1424 1800
1430 1771
1433 1797
1439 1974
1468 2023
1470 2035
1473 2099
1482 2270
1483 2220
1490 2287
1521 2071
1525 2125
1528 2285
1561 2245
1567 2179
1689 2186
