f_0082702.png f_0082918.png
99 2102
135 1527
155 1877
159 2934
167 178
178 1252
183 440
196 1134
197 2099
207 1083
209 1745
211 2682
217 184
224 2078
225 92
227 193
229 479
230 2912
231 338
232 2519
234 1818
246 54
247 1456
254 1388
256 860
259 1161
260 31
262 27
263 400
273 73
276 1530
278 59
286 2253
288 1779
295 2566
296 1323
298 413
302 314
304 380
305 1519
309 66
311 2033
312 158
315 1986
321 236
324 1759
325 1784
332 1286
333 2066
336 1124
339 48
345 2514
349 196
353 1560
357 1693
358 1612
359 81
374 64
375 2234
377 2288
383 2230
384 2148
390 769
396 2052
400 1339
401 2223
410 725
412 1758
413 17
417 748
420 465
423 2505
424 2326
432 2346
439 1634
440 1891
458 2112
459 1578
463 908
469 919
470 2978
471 2373
476 2880
477 1080
481 1507
483 2693
485 817
491 336
492 1964
496 600
498 886
512 1103
518 2613
520 2976
521 1881
525 1263
526 1704
540 203
543 1958
547 508
551 1437
554 1685
558 257
560 2413
567 2627
568 1221
569 645
570 1667
572 699
576 1652
577 1145
578 1983
594 1919
595 2224
601 1979
602 1912
606 647
610 23
615 901
621 1383
622 972
623 910
624 1273
625 2204
626 1357
628 1125
629 550
632 2293
637 1522
638 788
644 1050
645 1673
646 375
649 1267
652 318
653 561
654 807
673 13
697 2101
698 772
702 1132
707 857
708 304
717 1728
720 274
725 1159
727 2730
735 2936
738 915
741 404
742 1233
759 2927
761 1534
764 1410
765 360
769 2212
770 1949
775 230
792 2111
793 2789
794 415
796 266
805 2397
818 2474
823 2430
827 929
828 115
834 887
836 643
842 2852
847 2271
850 1869
856 2115
865 1929
869 487
876 705
880 1488
881 2105
885 1969
890 573
893 2580
901 2483
904 636
908 592
916 1583
923 2479
925 1282
936 1010
939 734
942 2197
945 1089
946 2460
963 587
972 2280
973 1910
974 866
979 306
994 187
1007 2298
1008 722
1013 2705
1014 2098
1016 1189
1020 2421
1022 2261
1023 825
1032 1034
1043 79
1044 1598
1046 2985
1048 2592
1053 157
1059 2750
1062 188
1066 528
1067 2600
1068 1775
1076 320
1077 2045
1078 1062
1083 2108
1086 1755
1093 1184
1094 2513
1095 1701
1096 1524
1097 2974
1107 1153
1108 947
1114 2929
1119 2761
1124 2836
1126 2323
1133 1186
1141 630
1144 2942
1148 1429
1154 2820
1164 1444
1165 2534
1167 2898
1169 1047
1180 1169
1189 971
1191 733
1199 2768
1202 2001
1204 683
1210 931
1212 2813
1216 1156
1221 2238
1224 2857
1234 1642
1244 397
1245 660
1259 534
1260 2498
1263 1094
1273 2009
1284 960
1293 1251
1297 240
1313 2995
1338 1029
1345 350
1349 2321
1355 1726
1363 112
1365 603
1368 2120
1380 1645
1385 2984
1394 427
1403 2909
1431 686
1434 569
1483 439
1504 351
1536 2549
1544 586
1556 343
1564 2599
1598 2889
