f_0082886.png f_0082942.png
35 3
38 8
45 2
58 14
77 117
99 72
100 106
121 74
122 75
156 137
170 149
175 200
182 11
183 145
185 56
186 187
188 197
210 324
233 256
263 246
279 350
295 486
301 438
302 441
312 302
317 524
343 323
345 487
347 563
348 579
368 355
370 369
390 463
405 629
407 610
416 634
420 659
421 656
427 647
429 648
431 400
438 462
444 538
454 443
457 577
466 703
470 738
472 558
478 745
482 744
493 730
500 785
503 788
511 734
512 746
523 679
528 638
530 660
537 815
538 842
552 852
556 841
568 742
582 870
591 886
592 891
593 881
596 729
599 913
607 908
608 749
612 931
624 969
640 774
643 941
644 1029
645 783
650 895
651 1008
660 812
667 1050
673 856
680 855
692 1007
693 1057
694 1077
699 918
700 1124
704 1022
708 1104
720 1138
729 1018
741 1179
743 1232
744 1172
747 1096
751 1202
759 1095
760 947
763 1149
766 948
768 1148
772 1171
773 1258
775 1164
793 1084
803 1279
804 1080
806 1199
819 1315
830 1162
837 1250
845 1358
849 1363
856 1312
857 1201
869 1230
879 1380
881 1319
882 1393
886 1265
887 1394
889 1373
894 1339
899 1405
912 1402
916 1332
918 1392
930 1408
937 1400
939 1291
940 1460
943 1482
958 1389
959 1484
960 1417
962 1509
965 1379
971 1448
980 1416
987 1555
990 1469
994 1552
997 1525
1001 1486
1005 1533
1007 1466
1010 1598
1013 1557
1014 1545
1016 1491
1040 1614
1044 1534
1046 1582
1050 1505
1051 1603
1059 1520
1074 1587
1078 1599
1105 1776
1111 1721
1116 1601
1119 1626
1127 1697
1133 1607
1134 1728
1138 1595
1144 1596
1153 1811
1159 1709
1163 1633
1167 1749
1171 1838
1174 1707
1186 1904
1201 1668
1204 1774
1207 1780
1215 1940
1229 1856
1230 2004
1248 1910
1250 2045
1260 2084
1280 2090
1295 2208
1300 1995
1311 1951
1358 1959
1381 2103
1395 2169
1437 2308
1447 2209
1454 2305
