f_0082872.png f_0082670.png
344 21
353 17
365 10
369 1
382 23
389 30
392 22
394 71
401 29
405 49
406 51
409 63
416 83
417 76
429 39
436 57
448 69
449 24
451 98
459 85
464 88
466 73
467 61
472 119
473 94
477 81
478 59
480 118
481 99
483 89
485 93
489 128
490 91
501 67
507 70
508 102
515 103
519 107
523 153
529 132
533 158
537 140
542 173
546 152
547 147
551 143
554 170
555 165
556 150
561 161
563 156
567 181
568 166
577 213
581 218
585 168
587 182
588 183
593 203
597 155
602 207
603 180
605 116
606 192
625 228
628 198
629 210
631 194
637 206
639 216
642 258
645 208
648 214
651 205
653 238
656 211
658 212
659 190
665 200
678 217
679 223
684 291
696 271
699 279
701 278
702 260
704 232
706 241
711 277
712 285
713 282
715 254
723 288
726 292
730 262
732 309
740 255
747 316
749 275
752 263
753 319
759 306
762 324
765 281
768 370
770 339
772 352
775 348
776 346
777 305
778 289
782 345
788 381
792 299
794 347
799 327
802 301
805 403
807 362
809 335
814 389
816 384
832 408
836 393
842 361
843 366
846 373
865 363
867 380
869 377
875 396
882 411
885 434
886 386
890 418
891 385
892 425
912 421
913 409
914 402
919 430
926 470
927 442
940 416
945 428
946 459
947 431
950 440
956 460
961 477
963 439
964 429
967 482
969 461
970 463
972 424
973 448
976 444
984 493
987 529
989 452
997 438
1000 532
1001 496
1005 479
1014 549
1021 538
1022 543
1031 471
1041 533
1045 506
1048 560
1055 486
1062 503
1063 514
1064 515
1065 520
1066 584
1071 548
1078 526
1079 501
1080 510
1087 550
1097 497
1107 572
1119 637
1132 576
1134 606
1144 579
1147 594
1152 630
1159 619
1165 604
1168 567
1171 634
1184 569
1191 603
1192 571
1193 562
1201 612
1204 633
1206 586
1216 600
1219 651
1230 629
1232 625
1241 644
1243 650
1250 590
1269 635
1292 705
1293 678
1302 649
1317 699
1318 621
1319 722
1328 761
1333 724
1366 782
1375 730
1387 740
1390 752
1392 751
1398 748
1402 759
1406 780
1409 723
1416 796
1417 777
1425 804
1427 767
1435 794
1441 799
1442 792
1444 816
1462 765
1465 755
1467 818
1475 800
1480 783
1486 883
1489 785
1498 819
1504 853
1510 836
1513 892
1523 881
1525 865
1535 833
1540 900
1555 830
1558 947
1575 832
1581 852
1593 922
1595 868
1622 912
1634 976
1638 929
1644 1080
1645 953
1671 993
1676 1029
1677 1016
1679 952
1684 1139
1689 1124
1694 1113
1702 1030
1724 1141
1729 1086
1732 985
1738 1017
1758 1033
1768 1156
1778 1032
1787 1123
1824 1165
1827 1162
1829 1110
1834 1186
1837 1210
1850 1161
1865 1122
1866 1151
1870 1191
1886 1217
1912 1194
1964 1281
1976 1298
1982 1331
2032 1309
2041 1352
2079 1390
2098 1408
2105 1464
2141 1444
2147 1409
2168 1492
2218 1536
2219 1480
2273 1605
2296 1641
2301 1638
2304 1625
2312 1636
2371 1658
2372 1775
2417 1848
2460 1878
2466 1770
2468 1831
2510 1855
