f_0082926.png f_0082968.png
276 216
302 161
344 46
408 123
494 409
534 472
587 375
667 411
675 672
680 625
692 432
730 459
733 692
810 605
834 875
854 684
872 741
889 773
898 797
908 812
912 804
913 934
920 822
921 1011
935 964
936 882
942 683
982 1019
1007 1267
1019 1104
1068 1188
1077 1088
1078 1171
1095 1248
1111 1300
1137 1296
1170 1275
1173 1280
1194 1059
1195 1130
1202 1523
1211 1357
1228 1407
1232 1149
1247 1553
1269 1386
1271 1411
1289 1364
1296 1500
1304 1329
1307 1385
1320 1479
1343 1633
1346 1370
1351 1577
1354 1253
1355 1255
1368 1414
1399 1212
1412 1206
1431 1492
1443 1322
1447 1530
1475 1685
1478 1541
1496 1410
1500 1506
1521 1538
1554 1818
1590 1637
1598 1565
1606 1575
1616 1841
1636 1665
1641 1609
1649 1846
1715 1824
1732 1697
1736 1940
1749 1704
1758 1739
1773 1851
1778 1798
1815 2028
1823 1835
1830 2057
1847 1823
1852 2056
1854 1858
1876 1885
1904 1860
1918 1902
2020 2002
