f_0082702.png f_0082928.png
92 26
93 12
161 178
167 48
196 16
197 38
198 277
202 152
206 303
209 160
219 355
225 120
230 52
252 23
283 380
286 344
289 187
294 79
297 78
302 213
311 493
315 387
324 91
329 144
331 408
338 143
340 407
346 171
349 350
350 467
353 134
362 107
363 212
373 389
393 377
417 597
422 253
440 621
443 605
444 620
471 580
473 376
481 322
483 682
485 496
491 236
496 388
499 758
505 371
506 414
508 726
518 156
519 750
521 513
523 689
525 471
533 278
551 796
554 524
566 691
567 637
568 709
586 846
594 618
606 593
624 611
627 864
628 654
629 719
630 876
632 860
639 870
640 974
645 889
665 856
666 885
667 912
669 922
672 672
673 951
680 956
688 744
693 952
694 949
697 916
698 964
699 973
700 994
709 1008
718 789
722 1013
725 558
742 785
759 1091
765 837
769 915
771 1087
774 1036
792 686
797 1128
802 1137
805 788
818 1103
821 820
822 869
829 1148
832 1185
833 1280
838 1194
842 1224
843 1310
844 892
857 1191
858 1223
862 1190
863 1197
867 1160
869 1083
876 1158
877 1319
884 1206
894 1188
896 1216
909 1365
913 1379
916 1307
920 1187
922 1286
923 1380
924 1401
926 1226
930 1238
931 1313
934 938
936 1249
937 1250
943 1444
947 1175
957 1317
958 1404
971 1305
973 1454
974 1452
982 1374
994 1463
1019 1487
1023 1508
1036 1512
1047 1340
1063 1538
1067 1545
1068 1551
1073 1276
1078 1555
1083 1581
1095 1561
1108 1603
1115 1622
1119 1626
1120 1613
1136 1420
1146 1604
1153 1407
1173 1728
1175 1692
1185 1462
1189 1705
1190 1473
1192 1630
1197 1453
1204 1713
1205 1289
1207 1706
1213 1738
1245 1882
1247 1694
1255 1815
1259 1793
1266 1825
1273 1798
1332 1975
1336 1721
1363 2033
1388 1907
1392 2063
1397 2098
1408 1930
1410 2083
1424 1968
1434 2203
1440 1858
1451 2149
1465 2079
1470 2190
1507 2250
1512 2134
1521 2142
1561 2350
1600 2456
1607 2357
1631 2387
