f_0082882.png f_0082724.png
92 119
124 120
127 10
173 157
210 244
214 73
217 531
224 115
225 102
245 139
254 205
266 86
269 385
270 276
277 200
284 266
292 570
294 228
296 688
297 23
298 605
303 444
326 612
381 659
385 265
411 125
414 278
420 214
439 906
443 801
456 613
461 404
477 452
486 292
500 401
524 493
525 483
533 494
536 829
557 312
560 538
562 679
570 355
580 366
582 825
596 874
597 864
600 1124
627 712
629 625
631 627
632 777
641 632
661 319
687 740
716 771
727 708
735 936
740 731
742 1064
743 881
747 785
758 1118
759 883
763 1102
768 1297
775 1058
780 884
793 927
804 748
805 738
806 1098
818 1168
822 1085
823 1001
824 1076
825 1067
832 1033
861 1222
862 727
863 1040
864 918
866 1136
871 1418
881 1241
887 1239
888 1209
898 1096
902 921
910 1494
913 1287
916 1307
919 1298
920 994
927 1332
941 1378
942 1165
958 1391
968 1065
975 975
980 1410
982 1708
994 1066
1013 1811
1017 1785
1023 1868
1028 1183
1031 1797
1042 1553
1065 1751
1069 1872
1074 1873
1079 1469
1096 1526
1099 1537
1109 1874
1120 1225
1135 1397
