f_0082776.png f_0082918.png
4 87
5 20
6 33
12 13
26 1136
31 81
36 850
38 2349
56 244
72 1593
84 362
87 2207
95 405
108 2193
114 1478
122 2647
123 283
130 2978
135 1391
153 791
154 744
156 1673
172 699
173 1711
178 1050
180 1943
194 1630
198 2123
200 1173
221 468
224 645
231 346
240 711
244 1820
247 919
250 2110
252 1221
261 838
303 715
306 886
308 1730
325 1846
339 1856
340 1160
370 1660
374 1357
380 640
387 980
393 2538
403 2911
420 935
423 1099
425 2761
434 442
439 2259
440 1496
450 2204
453 2568
456 2627
465 842
482 1515
490 2322
495 1072
501 2758
506 600
507 1949
508 1230
512 1344
516 1897
518 1103
528 1395
533 1685
535 211
540 563
543 2474
544 2354
564 2801
565 2344
569 2659
574 2238
576 2479
579 2997
580 266
582 2105
585 2730
587 2430
593 867
596 432
600 570
604 1429
616 2626
620 2348
621 268
624 587
628 1880
629 1444
631 1051
637 651
641 1290
642 2199
644 240
646 206
648 306
651 1041
652 1813
655 2212
656 1162
662 2313
663 598
668 2993
674 321
675 1531
678 1262
679 296
681 1706
685 1646
686 534
693 829
697 1190
698 2208
700 1777
709 2021
712 1738
715 1021
719 360
720 929
725 2817
726 2763
727 2435
733 885
745 618
747 1004
750 797
752 2182
754 1981
757 1209
770 2836
782 1655
784 221
789 1956
798 2513
804 1350
811 2386
814 487
815 680
823 567
829 1894
837 1010
844 792
845 2266
851 2784
852 1658
856 1343
858 2775
861 41
863 232
865 621
878 1417
881 2876
886 2534
894 2883
895 1577
897 431
898 815
907 2518
912 1486
913 735
914 2595
916 2580
921 1763
927 2029
935 2483
948 1089
952 1283
957 2120
966 224
984 1911
985 2190
987 2860
992 789
1001 2005
1019 2375
1020 2327
1037 2670
1040 79
1042 1063
1052 960
1055 970
1070 2184
1092 320
1095 1717
1099 1005
1105 256
1106 2252
1111 719
1123 1654
1126 439
1127 134
1141 1000
1153 1899
1156 370
1160 1603
1167 452
1168 2687
1171 652
1172 686
1180 1025
1181 2756
1182 981
1185 2270
1193 1757
1202 2633
1205 49
1214 865
1219 253
1221 1309
1226 2967
1228 475
1229 2776
1233 628
1240 406
1249 1547
1250 658
1253 2787
1258 849
1260 663
1261 2179
1279 1570
1280 1920
1283 28
1284 229
1296 2596
1316 2339
1322 258
1324 1219
1326 931
1330 937
1332 1024
1334 355
1344 1510
1351 2083
1355 1741
1362 2156
1371 2695
1375 1516
1377 1107
1387 307
1398 701
1405 382
1408 1610
1409 1776
1410 1567
1416 1827
1434 139
1458 343
1462 491
1463 192
1489 14
1494 1613
1500 2950
1517 1013
1588 2737
1607 2094
1648 1688
1671 1068
1685 2203
1692 622
1704 2910
1711 1016
1782 2669
1786 2489
1862 2844
1989 2765
1993 2574
1994 2023
1998 1443
2007 2004
2026 1876
