f_0082876.png f_0082918.png
162 2102
207 1774
219 1977
222 1841
231 110
237 282
247 2024
255 2099
257 1426
263 2875
264 488
267 1058
277 2682
286 1020
291 2537
294 576
295 184
296 338
299 92
302 1407
307 1745
310 2376
322 98
326 995
329 54
335 520
338 540
340 2295
342 27
343 2437
345 489
353 2565
357 102
358 2253
362 127
364 674
367 380
371 314
374 2514
378 272
381 1464
383 2583
384 1986
385 197
386 2569
389 982
391 1784
392 2481
404 1286
407 1242
408 732
411 366
413 323
416 2016
421 2230
422 1612
423 1512
429 2256
430 81
436 1951
442 969
443 140
449 1291
458 169
462 2207
469 769
470 1904
471 70
472 1952
473 455
474 2651
479 934
482 17
484 495
488 659
489 2711
490 564
495 1439
498 303
499 2223
501 951
509 111
511 2112
517 2848
523 692
524 504
534 1724
540 1289
550 1587
554 609
563 1618
570 2978
576 1502
586 2351
587 1723
588 36
594 87
602 316
610 200
612 782
613 822
614 93
617 1085
618 1411
623 2294
625 1347
629 874
635 1881
648 1053
652 329
659 1268
660 1778
667 1888
668 2618
669 300
675 1173
683 677
685 699
687 896
689 791
691 1490
694 744
696 2205
697 2999
698 974
707 1004
708 788
710 1825
714 375
717 657
718 198
720 890
728 2290
729 2245
732 1522
738 318
744 2293
753 1846
754 2780
756 906
757 2370
762 4
776 714
777 803
783 1673
785 837
786 2726
788 2874
789 1661
795 1380
799 1314
800 2911
805 661
806 1132
819 2035
823 2799
827 915
828 464
831 1305
840 381
852 715
853 776
856 2057
859 469
860 2048
862 1459
870 1200
874 691
881 1981
884 210
889 1840
890 77
892 1949
894 84
905 242
908 454
910 646
913 1056
915 417
917 1581
919 1916
920 72
926 760
931 1474
934 2626
935 1241
938 1374
940 2324
942 2759
943 2487
946 2221
947 1295
949 1319
951 341
952 2303
953 1500
965 753
966 735
969 180
970 1531
973 1539
974 2436
981 567
982 1041
984 705
986 1327
987 298
990 2178
1000 1282
1003 2878
1005 2341
1008 1272
1010 2963
1017 1646
1022 146
1025 1025
1026 2460
1028 1227
1030 754
1035 1449
1036 696
1038 2025
1040 538
1043 1178
1044 1969
1048 1644
1049 1813
1054 1010
1055 2
1064 1894
1072 1762
1078 2932
1084 150
1089 1140
1090 2317
1091 2935
1092 2280
1099 1222
1101 2093
1102 187
1106 2578
1111 2421
1113 2993
1114 2113
1118 553
1119 2298
1125 182
1130 2350
1139 1821
1142 1225
1144 18
1146 2592
1147 2974
1158 549
1161 1062
1163 2045
1165 1576
1168 1481
1171 786
1174 1006
1179 1524
1180 2495
1187 2189
1188 2356
1192 2010
1193 1141
1198 1867
1199 2646
1200 1737
1204 2176
1211 1429
1217 2090
1235 2268
1254 683
1260 2190
1271 2633
1278 998
1282 151
1285 885
1299 2521
1304 1640
1310 254
1321 1486
1328 1791
1332 2043
1335 1492
1337 1333
1338 2773
1340 2131
1342 171
1348 1029
1355 2358
1368 350
1374 1392
1375 393
1376 2232
1380 865
1383 623
1388 2984
1390 1123
1397 34
1401 1406
1402 1120
1405 458
1408 993
1411 28
1416 155
1419 2226
1426 789
1429 1941
1431 106
1433 2650
1436 1165
1438 2309
1441 658
1444 1035
1448 477
1457 67
1462 671
1466 503
1474 1121
1478 1582
1484 1102
1492 1714
1497 161
1506 14
1518 2883
1523 656
1531 737
1532 1698
1542 331
1556 452
1557 2584
1561 1321
1570 145
1572 1520
1577 513
1582 2036
1637 354
1644 1032
1667 1817
1668 2762
1684 1537
1708 2547
