f_0082926.png f_0082776.png
51 125
128 81
177 83
200 109
206 129
209 112
217 93
234 110
289 526
330 502
343 55
352 319
365 496
396 294
428 193
440 532
456 518
482 535
493 272
500 305
501 77
540 148
556 464
602 494
617 548
619 633
643 130
732 231
736 449
737 609
738 467
739 320
742 504
744 398
770 287
771 456
799 520
806 452
810 224
821 357
822 280
826 248
832 260
833 221
838 180
848 813
853 564
854 222
865 579
894 286
898 154
916 9
920 145
935 297
938 473
944 312
955 178
956 72
960 696
961 403
966 620
967 158
972 900
975 958
979 874
981 261
1001 873
1003 688
1004 489
1027 315
1044 387
1048 194
1061 674
1063 692
1077 393
1107 961
1118 501
1122 676
1125 586
1137 269
1144 808
1145 106
1174 236
1182 507
1192 833
1194 600
1201 384
1209 543
1220 616
1221 458
1222 858
1240 1050
1250 534
1261 720
1263 491
1266 411
1268 766
1294 981
1295 621
1305 445
1306 588
1307 462
1325 545
1333 1334
1347 441
1351 270
1355 651
1356 407
1358 1256
1363 1039
1376 470
1383 277
1385 721
1390 1340
1394 974
1398 1281
1405 845
1410 316
1422 282
1424 636
1429 997
1434 46
1436 705
1441 860
1443 797
1446 684
1449 498
1451 1119
1456 661
1460 756
1496 742
1497 593
1498 524
1501 1060
1502 883
1509 932
1520 875
1521 637
1523 385
1525 1143
1527 273
1529 1043
1533 1100
1536 928
1537 264
1556 1160
1558 869
1563 292
1576 821
1578 435
1586 240
1599 454
1601 1008
1604 1061
1610 914
1614 663
1615 472
1616 424
1618 1122
1630 693
1641 801
1642 285
1644 677
1656 1157
1657 1151
1659 569
1665 525
1673 1134
1674 781
1687 1104
1689 1020
1690 810
1691 743
1701 1109
1704 886
1714 662
1723 1105
1728 425
1732 815
1737 553
1739 984
1743 938
1744 1045
1755 1181
1757 922
1758 751
1760 412
1771 446
1776 515
1810 583
1814 1052
1819 933
1825 1154
1837 308
1839 574
1869 1175
1890 765
1901 1218
1909 805
1912 1185
1917 944
1921 1222
1959 1228
1961 1209
1966 309
1973 1214
2000 1244
2004 310
2016 1224
2017 1248
2019 1136
2030 654
2034 1311
2036 1283
2045 1370
2051 1354
2068 1189
2079 656
2087 1205
2094 943
2101 1313
2103 1284
2123 1249
2125 1022
2139 1258
2158 1301
2161 1032
2167 1075
2178 1273
2209 1302
2216 1285
2218 1169
2233 1192
2236 1293
2248 1341
2257 1278
2275 1177
2300 843
2325 1382
2327 627
2338 1280
2345 1230
2366 1141
2378 1324
2384 1226
2387 1463
2389 1096
2399 1548
2407 1372
2418 1308
2419 1173
2428 1152
2447 1113
2448 968
2500 1399
2505 1427
2527 1339
2542 1429
2543 1647
2555 1672
2556 1566
2557 1077
2560 1383
2597 1290
2609 1666
2622 1220
2651 1556
2655 1683
2663 1836
2703 1187
2706 1211
2714 1731
2721 1241
2732 802
2742 1201
2745 1016
2777 1605
2791 1561
