f_0082882.png f_0082912.png
94 2295
133 514
178 213
209 1937
225 385
236 710
241 1693
251 1755
280 2324
294 2536
295 2180
299 2786
300 2031
309 2961
346 1754
362 1968
364 2435
375 484
379 456
389 2115
400 1319
416 585
422 651
430 1701
437 1076
439 2420
443 1618
448 2134
449 880
466 924
482 1916
493 2642
497 1362
528 2640
533 2956
542 682
552 430
584 2279
595 1988
619 1225
624 608
646 2882
678 619
699 1247
703 1382
715 960
716 787
725 255
728 2209
733 738
741 664
745 2105
749 2035
758 1989
806 2249
808 2205
823 2534
838 267
854 2097
870 2670
871 706
885 398
896 2921
898 1943
929 2366
945 2513
953 433
957 113
964 66
975 1854
977 1655
982 2436
989 1062
991 1460
1007 2285
1011 402
1027 2696
1031 101
1041 2164
1047 1434
1058 1085
1061 1657
1070 2479
1090 138
1101 2938
1106 258
1108 1373
1109 1071
1117 835
1120 1951
1121 2127
1124 623
1125 885
1139 773
1152 72
1162 2408
1171 676
1189 1909
1193 1914
1231 1437
1236 373
1249 1274
1255 2026
1280 571
1289 1596
1290 2280
1296 482
1303 2862
1330 1648
1344 2396
1345 683
1347 1260
1352 2679
1362 525
1366 752
