f_0082620.png f_0082492.png
26 586
33 443
34 437
46 102
54 467
68 475
84 713
86 161
124 553
126 610
137 515
139 592
140 616
156 638
164 657
175 647
177 38
181 738
194 662
198 731
202 758
204 748
209 736
226 759
239 355
243 487
248 369
255 819
256 845
284 885
303 928
319 963
325 953
326 954
348 999
351 1129
353 985
357 1052
361 933
393 1088
408 1150
413 1119
416 1095
417 1096
418 1097
425 1141
428 1110
431 1142
442 1155
443 1112
445 1200
446 1161
450 1121
455 1130
457 1228
458 1202
463 1237
465 1134
480 1223
482 1263
486 1250
487 1168
493 1260
498 1328
517 1174
535 1348
537 1364
539 1278
544 1371
553 1225
566 1315
568 1392
569 1253
577 1313
581 1439
589 1461
591 1449
610 1355
617 1339
654 1477
660 1476
671 1298
686 1616
696 1611
702 1628
712 1686
715 1479
720 1498
721 1485
730 1444
735 1504
736 1494
743 1622
744 1507
745 1506
751 1679
753 1499
754 1513
759 1700
760 1642
773 1556
777 1518
780 1612
783 1685
798 1567
803 1595
806 1623
814 1557
817 1694
830 1703
837 1652
838 1653
855 1756
865 1661
874 1688
886 1803
902 1751
904 1762
913 1742
917 1707
943 1918
944 1919
947 1771
951 1744
957 1924
959 1833
961 1886
995 2069
1004 1990
1005 1920
1014 1876
1018 2047
1019 1832
1025 1953
1027 1914
1032 1878
1037 1815
1046 1901
1049 1965
1050 1853
1059 1932
1060 1966
1061 1879
1066 1880
1071 1907
1076 1948
1081 2105
1082 2056
1083 1894
1089 2093
1090 2003
1096 1982
1103 1960
1107 2038
1110 1967
1118 2145
1121 1985
1127 2126
1163 2217
1170 2074
1189 2188
1197 2097
1229 2141
1234 2313
1235 2103
1251 2159
1265 2146
1274 2190
1280 2306
1291 2211
1299 2241
1302 2210
1337 2416
1340 2292
1356 2394
1382 2363
1390 2374
1405 2288
1424 2410
1428 2387
1433 2429
1447 2435
1503 2504
1508 2470
1517 2444
1522 2517
1613 2489
