f_0082558.png f_0082924.png
0 304
1 1489
6 274
20 91
21 2050
30 438
41 1490
43 487
50 189
53 737
62 1183
63 1071
67 1546
69 1219
72 422
75 1461
109 1377
119 183
135 1892
145 342
184 416
185 567
195 814
198 903
201 429
213 520
225 1506
237 535
247 83
250 1916
253 798
261 1539
264 1386
268 1161
271 1353
299 2136
304 1338
317 1282
344 633
350 741
356 139
368 524
385 128
387 586
405 1234
415 1008
423 2245
425 258
426 349
432 895
436 2579
437 1821
439 2094
443 86
444 292
456 754
462 307
468 1148
471 855
475 812
482 519
494 1526
506 259
511 505
528 293
537 940
544 788
551 604
564 191
569 1718
570 713
574 1657
605 2653
608 846
610 1437
611 1468
612 1385
619 727
631 1128
635 1081
656 37
667 431
689 474
690 1038
691 961
709 1250
720 387
748 2261
753 537
757 374
760 709
775 138
778 178
779 991
797 2417
831 770
836 486
837 1639
839 2569
843 750
845 1127
866 1486
882 661
887 308
890 663
898 515
899 950
930 996
938 300
940 966
957 780
969 1553
973 685
979 129
981 924
1009 494
1019 180
1022 1271
1029 1992
1035 820
1037 700
1038 103
1040 1436
1064 1108
1065 319
1069 1137
1098 589
1099 794
1112 802
1116 864
1132 590
1138 1788
1140 779
1144 827
1153 2888
1157 1474
1168 209
1169 1065
1172 989
1182 1163
1211 22
1222 280
1224 638
1229 847
1234 990
1236 743
1257 1068
1265 1190
1275 701
1292 826
1295 1225
1315 1167
1317 1216
1332 1581
1341 1333
1347 1186
1366 569
1369 543
1370 536
1388 152
1392 2348
1398 712
1409 1483
1412 926
1413 428
1423 1993
1438 1036
1446 981
1458 634
1466 2279
1481 2166
1489 869
1492 1703
1495 312
1497 837
1510 650
1514 1193
1527 729
1530 784
1548 1045
1559 908
1571 1096
1577 1173
1581 1456
1604 835
1621 2284
1628 1002
1636 783
1648 823
1667 2235
1672 1888
1684 1387
1691 1003
1706 660
1708 322
1727 217
1736 195
1756 570
1758 247
1760 2606
1761 566
1781 2163
1791 2282
1794 461
1797 49
1802 822
1813 842
1825 1221
1846 668
1848 886
1849 942
1850 314
1865 658
1867 949
1872 2504
1888 1726
1889 1235
1920 399
1925 1088
1931 190
1935 896
1950 970
1953 1390
1963 1457
1977 861
2027 1444
2030 564
2037 1499
2041 1209
2043 45
2054 669
2071 1491
2079 821
2085 921
2094 786
2095 850
2096 2046
2105 1191
2121 179
2122 71
2129 1130
2149 803
2151 14
2160 1006
2172 245
2173 2159
2184 507
2191 1204
2201 2474
2228 1360
2239 1757
2243 1208
2247 109
2248 968
2251 785
2253 627
2259 868
2272 878
2275 1565
2279 1415
2281 740
2282 974
2289 613
2320 1730
2342 92
2349 392
2350 734
2353 2457
2357 819
2361 673
2365 2296
2388 900
2412 1428
2413 1242
2434 1119
2440 1373
2451 440
2456 621
2458 666
2459 1603
2460 1044
2478 1684
2479 799
2485 1157
2486 413
2488 1188
2491 224
2499 79
2505 372
2513 337
2522 1255
2527 388
2529 355
2543 697
2555 2064
2563 467
2587 1334
2598 1110
2604 800
2613 299
2614 1138
2629 1105
2637 963
2667 683
2678 1584
2679 468
2684 1160
2691 1058
2701 168
2711 56
2715 521
2721 2167
2727 874
2733 530
2734 795
2740 1097
2754 1369
2764 1066
2768 2173
2773 1524
2813 522
2823 1144
2834 1005
2835 2238
2847 1459
2862 1069
2869 1473
2877 1229
2880 75
2884 454
2886 2429
2887 1016
2901 592
2916 1220
2917 593
2937 889
2946 986
2954 1729
2960 1098
2966 1717
2991 1871
2992 313
2994 1321
