f_0082868.png f_0082886.png
0 531
1 377
5 1405
7 304
15 350
18 645
20 975
23 558
25 159
26 1322
31 605
34 1651
37 851
50 516
52 219
53 321
55 259
56 1841
59 1191
61 818
68 1183
69 810
81 1393
95 1086
101 1176
102 1442
103 1670
107 229
108 1349
109 1811
113 351
118 1898
119 730
123 833
125 1824
127 1298
132 1369
133 94
134 1432
135 1205
151 386
154 343
158 846
159 186
161 1133
162 733
164 1007
173 93
178 694
181 723
189 671
190 1083
192 1081
196 1514
201 1014
219 1697
231 1243
251 564
252 1366
254 128
257 1399
259 1113
263 45
267 105
270 96
275 1430
280 247
284 732
294 497
295 1263
301 424
304 1139
305 562
319 1307
323 1103
324 766
329 362
333 700
345 1802
347 1747
351 1195
352 1758
355 1613
358 738
361 381
370 136
378 1098
387 144
394 1789
396 205
407 760
410 603
415 1445
427 573
432 1039
433 499
436 670
438 355
441 227
444 555
450 1408
457 1866
472 1833
489 1006
490 649
511 1074
518 1003
522 871
526 619
527 1162
530 675
532 928
534 666
537 1893
546 1134
549 401
558 820
567 1016
570 560
578 873
587 1770
589 475
598 407
613 784
648 107
654 1536
671 1474
672 412
678 199
704 55
706 977
713 485
721 686
722 1141
724 1131
725 372
728 1372
733 1238
734 113
743 550
745 239
746 563
752 1719
753 1673
762 968
763 677
765 240
770 469
773 1783
778 757
782 690
788 1343
793 307
811 34
814 861
815 1639
820 768
823 1148
828 1461
843 1097
845 1031
847 911
848 1057
856 717
864 793
872 1901
876 1310
915 1291
925 1902
926 1027
937 934
940 1105
953 1378
957 117
967 53
972 864
974 415
976 591
977 682
981 664
983 1548
986 1058
988 1374
997 1567
1010 774
1011 808
1018 252
1020 1237
1021 512
1025 1267
1040 332
1044 86
1053 536
1058 628
1062 974
1066 26
1067 1244
1071 918
1090 189
1106 1241
1112 869
1117 309
1123 1292
1124 92
1130 1174
1131 488
1132 298
1139 948
1143 1130
1145 1050
1146 1409
1162 154
1163 376
1180 643
1182 805
1185 661
1189 740
1190 361
1200 636
1208 1289
1212 580
1215 1830
1217 1591
1219 607
1220 418
1224 1745
1232 39
1234 582
1239 718
1243 104
1245 1524
1246 528
1251 1604
1253 990
1256 1627
1257 976
1258 837
1269 1247
1270 724
1272 1896
1277 1711
1278 979
1279 984
1280 126
1282 1013
1284 662
1288 190
1292 1452
1297 589
1298 951
1301 400
1313 487
1314 1472
1320 1601
1326 177
1328 1297
1330 887
1333 1457
1344 451
1346 56
1356 1709
1374 1101
1381 109
1388 1612
1389 1532
1398 1663
1413 46
1415 1879
1419 281
1424 221
1426 1566
1430 1411
1433 967
1436 1077
1443 474
1455 1916
1457 1403
1468 112
1472 1277
1476 1093
1485 630
1501 940
1508 1464
1510 1587
1525 1487
1528 1022
1533 466
1535 1075
1539 290
1543 1620
1557 1228
1568 679
1570 458
1578 467
1579 1204
1583 1216
1584 1582
1586 1644
1615 615
1620 1715
1624 689
1639 541
1640 1661
1642 1575
1644 714
1657 985
1664 709
1666 1688
1688 1071
1690 629
1695 115
1696 972
1699 1857
1708 114
1731 1736
1739 175
1747 1145
1752 982
1757 1462
1762 1185
1767 916
1769 275
1772 844
1796 1435
1798 866
1803 1008
1819 385
1837 960
1842 1332
1847 1053
1849 1751
1857 447
1858 778
1859 1675
1874 168
1884 1459
1886 1328
1893 1111
1895 1779
1899 1218
1903 1186
1906 853
1933 1881
1937 731
1940 785
1949 1546
1964 263
1980 1265
1986 1155
1992 5
1994 639
1996 773
1997 815
1999 696
2014 328
2044 408
2048 750
2059 1136
2064 915
2072 435
2083 340
2088 1473
2094 1880
2098 254
2106 1529
2114 163
2115 1676
2119 1230
2120 1122
2124 1610
2138 1899
2162 21
2169 1269
2170 137
2184 1938
2197 224
2203 1285
2218 374
2227 264
2228 484
2229 1752
2245 1428
2247 248
2248 339
2255 358
2263 725
2266 1581
2268 1413
2279 1377
2285 1426
2289 939
2293 848
2300 1700
2306 72
2310 1379
2312 1531
2313 1466
2318 453
2322 479
2326 1242
2334 548
2356 1689
2360 1622
2387 1511
2392 1513
2395 1151
2398 1894
2402 991
2406 1329
2408 280
2413 1302
2420 436
2424 468
2440 1085
2459 1135
2460 1096
2463 706
2465 1018
2474 1499
2484 1699
2487 1586
2503 1930
2505 1229
2509 692
2510 1359
2516 375
2522 914
2526 756
2530 396
2547 553
2548 572
2551 581
2555 288
2556 862
2566 1221
2570 900
2571 994
2576 97
2578 1108
2585 1776
2589 999
2595 537
2610 667
2614 890
2622 1253
2630 392
2632 1173
2638 1367
2639 1146
2641 1376
2642 430
2651 1732
2657 1441
2658 1338
2659 1351
2662 1646
2664 762
2678 267
2682 588
2685 1488
2688 1483
2694 1541
2698 1480
2700 1551
2701 134
2703 331
2704 1315
2712 1667
2718 650
2720 841
2721 14
2722 1583
2726 1757
2729 99
2732 1072
2736 1685
2738 1312
2740 1194
2742 268
2749 1198
2768 1311
2789 1197
2796 78
2799 206
2803 523
2811 1589
2820 148
2823 1790
2834 1124
2846 665
2852 368
2853 1109
2855 613
2857 624
2861 1868
2866 1500
2867 919
2876 672
2882 1220
2885 814
2887 1593
2889 1144
2893 197
2896 1017
2897 792
2901 1025
2915 893
2917 1323
2942 798
2948 75
2956 1431
2962 1264
2964 910
2977 669
2978 89
2994 220
2995 816
2996 1416
2999 1128
