f_0082776.png f_0082876.png
103 517
130 709
179 771
180 823
183 805
184 853
213 763
216 724
220 757
222 889
225 277
261 748
264 745
278 782
291 851
313 828
325 708
326 1335
329 755
330 831
338 744
361 760
364 1346
377 566
388 1001
401 586
416 799
422 866
423 922
440 840
445 652
453 901
460 921
462 1020
467 1383
473 1310
493 692
504 842
508 668
514 873
530 1096
537 1254
539 936
540 1151
543 1448
565 967
568 629
574 1275
585 859
587 987
591 641
596 636
598 701
614 664
619 1334
622 1082
623 1095
624 1129
632 1042
633 1088
642 1205
643 1305
644 1369
646 753
648 1159
652 1350
656 977
666 1045
669 1363
697 1384
702 1274
712 1222
715 1079
716 1319
732 1172
746 996
751 1098
757 1271
758 1434
760 1041
767 1467
772 1328
781 1245
786 1094
787 1453
789 1354
793 1371
796 1162
797 1289
815 1483
848 1312
850 1233
868 1087
890 1288
892 1171
893 1359
896 1433
907 1481
908 1504
909 1579
920 1223
962 1365
968 1292
989 1454
999 1495
1004 1125
1010 1318
1018 1279
1023 1561
1028 1558
1032 1378
1045 1484
1050 1452
1052 1704
1056 1673
1062 1659
1064 1322
1073 1552
1110 1349
1132 1521
1137 1519
1145 1515
1173 1505
1193 1818
1202 1592
1211 1147
1213 1451
1214 1731
1217 1208
1219 1469
1248 1431
1255 1132
1280 1578
1296 1593
1311 1864
1313 1586
1339 1802
1345 1297
1363 1739
1377 1643
1378 1670
1382 1761
1390 1620
1415 1675
1419 1888
1453 1657
1472 1922
1474 1952
1476 1634
1502 1569
1515 1646
1613 1655
1621 1741
1650 1724
1662 1962
1678 1773
1679 1869
1786 1744
1800 2008
1815 1946
1863 1849
2064 1967
