f_0082882.png f_0082952.png
89 8
106 25
119 58
140 32
141 94
154 112
160 293
182 70
191 318
199 300
208 329
215 317
236 618
244 375
263 785
266 412
268 409
285 506
297 564
300 861
320 971
327 938
348 664
355 1054
368 605
379 1146
383 928
387 804
399 802
400 1203
415 827
419 702
421 776
426 1338
430 976
433 997
435 765
438 955
442 1069
447 1063
448 1101
454 1005
470 1254
472 1269
478 1398
481 1348
484 1288
486 1497
488 1067
498 1330
509 1571
517 1237
518 1260
520 1369
525 1342
565 1222
577 1492
584 1531
587 1447
588 1646
589 1428
594 1309
605 1374
607 1502
611 1491
634 1574
647 1782
649 1677
667 1645
700 1895
712 1740
729 1818
733 1829
740 1883
741 2028
754 2195
763 2188
770 2283
772 1879
778 1991
789 1913
790 1885
792 1966
796 1987
808 2010
825 2244
828 2073
844 2273
851 2099
856 2081
860 2106
861 2107
870 2133
872 2284
879 2312
891 2435
905 2334
913 2380
914 2381
921 2522
928 2544
939 2322
970 2570
971 2572
973 2611
980 2295
985 2569
987 2441
1006 2598
1031 2580
1043 2813
1368 2642
