f_0082702.png f_0082886.png
24 23
26 15
43 25
46 14
55 5
56 22
76 55
80 72
83 102
86 27
90 103
99 210
119 114
138 107
140 84
144 61
149 186
163 45
169 53
175 86
180 163
189 96
218 109
229 220
233 147
234 162
247 120
257 301
258 224
273 149
288 254
311 341
317 407
328 362
331 261
332 374
341 324
342 386
350 252
365 263
371 320
385 368
393 381
402 350
403 385
409 396
410 447
418 356
432 435
440 384
454 370
458 319
459 328
468 466
469 312
472 485
477 288
478 358
486 355
487 376
490 482
496 507
506 303
507 399
511 400
519 451
520 534
526 418
527 517
530 606
563 397
574 497
577 628
582 616
585 569
587 472
592 615
596 420
601 394
607 404
609 631
611 644
612 614
617 542
624 429
627 556
631 651
634 572
636 660
639 612
645 560
651 559
656 563
657 677
662 442
663 571
664 605
670 686
671 676
674 735
677 471
678 611
682 624
684 694
685 468
686 592
707 649
714 650
717 696
722 657
725 662
726 537
736 500
739 667
743 506
753 738
758 717
759 750
767 745
773 683
774 748
775 565
779 765
780 766
783 808
788 770
791 744
795 821
796 515
799 675
800 698
803 796
805 553
811 830
813 576
815 720
816 727
823 778
828 758
838 785
848 850
854 726
864 816
880 935
882 861
897 940
898 610
899 603
913 752
920 703
922 849
933 652
940 885
953 914
959 669
960 740
981 836
984 1017
985 764
998 788
1001 987
1012 985
1015 704
1018 1016
1023 868
1025 932
1044 960
1050 931
1052 975
1056 1010
1072 902
1076 1061
1083 865
1087 794
1088 915
1090 1058
1091 777
1095 972
1103 1022
1104 1071
1126 793
1130 1020
1131 1077
1137 1051
1146 1047
1159 1050
1187 948
1193 977
1196 1112
1234 1079
1235 1093
1236 1094
1255 1097
1257 1111
1269 1133
1274 1123
1302 1197
1308 1076
1334 1066
1341 1285
1371 1103
1377 1186
1445 1329
1454 1258
1455 1166
1470 1257
1483 1263
1484 1264
1494 1433
1496 1301
1502 1217
1516 1230
1517 1431
1525 1253
1533 1280
1534 1289
1540 1294
1553 1456
1554 1468
1558 1457
1579 1345
1588 1529
1596 1452
1597 1357
1600 1333
1616 1417
1648 1374
1654 1434
1658 1615
1661 1597
1663 1490
1673 1427
1682 1659
1684 1535
1689 1694
1698 1690
1714 1531
1725 1540
1731 1729
1735 1719
1738 1562
1740 1674
1788 1790
1826 1881
1859 1859
1860 1860
1905 1833
1928 1954
