f_0082412.png f_0082928.png
0 0
5 19
6 14
9 34
12 69
33 59
73 78
99 103
116 120
237 324
254 347
270 345
311 279
314 455
322 362
326 313
334 286
340 307
361 288
370 353
393 312
395 439
406 521
407 498
416 373
512 641
513 630
620 592
658 574
672 628
789 717
829 730
865 778
871 792
922 790
924 808
949 951
967 968
992 807
1003 994
1015 905
1016 1000
1025 981
1038 958
1051 764
1080 874
1090 1002
1109 1056
1117 851
1142 1158
1165 1172
1201 1209
1203 878
1217 939
1283 948
1294 957
1297 1029
1339 1320
1361 1319
1362 1341
1380 1170
1409 1218
1414 1348
1454 1510
1518 1176
1529 1487
1577 1312
1586 1212
1590 1111
1632 1110
1673 1578
1710 1424
1805 1402
1855 1380
2019 1443
2191 1776
