f_0082886.png f_0082942.png
78 45
84 25
86 7
89 20
107 92
138 139
151 120
175 77
184 68
189 55
195 87
202 202
221 315
227 384
232 108
234 338
238 407
240 306
248 377
251 182
255 289
263 321
268 413
280 398
298 417
309 430
315 266
358 395
368 485
385 531
399 391
401 442
405 441
413 419
446 533
469 684
475 759
477 670
482 667
485 710
488 731
490 698
498 755
500 551
507 782
508 803
510 810
524 805
531 754
546 809
562 730
563 771
568 862
572 815
581 878
585 843
587 914
605 856
611 865
612 913
613 965
616 915
641 1011
650 970
651 1033
656 1045
657 991
662 975
663 985
667 998
670 904
677 1083
688 940
689 1023
694 1069
702 939
708 1030
722 1026
733 1144
736 966
737 1127
749 1124
756 1108
757 1113
758 1109
769 1138
772 1112
785 1222
789 1168
794 1099
803 1196
805 1118
807 1178
808 1191
815 1290
818 1116
823 1225
825 1106
831 1142
837 1294
845 1215
849 1444
852 1198
853 1248
857 1247
866 1210
868 1245
872 1366
878 1205
886 1288
892 1236
902 1293
907 1287
908 1379
912 1312
914 1473
915 1313
918 1307
919 1442
920 1393
926 1291
933 1449
944 1386
948 1316
959 1365
963 1367
972 1435
976 1418
980 1392
983 1454
991 1430
993 1522
996 1499
1004 1401
1009 1502
1019 1485
1021 1526
1032 1480
1041 1474
1049 1510
1050 1539
1073 1579
1074 1547
1076 1538
1078 1546
1079 1601
1083 1559
1097 1621
1114 1594
1120 1610
1131 1653
1136 1677
1138 1698
1156 1632
1157 1650
1162 1703
1167 1663
1176 1727
1179 1671
1180 1733
1183 1692
1192 1672
1205 1766
1206 1770
1213 1819
1215 1769
1216 1832
1217 1755
1220 1765
1227 1761
1231 1730
1234 1791
1243 1790
1252 1788
1300 1914
1308 1905
1311 2008
1318 1913
1319 2044
1325 1887
1331 1934
1334 1927
1341 2005
1352 1909
1366 1936
1369 2043
1371 2048
1373 1879
1374 1953
1379 1999
1382 2009
1387 2103
1420 2021
1424 2038
1426 2092
1429 2167
1432 2177
1434 2115
1449 2114
1451 2112
1454 2239
1463 2292
1474 2150
1483 2295
1484 2257
1487 2258
1508 2219
1514 2364
1517 2380
1525 2306
1528 2365
1569 2450
1579 2490
1581 2435
1587 2416
1613 2503
1618 2496
1645 2510
1658 2513
1733 2384
1750 2403
1842 2511
