f_0082882.png f_0082776.png
101 41
147 67
289 400
319 155
325 119
350 568
368 508
374 555
387 493
404 402
424 561
454 646
461 180
491 811
506 585
516 602
518 538
524 637
527 693
542 662
545 673
556 565
558 664
566 741
574 924
584 462
588 379
598 665
610 834
626 760
633 694
648 229
649 623
653 658
658 1138
667 696
675 751
679 844
687 701
712 756
715 945
718 318
722 796
725 1418
733 724
740 642
756 920
760 688
818 605
823 1146
826 473
828 893
835 652
860 1267
866 559
873 583
892 511
895 334
900 787
906 1045
915 815
916 803
919 1012
920 1011
921 767
943 506
946 496
949 1288
957 1313
958 1280
964 1296
973 1015
977 1020
989 1493
995 1317
1010 1150
1011 995
1018 1822
1043 1086
1045 1206
1047 1823
1096 901
1119 1836
1126 1947
1138 2109
1171 1786
1181 1366
1187 1310
1220 2018
1239 2014
1246 1312
1263 953
1320 1932
1329 1605
