f_0082412.png f_0082558.png
5 395
11 563
13 554
15 1510
16 521
19 231
32 1870
51 1962
66 2342
68 251
77 732
86 1580
89 1009
90 912
96 1952
106 2499
110 247
111 2701
113 667
129 877
149 2682
163 449
172 1370
178 2772
208 154
221 2548
222 540
233 562
239 22
260 2313
263 775
269 1712
281 1602
282 796
284 894
292 2444
294 1789
318 2687
326 2591
338 961
341 286
342 1103
362 2470
371 1616
408 1693
495 2172
503 568
506 1685
519 2351
520 1775
522 938
543 83
580 1304
610 426
615 2284
628 2505
636 512
663 2644
667 1351
691 669
703 760
735 2429
754 535
781 836
809 1458
813 482
814 2418
833 593
854 1802
883 2206
898 93
913 1605
914 1977
917 2079
923 1618
929 374
965 1154
968 108
984 716
1001 303
1008 2447
1030 499
1053 1592
1060 731
1085 2460
1093 1224
1106 1163
1122 261
1131 405
1133 1941
1135 1317
1136 1022
1150 2978
1169 1210
1174 2078
1182 1284
1203 2696
1204 2256
1205 170
1210 2251
1220 1545
1221 1484
1227 2603
1229 2606
1233 2165
1237 2937
1248 274
1249 350
1250 513
1267 141
1269 2406
1296 455
1351 947
1361 1422
1362 124
1380 1490
1386 277
1394 2457
1403 1629
1409 172
1413 2501
1414 2334
1418 1731
1419 454
1430 874
1432 1272
1441 1768
1454 190
1457 2272
1471 2440
1480 1719
1486 1290
1506 2913
1518 2656
1529 705
1566 2083
1569 2279
1570 1245
1571 2523
1574 2749
1587 2288
1598 2158
1607 234
1612 2809
1618 150
1633 687
1677 470
1682 270
1690 2601
1695 2375
1701 504
1704 2428
1709 109
1716 1511
1726 2575
1744 2453
1750 1327
1753 2402
1754 430
1755 46
1759 1578
1801 1186
1802 1692
1805 2169
1821 1702
1822 2258
1830 2716
1832 2849
1833 2332
1840 421
1841 827
1842 1610
1849 2087
1855 1207
1860 2732
1884 1709
1890 2578
1898 232
1905 871
1929 525
1930 742
1933 878
1934 1354
1939 1852
1942 1040
1943 2848
1944 494
1957 1116
1963 1042
1967 2125
1970 2157
1990 2164
1993 27
1994 2216
1998 1747
2022 1152
2025 155
2042 250
2043 1345
2045 282
2047 2345
2072 1809
2074 2191
2088 635
2095 2304
2108 942
2113 2546
2118 464
2127 676
2135 1332
2157 1662
2198 847
2222 1642
2230 1087
2246 278
2251 275
2261 541
2268 2671
2280 1722
2288 2990
2289 2104
2300 1142
2304 1890
2324 1182
2355 845
2375 2261
2382 1111
2402 1840
2406 965
2451 2890
2512 2958
2570 1089
2581 2459
2601 1294
2616 2287
2638 305
2646 2130
2648 952
2673 1875
2679 1097
2691 1779
2696 1598
2706 640
2714 2385
