f_0082452.png f_0082926.png
71 250
87 304
91 42
93 57
100 255
103 41
114 381
117 254
123 101
126 40
133 36
150 144
151 37
183 214
187 160
191 374
209 187
231 401
244 400
250 406
251 407
270 450
272 460
281 405
283 300
291 626
307 260
313 685
337 173
350 482
403 280
412 538
418 615
434 752
473 335
481 537
503 835
520 892
612 684
622 553
650 663
717 806
730 840
733 891
739 916
769 616
787 614
792 494
800 631
847 740
860 935
894 734
933 1048
946 1019
949 967
1004 1415
1020 1346
1039 1362
1050 1254
1081 1414
1101 985
1115 1132
1132 1309
1142 762
1143 760
1144 906
1156 1002
1165 1389
1193 1381
1206 1354
1253 1300
1309 1353
1363 1067
1384 1227
1399 1434
1401 1542
1420 1807
1441 1602
1450 1821
1456 1530
1470 1687
1471 1688
1473 1640
1518 1565
1527 1361
1532 1757
1582 1924
1616 1904
1641 1961
1652 1648
1659 1918
1667 1996
1671 1968
1689 1397
1705 1988
1771 1608
1816 2117
1850 2135
1912 1949
1946 2019
