f_0082864.png f_0082876.png
1 124
3 625
5 1751
7 559
10 1832
11 143
12 1613
15 845
18 1258
19 1639
21 372
26 1165
28 697
31 1433
32 389
33 1007
34 1168
41 926
46 928
48 704
52 176
53 1172
57 1572
65 1998
68 1531
70 531
74 392
75 653
77 301
80 1738
91 1691
92 1135
101 1133
105 733
107 844
113 1166
115 421
124 76
127 1012
132 795
135 1022
138 251
140 1621
141 982
145 938
147 1509
148 1521
149 1896
154 1500
159 954
161 204
162 675
179 918
187 1837
189 1375
190 1818
197 1108
198 101
203 870
204 349
208 1312
210 440
213 1252
216 439
217 1261
221 373
223 1348
224 468
225 864
226 544
227 10
229 1364
236 1726
240 906
246 1603
251 237
258 1665
259 1171
261 1187
262 1071
265 1036
266 1475
268 18
269 245
277 396
281 949
282 509
288 78
292 1815
294 377
295 1470
297 132
298 909
307 646
308 337
310 862
311 118
312 945
315 1118
318 399
327 134
331 375
333 817
334 1191
339 382
341 437
342 1490
346 936
347 912
354 712
358 903
364 1576
370 613
373 1591
374 1220
388 539
390 537
394 929
399 316
400 1062
402 1156
406 588
409 1578
411 1112
417 483
418 1543
421 849
426 789
427 857
433 1299
434 1503
437 783
439 142
441 955
443 693
445 274
447 1827
448 228
449 1277
453 1082
468 1389
480 551
481 549
482 398
487 253
490 1158
493 1550
495 1045
504 657
505 2018
508 319
517 20
518 1659
520 1117
522 543
523 1350
538 1559
540 679
542 834
544 1384
557 1065
560 1193
562 334
563 827
564 1105
568 1605
573 414
578 467
583 1488
586 150
587 942
590 796
596 967
600 804
602 1412
611 1402
613 718
627 1579
635 1235
636 654
640 447
644 851
645 717
646 1359
663 1256
664 1616
670 2005
671 815
672 1199
680 826
681 1693
685 921
686 1773
687 1486
692 1842
702 1850
705 65
707 166
709 771
713 1493
715 828
718 560
723 158
725 1418
726 856
736 914
747 901
751 1159
754 1467
756 201
759 1598
761 1825
762 207
763 1477
764 411
769 1276
771 823
777 99
780 978
784 689
786 1611
788 997
791 508
796 1435
798 1153
801 1808
803 341
806 275
817 1597
818 1382
819 335
822 1185
824 1310
829 672
830 724
845 284
849 309
870 270
871 98
875 1771
877 246
880 122
881 356
888 1053
892 342
893 1557
904 662
907 1072
912 1043
918 1468
920 484
926 1363
927 239
929 1525
932 1633
933 496
934 1042
935 1192
937 645
938 1120
939 1945
941 902
948 1866
953 1068
954 1539
955 1366
966 527
976 1459
980 705
986 1460
988 668
990 1400
992 1316
1005 889
1006 1059
1020 1575
1024 1138
1025 1176
1028 584
1032 1018
1048 569
1050 643
1059 1060
1069 432
1072 768
1078 1688
1084 8
1089 358
1092 1121
1095 462
1104 779
1108 402
1110 1098
1112 755
1117 1246
1125 1325
1131 240
1136 418
1141 231
1145 1330
1148 130
1152 1423
1153 466
1154 1387
1155 1760
1156 502
1160 790
1163 1505
1170 472
1171 1782
1173 145
1176 1106
1183 1064
1196 2021
1206 1697
1207 907
1208 71
1209 999
1210 1024
1213 825
1214 678
1225 1523
1228 812
1232 1549
1238 501
1240 1466
1242 552
1243 425
1244 1942
1251 970
1256 213
1262 570
1264 314
1265 1967
1272 1369
1284 1134
1286 1414
1306 1162
1316 292
1322 422
1338 604
1341 772
1343 1554
1349 1184
1355 1180
1357 332
1361 478
1364 867
1370 658
1373 32
1379 214
1383 602
1398 1909
1402 1069
1404 746
1410 1484
1417 880
1423 225
1424 1689
1427 941
1434 1232
1437 1266
1438 56
1440 1029
1442 713
1444 23
1450 1888
1453 651
1465 522
1477 737
1478 1529
1480 1334
1486 792
1489 572
1495 489
1496 1154
1498 701
1499 696
1500 1906
1503 409
1504 1063
1510 1936
1513 1718
1517 993
1533 665
1535 1092
1545 656
1548 1590
1550 861
1568 385
1572 1510
1577 305
1578 302
1581 1341
1593 538
1596 750
1597 1077
1599 872
1604 1086
1606 577
1611 1215
1617 1066
1621 1061
1622 1594
1626 556
1637 1291
1639 1091
1644 238
1652 965
1662 1443
1663 1867
1664 1558
1667 114
1670 1796
1680 2006
1685 226
1686 1017
1688 1140
1689 1474
1705 833
1706 249
1714 974
1725 612
1727 1228
1728 603
1729 769
1737 950
1746 1074
1749 1028
1752 350
1757 709
1762 1270
1763 1055
1765 818
1770 710
1787 891
1789 1610
1797 923
1798 27
1800 1089
1805 232
1810 1361
1816 908
1821 1761
1823 957
1826 50
1828 1431
1830 1863
1834 1935
1837 1046
1840 1538
1842 1512
1843 1271
1847 1355
1849 1160
1853 1507
1859 1480
1871 871
1879 1448
1885 401
1886 22
1893 1580
1908 1498
1922 455
1928 147
1940 1839
1943 1515
1944 1657
1945 103
1947 1048
1956 363
1963 1380
1970 1236
1982 59
1984 325
1986 318
1991 1303
1996 1469
2005 219
2010 1582
2013 894
2020 191
2032 1429
2033 218
2037 1308
2039 1670
2041 1741
2045 852
2048 272
2051 1677
2052 1374
2054 805
2056 110
2057 819
2062 154
2065 169
2071 1607
2072 1682
2074 561
2085 140
2101 1360
2102 479
2104 876
2109 775
2120 706
2122 1939
2133 1411
2136 1625
2137 1862
2139 1323
2142 714
2149 244
2155 1226
2160 784
2168 1721
2171 1023
2172 1200
2182 2017
2184 566
2199 339
2206 1234
2209 576
2215 813
2216 831
2219 1033
2228 1381
2230 682
2231 1624
2238 1238
2240 473
2248 1739
2276 1209
2279 1247
2285 905
2295 609
2302 394
2305 629
2306 624
2307 1032
2310 1573
2311 546
2312 1708
2313 506
2315 38
2316 723
2318 836
2323 1526
2325 1070
2330 1396
2334 408
2358 1631
2359 1223
2366 1545
2374 580
2376 1702
2381 1959
2400 1178
2407 1479
2411 1745
2416 1293
2431 351
2436 811
2439 859
2441 1464
2455 1966
2458 1335
2459 1333
2461 764
2463 1224
2473 1961
2474 1792
2480 882
2490 1642
2491 581
2499 947
2500 1088
2501 279
2503 1251
2504 160
2506 404
2507 835
2508 1732
2509 1214
2516 1416
2520 1296
2522 291
2530 988
2531 1701
2536 1188
2540 594
2556 1056
2561 636
2567 564
2568 1714
2572 681
2577 276
2578 43
2579 994
2595 590
2601 673
2603 1174
2605 1731
2624 1229
2627 716
2629 1002
2631 1313
2633 126
2637 423
2638 953
2644 1305
2645 361
2647 171
2650 120
2655 1679
2662 1342
2665 1446
2672 847
2674 1533
2677 1504
2684 486
2690 1770
2691 407
2707 1589
2712 443
2721 1698
2729 757
2731 1675
2732 930
2733 874
2735 1143
2737 541
2739 1424
2740 911
2745 966
2746 579
2752 1329
2754 606
2758 879
2759 1179
2763 524
2764 1946
2766 1528
2769 1237
2784 853
2786 1005
2787 843
2795 1757
2798 1561
2801 1044
2802 915
2803 698
2806 1115
2808 69
2809 699
2814 598
2822 607
2826 1346
2827 1519
2829 1485
2832 520
2842 722
2845 30
2855 1274
2856 615
2857 773
2858 1988
2859 488
2864 1652
2867 1094
2868 686
2869 1287
2871 623
2874 601
2876 1210
2883 810
2895 1149
2901 1724
2902 946
2904 310
2910 1000
2916 254
2917 731
2924 830
2932 1623
2940 1569
2950 591
2953 1653
2957 1111
2963 1854
2970 927
2971 1487
2981 1432
2983 1663
2989 72
2997 345
2999 1617
