f_0082924.png f_0082776.png
43 148
65 164
195 69
279 234
285 85
327 275
331 411
349 276
355 61
423 86
429 139
437 103
463 35
503 18
510 230
520 125
543 19
547 140
569 597
570 591
586 175
604 299
615 832
626 640
633 445
638 525
652 176
658 300
670 519
678 493
687 598
701 178
708 581
715 271
722 646
728 52
735 676
741 556
746 468
750 442
752 465
753 23
771 196
784 681
788 1007
801 294
808 236
827 361
829 40
830 5
845 708
848 564
849 261
861 378
919 278
927 180
940 181
942 245
961 330
967 313
971 112
998 184
1008 924
1009 778
1022 291
1023 81
1036 590
1039 538
1044 453
1046 339
1065 878
1068 384
1069 331
1072 210
1089 279
1090 217
1125 527
1128 964
1132 222
1165 746
1188 988
1234 433
1237 944
1259 1035
1265 936
1294 173
1311 786
1317 490
1339 1107
1349 283
1369 1027
1370 715
1375 295
1377 751
1397 742
1414 1065
1427 1066
1434 348
1441 747
1444 766
1448 892
1449 680
1456 663
1468 796
1503 648
1504 600
1511 732
1515 991
1516 927
1542 1096
1544 920
1553 424
1556 984
1558 1208
1570 686
1572 1167
1581 915
1596 1108
1605 1018
1620 1228
1641 1127
1647 1171
1650 781
1662 1109
1670 455
1692 1223
1714 1224
1736 1159
1738 769
1740 1076
1744 1200
1745 1042
1751 1147
1757 1014
1770 893
1791 1270
1811 761
1820 1103
1822 866
1833 1037
1837 1248
1846 652
1853 1252
1862 1184
1868 473
1883 1596
1885 1219
1901 812
1919 1478
1925 1045
1934 1256
1939 787
1947 1428
1948 1329
1963 721
1971 1234
1985 630
1997 1279
2008 616
2014 1261
2017 790
2031 1324
2032 1296
2036 1019
2038 873
2040 1723
2046 1574
2047 1348
2069 1061
2072 1028
2089 1023
2098 1015
2110 1150
2113 1130
2124 1095
2134 1034
2136 1275
2163 1088
2168 1357
2186 1134
2199 1349
2200 1320
2223 1165
2229 1135
2234 1351
2235 1238
2240 1487
2244 1080
2251 1186
2252 1140
2275 1352
2301 1276
2307 1215
2311 1575
2347 1741
2348 1180
2357 1425
2386 1297
2392 901
2427 1310
2444 1473
2462 1706
2491 1187
2494 1814
2497 1752
2638 1298
2675 1551
2687 1384
2757 2038
2801 1908
2819 1506
2831 1904
2885 1812
2888 1560
2904 1938
2909 2006
2910 1535
2934 1965
2935 1846
