f_0082642.png f_0082670.png
2 357
4 369
5 353
21 341
23 355
40 356
41 397
47 363
54 386
57 403
58 393
61 413
70 417
71 409
72 446
79 444
88 452
90 471
93 428
97 442
113 486
131 484
155 516
158 547
160 482
161 517
180 581
185 528
186 453
188 521
195 544
213 558
215 548
218 554
231 557
283 651
296 633
302 619
307 648
313 615
323 620
331 658
335 662
337 691
338 692
339 664
342 657
350 656
357 671
371 700
375 718
378 731
390 697
392 713
399 714
400 746
411 702
412 728
438 735
454 710
455 780
467 801
494 768
495 786
498 776
504 760
545 794
550 798
556 879
558 835
560 841
562 812
566 825
571 815
581 826
582 823
589 864
609 866
615 845
622 902
637 884
648 899
650 891
659 883
667 919
670 926
671 914
673 865
679 980
683 939
684 936
702 931
704 925
711 955
714 954
720 935
721 964
736 979
737 999
738 1016
740 953
773 963
780 1026
781 967
787 1015
789 957
790 993
794 1048
810 1057
815 1014
817 1046
819 1009
822 1036
827 1005
828 1050
830 969
832 986
839 1001
840 1017
844 1049
845 1101
852 1034
857 1024
860 1053
861 1100
869 1092
875 1052
876 1056
884 1045
886 1121
888 1065
902 1023
907 1051
908 1066
917 1158
921 1099
923 1168
924 1071
929 1073
943 1156
955 1112
970 1127
971 1107
984 1093
986 1120
987 1131
991 1180
996 1142
1005 1212
1013 1104
1019 1118
1022 1199
1028 1204
1035 1173
1040 1154
1045 1117
1051 1111
1054 1249
1061 1149
1068 1163
1070 1192
1075 1214
1077 1140
1081 1201
1082 1183
1083 1198
1084 1239
1101 1165
1102 1178
1104 1202
1114 1196
1136 1284
1139 1221
1147 1299
1153 1275
1154 1307
1156 1310
1160 1191
1172 1182
1175 1306
1191 1237
1197 1241
1200 1305
1205 1197
1218 1330
1219 1358
1223 1341
1224 1350
1230 1316
1243 1247
1245 1315
1265 1248
1275 1362
1279 1361
1282 1371
1286 1383
1299 1400
1301 1404
1304 1397
1309 1296
1327 1324
1333 1421
1337 1301
1346 1269
1373 1450
1399 1449
1403 1418
1411 1465
1432 1375
1435 1415
1436 1432
1437 1441
1442 1476
1446 1480
1455 1491
1470 1428
1501 1497
1502 1519
1505 1498
1508 1472
1516 1403
1520 1512
1531 1534
1537 1374
1564 1474
1566 1546
1567 1420
1574 1570
1590 1549
1597 1554
1610 1568
1615 1509
1628 1414
1642 1528
1649 1518
1654 1527
1656 1511
1684 1588
1742 1726
1771 1589
1872 1663
1883 1761
1949 1892
2046 1805
2054 1848
2086 1755
2107 1749
2121 1817
2141 1818
2261 1855
2271 1869
2298 2156
