f_0082702.png f_0082670.png
144 5
145 37
152 21
153 25
160 56
170 20
175 50
180 41
183 72
185 31
189 47
191 59
192 38
198 150
199 104
203 65
209 102
211 139
212 78
214 80
215 62
218 105
220 153
223 87
232 75
234 119
235 108
236 107
242 164
243 154
244 81
245 77
251 180
252 161
255 230
257 123
258 148
261 155
266 109
281 226
282 174
286 241
288 196
299 247
301 189
302 176
304 183
305 187
314 215
315 264
317 216
321 271
323 228
326 250
334 251
341 232
342 237
344 272
345 236
348 330
349 301
350 289
356 258
364 314
370 344
377 305
378 367
382 345
383 340
384 311
385 310
393 302
395 321
396 304
400 380
401 357
402 336
403 333
411 386
412 322
416 407
417 397
418 370
425 387
426 337
427 413
428 403
429 347
434 398
437 371
438 428
440 399
443 456
445 446
447 390
448 404
450 410
453 430
458 480
459 482
460 486
461 425
462 418
463 421
464 471
465 406
468 432
470 457
472 447
473 426
478 490
479 476
480 499
481 500
483 452
484 445
487 517
488 518
491 450
493 466
494 533
496 468
506 549
511 537
516 496
519 541
522 478
525 554
528 507
529 498
535 502
537 584
538 571
539 572
548 593
565 542
568 602
569 617
570 601
571 546
575 586
584 615
586 620
587 595
588 618
589 606
590 560
591 566
602 587
607 652
608 573
612 600
614 666
615 664
616 668
618 632
620 611
621 597
623 690
625 647
627 631
628 625
630 598
631 590
634 635
638 636
641 603
643 685
644 671
645 643
648 701
649 686
650 681
652 614
656 658
659 621
662 704
663 662
664 663
666 640
668 698
670 622
671 628
672 629
673 623
677 719
678 669
682 674
684 645
685 735
693 705
696 742
698 706
702 688
703 670
705 692
706 757
707 707
710 774
712 743
714 720
720 763
721 714
722 717
724 699
725 736
731 777
733 737
738 746
739 731
741 793
743 797
746 811
748 814
749 794
750 787
756 831
759 734
763 765
767 748
770 826
771 817
773 785
777 786
779 756
784 850
785 795
786 778
787 771
788 767
797 782
800 833
805 862
806 878
808 835
809 841
810 821
811 792
812 887
813 877
817 802
819 818
822 865
825 810
828 836
841 819
842 911
844 843
845 827
849 891
850 853
852 897
854 866
855 824
860 844
863 884
864 839
866 864
868 938
870 876
871 854
874 934
875 945
877 868
883 946
884 871
885 940
887 926
888 901
889 902
892 859
893 855
894 892
895 915
898 956
900 962
901 935
905 893
913 970
915 919
919 889
920 1000
921 973
925 963
928 968
930 936
931 937
933 1004
934 930
937 1013
944 942
945 947
948 1037
951 948
955 1023
956 960
957 979
960 1024
961 1018
962 983
965 993
971 997
972 984
973 950
974 1025
976 943
981 998
983 980
985 1044
986 1014
990 1008
995 1034
997 966
998 1039
1000 1026
1003 1066
1004 1052
1006 1015
1010 1036
1011 1016
1012 996
1016 995
1017 982
1018 972
1019 1111
1021 1053
1025 1032
1029 1090
1030 1033
1032 1107
1033 1075
1036 1147
1037 1046
1038 1091
1043 1097
1044 1048
1046 1133
1047 1080
1050 1047
1054 1057
1059 1112
1061 1108
1062 1076
1068 1085
1072 1143
1073 1119
1078 1120
1083 1148
1084 1127
1089 1058
1090 1068
1092 1165
1093 1173
1094 1128
1095 1121
1096 1059
1097 1154
1098 1167
1105 1255
1108 1155
1110 1257
1112 1152
1113 1198
1114 1179
1115 1156
1116 1287
1120 1273
1121 1161
1122 1145
1124 1169
1128 1192
1130 1168
1131 1137
1138 1151
1139 1189
1144 1237
1145 1190
1147 1144
1149 1199
1150 1214
1151 1193
1152 1171
1154 1211
1156 1343
1157 1208
1159 1209
1161 1215
1163 1331
1165 1239
1172 1224
1173 1230
1174 1244
1175 1226
1178 1194
1185 1223
1190 1238
1194 1252
1195 1240
1196 1227
1197 1222
1200 1271
1203 1278
1204 1249
1206 1261
1207 1299
1211 1277
1212 1284
1214 1325
1217 1302
1218 1291
1219 1272
1222 1280
1228 1286
1234 1304
1235 1311
1237 1309
1242 1321
1244 1420
1246 1306
1249 1312
1255 1350
1256 1354
1263 1357
1264 1320
1266 1300
1268 1329
1269 1347
1277 1349
1283 1431
1284 1370
1295 1376
1296 1367
1301 1373
1308 1415
1315 1380
1318 1418
1319 1398
1323 1416
1327 1378
1328 1421
1329 1429
1339 1451
1343 1441
1345 1439
1349 1518
1350 1465
1351 1473
1352 1476
1356 1448
1361 1493
1362 1488
1363 1480
1364 1453
1366 1587
1368 1497
1370 1461
1373 1491
1374 1512
1375 1492
1376 1502
1377 1503
1382 1515
1393 1533
1396 1528
1401 1529
1407 1541
1409 1535
1412 1549
1413 1519
1414 1534
1416 1552
1421 1550
1438 1568
1439 1536
1461 1581
1480 1595
1484 1635
1505 1676
1514 1696
1522 1749
1526 1764
1542 1726
1549 1728
1553 1689
1558 1703
1559 1661
1572 1801
1580 1783
1584 1777
1605 1809
1610 1911
1613 1856
1622 1843
1633 1936
1638 1868
1652 1930
1668 1999
1680 1895
1714 2180
1722 2010
1743 2148
1746 2048
1749 2162
1756 2128
1768 2197
1778 2087
1792 2198
1803 2122
