f_0082702.png f_0082858.png
264 12
282 2674
289 570
347 14
441 488
508 802
628 2482
707 760
785 809
965 2853
1022 2346
1032 1832
1056 354
1077 1447
1093 2261
1220 2125
1257 2268
1267 1061
1274 2832
1318 2453
1342 2018
1372 2667
1375 1751
1424 1909
1448 665
1455 2082
1459 2314
1461 2505
1462 1883
1465 1081
1499 1139
1505 179
1513 83
1514 914
1522 6
1556 1766
1570 1240
1578 1
1586 1186
1610 440
1613 2551
1621 1953
1641 2008
1642 2803
1648 1012
1676 1146
1691 2621
1738 2210
1766 2255
1842 328
1914 1757
