f_0082558.png f_0082946.png
20 93
51 337
141 1247
146 1450
150 1492
151 1665
163 506
169 115
180 346
187 2102
196 2104
201 376
217 242
231 581
257 484
260 1474
323 1417
346 292
368 379
449 330
468 1135
475 885
478 1696
503 437
509 1187
517 1877
518 1006
535 1074
551 487
563 99
581 796
595 1005
609 888
663 1381
665 460
686 1354
691 922
692 604
769 1085
782 1141
796 139
806 446
825 693
841 186
863 185
869 858
874 1311
901 481
905 1332
929 1631
939 58
940 964
968 1754
1021 1609
1096 1057
1110 813
1113 748
1115 1290
1117 2025
1130 1896
1134 1030
1147 1082
1164 661
1167 377
1198 1096
1204 495
1257 1048
1261 1607
1265 1169
1272 1185
1283 124
1308 928
1343 1778
1354 1538
1388 157
1422 1262
1434 1697
1435 842
1453 973
1479 1707
1506 1445
1613 482
1618 826
1648 772
1658 458
1692 1589
1709 675
1719 1267
1720 62
1748 1076
1751 840
1762 308
1801 1225
1802 760
1860 963
1913 1867
1924 1122
1935 884
1938 621
1999 1183
2043 160
2100 936
2143 127
2146 1143
2149 852
2156 889
2215 1568
2224 1043
2236 1772
2248 935
2258 1721
2297 1565
2329 1435
2339 1560
2342 151
2413 1150
2440 1268
2442 2212
2453 1090
2459 1333
2463 779
2472 1534
2477 844
2481 956
2499 137
2537 638
2546 1680
2560 1207
2575 1559
2591 307
2594 769
2632 1204
2673 237
2702 1686
2749 1271
2774 1050
2840 1347
2880 173
2903 1611
2909 1800
2917 425
2920 203
2923 181
2960 1136
2994 1246
