f_0082976.png f_0082492.png
99 34
104 119
123 29
128 26
146 57
147 141
159 162
168 301
208 317
260 359
309 306
319 205
331 400
355 297
377 392
380 454
388 516
431 546
438 409
454 564
490 739
492 522
494 598
508 657
532 543
559 708
572 536
601 709
694 859
704 783
707 698
715 633
769 748
772 974
786 788
824 694
839 983
851 858
858 906
860 828
861 957
876 989
893 690
896 902
979 986
1025 1119
1032 871
1069 1212
1082 1190
1089 1111
1114 922
1155 1248
1170 1391
1185 1010
1244 1252
1278 1233
1290 1275
1301 1427
1313 1516
1331 1705
1353 1708
1407 1709
1408 1374
1426 1298
1465 1586
1504 1616
1515 1506
1550 1752
1562 1755
1580 1751
1600 1417
1611 1636
1624 1463
1648 1464
1679 1557
1683 1496
1703 1973
1728 1531
1731 1523
1735 1608
1763 1571
1798 1605
1806 1672
1825 1613
1854 1819
1871 1713
1881 2047
1901 2023
1910 1757
1974 2126
2004 1835
2047 2410
2062 1982
2090 1949
2100 1894
2139 2301
2149 2356
2150 2296
