f_0082912.png f_0082928.png
1 556
2 537
4 1202
6 809
7 2098
12 541
15 2145
16 2335
18 2628
19 482
20 2087
25 2188
29 2119
33 2495
34 2552
35 2305
38 488
40 630
47 2187
53 1940
57 891
59 202
61 2574
62 1992
85 2268
93 2286
98 2179
102 463
123 176
129 644
130 1183
132 2416
142 2166
144 1753
145 2579
148 2088
161 889
162 2072
165 708
170 260
174 2391
180 2326
181 2251
188 1311
190 2288
193 2091
202 1203
207 356
209 1245
214 290
217 875
227 224
229 218
240 2548
244 2606
250 988
262 147
266 2494
290 2487
291 641
298 837
304 2210
308 2660
310 883
313 2306
323 1497
326 2555
328 2005
342 1650
345 2635
347 1665
352 467
382 2324
385 419
387 2016
388 259
393 1952
397 2029
398 1821
402 2107
403 1518
431 2587
435 853
437 2313
459 2237
470 780
481 2361
484 884
493 2609
501 497
502 82
506 439
545 2175
589 2414
608 1396
619 1145
641 1154
645 2178
652 1701
657 779
663 2207
674 543
690 545
697 1565
722 71
779 1590
791 833
798 2067
808 1184
823 2211
842 763
849 2010
850 949
851 2096
856 1282
860 2381
869 1853
870 619
879 441
886 1865
892 1778
894 2059
898 625
910 1718
911 502
912 762
918 14
927 868
931 1155
936 1350
937 468
940 1340
951 2365
973 2323
978 2533
1003 2260
1009 2580
1022 2291
1029 1640
1030 1916
1038 486
1039 769
1045 1542
1047 2591
1053 165
1070 231
1080 657
1092 2112
1094 856
1095 8
1100 1511
1105 2290
1106 140
1111 1485
1115 1881
1138 2173
1141 2529
1147 1877
1153 293
1172 900
1174 1960
1179 151
1186 2079
1196 569
1197 1928
1227 284
1228 511
1246 1945
1251 1689
1268 867
1272 518
1273 748
1275 1730
1288 2001
1292 110
1294 1767
1302 86
1304 280
1306 2643
1311 1852
1312 1679
1324 2620
1327 560
1330 2158
1337 2110
1344 1152
1369 1158
1377 2619
1390 910
1392 2457
1402 1961
1404 587
1408 2129
1411 647
1416 1349
1427 921
1431 1074
1445 1502
1447 814
1463 1079
1469 671
1475 638
1478 1394
1510 928
1542 385
1548 1671
1592 2652
1603 717
1624 58
1651 1476
1655 2012
1658 169
1664 1182
1676 960
1683 1116
1700 2261
1706 2186
1722 1808
1748 656
1755 410
1763 2218
1767 1811
1784 2285
1792 895
1795 1636
1802 342
1806 1458
1809 163
1810 348
1823 1418
1827 2185
1836 22
1847 1784
1854 2009
1857 631
1871 1750
1874 1314
1880 553
1924 2212
1928 1235
1936 981
1937 276
1940 894
1960 909
1979 2015
1982 1343
1987 2553
1995 947
2006 1670
2020 1367
2030 1971
2037 2383
2053 1766
2078 66
2088 2300
2092 1229
2102 228
2104 2151
2113 1256
2134 881
2144 944
2145 2671
2163 235
2167 1826
2176 1348
2189 1189
2198 1217
2206 455
2233 924
2236 711
2246 21
2247 2150
2248 1524
2257 2263
2258 648
2270 124
2291 840
2304 1884
2308 2624
2318 693
2319 193
2321 2077
2328 1600
2329 1240
2338 718
2351 1421
2369 586
2376 2148
2379 2013
2381 2083
2393 1812
2406 724
2410 521
2455 350
2465 2605
2474 2447
2488 1930
2490 1707
2491 1562
2497 1926
2513 1932
2523 1360
2545 252
2548 282
2550 1276
2556 1890
2574 1070
2581 136
2591 166
2599 2670
2611 1117
2636 744
2651 1211
2663 1307
2664 153
2670 1596
2675 1033
2678 1810
2680 1423
2688 2239
2696 2128
2702 1020
2706 474
2708 1982
2722 382
2738 2144
2753 1448
2761 1564
2763 1236
2764 2265
2780 2041
2785 766
2817 339
2825 2343
2832 181
2838 316
2874 2597
2893 2214
2895 2443
2900 579
2908 678
2910 2064
2921 1786
2938 2289
2939 1843
2956 1038
2998 1501
