f_0082724.png f_0082958.png
6 1024
90 1038
100 15
105 341
115 1411
158 1514
180 597
186 625
248 1054
263 1575
265 122
291 1341
311 1408
315 1560
316 1837
321 1432
333 1445
346 482
352 222
355 1597
361 580
362 1085
369 808
370 1511
372 1620
388 715
390 897
420 1612
440 1194
445 1321
448 1373
462 1564
463 563
470 1391
473 1308
529 1814
533 1459
539 584
552 1946
555 727
557 1527
575 1782
579 1887
603 1053
629 1068
641 1589
660 1097
668 1131
685 910
688 1692
695 1691
701 922
724 1499
743 981
749 1522
768 1555
787 1127
801 1172
804 1447
840 1922
884 1955
923 1793
943 1541
966 1846
970 1187
973 2036
981 1830
982 2025
1026 2079
1032 2232
1060 1398
1089 1585
1113 2001
1150 1576
1226 2035
1231 2133
1239 1943
1256 1974
1270 1764
1448 2179
1450 2235
1529 2116
