f_0082952.png f_0082928.png
4 26
14 5
23 120
24 37
48 89
49 76
53 6
56 28
74 73
75 90
77 67
94 70
104 286
106 191
110 184
122 63
127 96
130 279
135 94
151 312
157 293
158 243
161 192
162 97
163 42
164 209
165 185
168 27
175 174
177 315
183 211
189 271
198 289
199 71
205 272
206 223
209 29
219 134
221 122
222 86
228 91
233 158
236 367
244 72
246 255
247 240
250 48
255 412
257 175
258 156
261 280
268 337
269 301
280 159
284 126
287 231
291 329
298 233
299 216
308 50
311 217
312 181
317 258
318 194
319 187
325 145
332 491
334 234
336 132
342 225
343 413
350 472
357 226
358 136
362 172
363 161
370 228
371 188
375 303
378 106
379 454
382 298
384 140
385 189
388 346
395 324
396 388
397 375
401 282
404 118
407 480
412 339
421 196
427 182
429 340
436 305
438 341
439 178
448 363
451 314
452 269
455 492
464 531
465 519
466 364
471 311
473 515
480 620
481 559
489 381
490 401
495 389
501 382
503 423
504 291
506 409
507 416
510 253
515 377
516 284
517 406
519 370
526 246
531 342
532 316
538 197
548 585
549 577
550 617
551 554
552 467
560 319
562 383
564 500
568 445
569 398
574 474
579 578
585 622
589 623
592 391
594 455
600 615
604 628
613 586
621 468
623 458
631 609
635 650
638 410
655 498
663 744
664 579
665 501
666 481
667 459
674 755
676 656
686 488
689 365
691 549
698 536
705 589
706 584
710 517
724 555
730 696
731 676
732 669
740 722
741 729
742 402
746 562
767 545
768 572
771 483
777 708
778 593
779 502
784 510
803 816
808 784
809 691
815 478
817 587
820 772
827 711
832 569
833 546
838 686
852 484
853 805
855 503
857 624
859 523
860 604
861 595
867 692
881 522
884 573
887 596
890 673
891 746
892 644
894 654
900 588
905 565
912 543
914 874
915 605
919 598
923 737
926 612
930 661
931 657
933 674
934 660
935 613
936 726
937 698
938 647
939 631
941 709
951 925
953 599
954 904
956 786
967 758
972 606
977 733
982 662
983 828
984 727
993 718
994 688
1001 682
1003 991
1007 748
1009 703
1013 818
1019 813
1020 742
1021 683
1025 710
1029 689
1031 835
1033 704
1044 739
1045 788
1047 668
1054 720
1058 992
1059 979
1061 768
1063 845
1066 705
1067 1005
1070 740
1084 852
1085 809
1087 980
1101 867
1110 754
1114 881
1121 728
1132 899
1134 841
1135 1028
1144 1047
1146 783
1154 819
1157 814
1179 1020
1182 913
1183 882
1186 974
1192 771
1200 869
1203 824
1206 1082
1213 926
1214 900
1222 1048
1223 923
1224 888
1232 921
1234 858
1235 831
1240 894
1247 950
1253 855
1254 940
1266 875
1267 1078
1269 951
1271 870
1274 1136
1280 1079
1283 880
1284 1161
1288 961
1293 1162
1294 972
1301 995
1305 1003
1308 912
1312 1096
1315 915
1318 1175
1322 1141
1323 1032
1327 1235
1331 973
1336 1259
1342 1033
1346 1021
1348 960
1360 1011
1365 975
1376 954
1379 1016
1381 1230
1383 1170
1389 1187
1392 947
1403 1163
1411 1024
1412 1013
1417 1012
1419 989
1423 1118
1428 1171
1429 1088
1431 1218
1432 1050
1435 984
1449 1049
1451 1017
1453 983
1461 1265
1465 1089
1471 1097
1475 1014
1480 1084
1485 1098
1486 1059
1487 985
1488 1351
1491 1206
1496 1026
1497 1001
1498 1233
1502 1201
1503 1155
1504 1149
1505 1108
1508 1357
1509 1352
1515 1069
1517 1302
1518 1040
1525 1065
1527 1128
1529 1060
1530 1358
1538 1075
1540 1051
1541 1380
1544 1064
1546 1046
1548 1312
1550 1260
1551 1158
1554 1037
1555 1374
1562 1234
1566 1388
1567 1267
1574 1288
1580 1215
1583 1081
1586 1119
1589 1286
1601 1138
1602 1093
1603 1473
1604 1275
1605 1268
1606 1242
1607 1209
1610 1140
1611 1382
1614 1193
1615 1105
1616 1143
1623 1106
1629 1174
1634 1297
1635 1132
1641 1150
1643 1435
1646 1208
1648 1094
1649 1434
1650 1461
1652 1213
1653 1189
1654 1243
1655 1236
1658 1166
1660 1115
1665 1184
1670 1173
1673 1402
1677 1342
1678 1298
1679 1466
1680 1237
1683 1134
1685 1348
1689 1365
1690 1341
1695 1383
1696 1167
1697 1444
1702 1152
1705 1217
1706 1180
1710 1276
1711 1238
1715 1418
1716 1271
1721 1299
1726 1254
1728 1197
1731 1228
1733 1327
1744 1222
1748 1221
1749 1404
1753 1499
1754 1377
1755 1289
1756 1292
1760 1354
1762 1323
1763 1300
1776 1257
1777 1529
1780 1262
1781 1447
1782 1370
1785 1278
1786 1272
1789 1303
1790 1482
1792 1485
1794 1293
1795 1337
1796 1311
1799 1305
1801 1459
1813 1296
1816 1355
1823 1345
1824 1421
1825 1310
1833 1487
1836 1346
1837 1553
1838 1469
1839 1425
1847 1568
1857 1350
1862 1581
1871 1575
1875 1596
1877 1559
1878 1566
1886 1555
1887 1408
1892 1606
1899 1542
1901 1392
1911 1401
1921 1577
1929 1615
1939 1620
1949 1647
1959 1442
1960 1578
1961 1582
1963 1462
1968 1465
1978 1513
1979 1471
1985 1651
1990 1635
1998 1639
2016 1532
2018 1696
2031 1690
2038 1519
2046 1824
2049 1572
2051 1573
2054 1558
2066 1594
2080 1718
2087 1619
2088 1561
2089 1539
2105 1640
2107 1728
2120 1650
2121 1677
2126 1616
2143 1664
2147 1753
2149 1636
2157 1689
2172 1678
2175 1654
2179 1811
2180 1821
2182 1806
2194 1661
2199 1679
2208 1852
2212 1777
2214 1773
2215 1704
2216 1674
2220 1755
2227 1816
2228 1759
2233 1826
2234 1790
2244 1721
2250 1889
2257 1817
2261 1837
2263 1732
2275 1847
2276 1838
2279 1714
2280 1853
2283 1727
2289 1733
2302 1993
2306 1746
2312 1813
2314 2001
2319 1899
2333 1940
2336 1749
2338 1761
2345 1780
2351 1715
2356 1855
2360 1814
2365 2010
2366 1894
2370 1883
2381 1900
2388 1937
2389 1910
2396 1802
2407 1923
2425 1935
2433 1970
2443 1823
2453 2114
2459 2015
2473 1963
2478 2068
2482 1905
2520 2003
2522 1964
2530 1917
2536 2009
2542 1990
2550 2017
2556 1998
2562 1959
2563 1944
2570 2016
2580 2105
2584 2035
2587 2073
2590 1985
2591 2075
2592 2025
2619 2268
2628 2064
2629 2044
2634 2098
2640 2045
2647 2099
2650 2036
2678 2088
2691 2106
2716 2190
2734 2238
2744 2234
2754 2258
2757 2166
2761 2202
2762 2182
2773 2246
2795 2474
2803 2269
2804 2303
2808 2183
2810 2351
2831 2251
2838 2333
2848 2260
2862 2411
2865 2266
