f_0082864.png f_0082670.png
3 594
13 980
16 694
22 333
30 808
36 770
77 174
78 1324
84 74
88 22
92 1056
96 106
105 645
107 771
136 655
138 123
145 836
156 560
160 941
161 60
175 897
204 229
208 1265
210 354
215 326
216 311
221 266
224 324
226 452
239 1168
240 817
250 25
252 51
259 1112
275 76
280 765
285 625
291 2015
299 627
314 1881
328 188
348 640
366 823
372 432
380 1198
385 169
386 356
390 425
416 184
417 414
426 689
427 759
437 669
446 726
448 100
453 979
458 107
461 623
467 778
495 914
506 1242
510 1648
513 1487
516 1120
522 449
530 1049
556 94
559 508
560 1083
562 234
573 302
576 1468
578 370
581 400
590 692
600 679
646 1316
649 800
654 233
672 1135
708 1535
709 649
716 1240
725 1404
738 1121
741 1472
750 63
751 1050
760 1885
771 731
795 758
806 162
833 782
841 200
844 1682
870 148
879 1010
891 547
922 2032
938 1090
969 926
972 1283
977 542
979 629
1011 964
1038 2074
1062 1118
1090 1213
1128 1904
1140 437
1145 1317
1146 661
1156 411
1164 1251
1179 258
1183 949
1195 546
1214 559
1262 487
1282 712
1284 1079
1285 718
1305 1387
1348 383
1365 1124
1377 1066
1410 1559
1412 1104
1427 860
1434 1202
1447 796
1465 419
1472 2078
1499 622
1518 825
1533 581
1539 1394
1570 1842
1593 466
1596 638
1604 994
1615 1532
1646 2075
1659 1856
1669 729
1677 316
1679 1131
1688 1008
1694 471
1723 706
1750 1665
1757 596
1759 1126
1765 695
1770 607
1786 1340
1822 1385
1825 451
1839 1046
1841 700
1843 1199
1853 1646
1866 839
1896 285
1897 566
1911 122
1947 936
1960 291
1969 993
1974 968
2005 88
2031 1778
2045 746
2054 674
2074 430
2101 1341
2104 787
2138 764
2160 651
2169 1836
2195 159
2209 477
2219 933
2226 1446
2242 231
2258 1185
2269 2
2280 955
2294 1403
2300 664
2302 282
2316 579
2334 290
2354 1187
2359 1179
2363 569
2370 688
2375 1144
2377 558
2384 641
2385 1871
2416 1215
2425 670
2427 287
2435 606
2452 1229
2469 851
2477 786
2480 815
2491 492
2497 534
2522 156
2532 1867
2544 2169
2575 228
2576 1074
2619 663
2627 621
2635 772
2671 519
2729 636
2741 1484
2747 2162
2749 970
2768 1148
2803 586
2806 1016
2807 445
2833 1327
2835 207
2846 1119
2847 597
2855 1193
2884 108
2887 766
2903 834
2926 1021
2947 1326
2958 310
2964 1914
2967 1329
