f_0082412.png f_0082882.png
17 51
19 27
28 40
34 72
167 50
187 92
354 149
382 241
425 191
448 303
457 174
475 110
486 254
487 256
502 278
509 277
512 281
514 302
516 140
524 228
559 173
692 239
770 238
789 311
807 348
858 356
935 336
965 304
967 484
1010 318
1023 446
1026 525
1039 552
1069 547
1100 469
1155 603
1164 561
1220 542
1229 589
1236 413
1237 421
1246 527
1259 617
1277 652
1315 565
1339 626
1413 610
1418 531
1434 632
1441 675
1475 636
1522 625
1552 737
1669 805
1691 815
1842 859
1857 823
1862 914
1875 692
1901 748
2003 973
2008 807
2044 969
2059 827
2265 1054
2276 1084
2550 1050
