f_0082924.png f_0082452.png
20 60
55 4
87 11
122 57
178 218
254 51
263 21
299 382
318 147
339 262
355 241
376 128
417 464
419 231
423 289
431 285
437 344
438 252
468 245
470 112
486 566
497 120
509 603
520 399
522 141
539 810
542 378
549 823
564 481
582 412
596 296
634 628
641 186
653 237
662 254
673 233
681 356
719 292
735 961
757 450
760 968
767 319
782 347
799 958
827 805
837 368
861 844
869 730
896 733
901 459
904 674
915 738
993 861
1071 1030
1082 953
1093 891
1112 902
1132 925
1209 1176
1223 1187
1285 1132
1292 995
1294 967
1321 1182
1334 1268
1349 1034
1374 1206
1386 1193
1397 1309
1403 1492
1441 1329
1458 1415
1502 1293
1548 1665
1617 1895
1646 1778
1662 1719
1663 1314
1695 1451
1708 1792
1711 1449
1721 1865
1730 1471
1738 1460
1753 1570
1768 1488
1770 1550
1797 1704
1810 1474
1822 1560
1828 1508
1849 1652
1922 1587
1925 1740
1928 1659
1951 1723
1980 1607
2005 1679
2102 1768
2125 1742
2134 1783
2136 1852
2138 1850
