f_0082946.png f_0082926.png
70 20
71 12
77 26
90 29
93 64
95 84
99 21
120 35
125 39
127 40
137 41
138 127
151 57
152 186
160 49
176 18
178 59
181 79
186 139
191 159
199 242
200 62
202 151
208 65
213 25
214 248
218 52
220 284
221 94
222 104
223 88
224 47
225 7
227 295
228 175
231 245
237 103
243 116
244 131
246 196
247 91
248 341
249 219
250 228
251 107
255 132
257 195
265 343
274 344
287 243
288 136
292 281
294 314
295 194
302 378
304 189
305 182
316 287
317 211
318 222
319 190
320 113
321 149
323 336
328 485
337 202
339 137
350 413
352 318
354 250
355 217
369 247
375 441
378 324
380 387
386 507
390 472
395 290
400 319
401 288
404 362
407 527
409 405
412 494
413 449
421 455
422 354
426 406
428 348
430 513
431 516
432 459
436 508
442 442
443 306
452 529
457 368
459 268
461 393
466 423
470 597
471 428
482 415
485 333
487 530
489 463
490 429
492 370
495 585
496 580
500 586
515 452
519 625
522 389
527 587
529 511
535 365
536 384
538 581
541 468
554 484
560 574
566 573
579 726
582 490
586 454
595 539
599 457
600 446
605 540
607 466
610 655
619 524
620 518
621 519
624 607
639 559
641 532
645 711
646 615
647 632
648 555
655 611
668 599
670 708
673 620
675 805
677 577
678 561
680 739
686 565
688 768
694 525
696 589
702 622
704 741
707 677
709 634
712 669
713 646
721 629
724 670
725 673
726 627
730 786
735 695
736 703
741 810
744 833
747 730
766 637
772 789
774 756
775 681
781 902
782 777
783 751
788 924
789 732
792 674
795 946
801 795
803 908
806 947
808 787
809 763
811 752
812 839
813 735
814 716
817 829
827 840
829 765
832 699
835 843
836 800
839 951
840 743
843 806
844 801
845 766
848 841
851 816
853 744
856 1018
857 956
862 890
864 718
869 865
870 812
872 747
873 959
874 929
876 1033
877 909
879 780
881 873
882 835
884 891
885 792
887 961
893 817
896 897
901 1004
904 1036
906 910
910 1006
912 1067
917 879
923 916
924 858
928 892
929 867
933 1042
934 952
938 802
940 1123
941 1086
942 914
945 809
948 967
949 926
950 782
961 1069
965 958
966 943
969 1070
970 965
976 970
977 912
978 881
983 1010
984 825
989 968
992 1019
995 1148
1000 1124
1001 1095
1004 1170
1005 994
1008 1173
1009 1136
1010 990
1012 1193
1021 1014
1022 971
1023 966
1030 1048
1031 954
1032 1174
1035 1088
1036 981
1040 1029
1044 995
1045 941
1050 1104
1052 1012
1053 1241
1059 1026
1060 1032
1061 1011
1062 950
1063 1082
1075 1040
1076 1044
1082 1319
1086 1076
1088 1291
1091 1120
1092 1050
1095 1056
1103 1238
1105 1099
1113 1287
1116 1292
1117 1212
1118 1143
1120 1133
1126 1251
1127 1218
1129 1106
1130 1093
1131 1110
1132 1071
1135 1171
1136 1134
1137 1263
1142 1345
1143 1316
1144 1135
1150 1253
1157 1151
1162 1366
1164 1172
1169 1214
1170 1188
1172 1079
1174 1264
1175 1153
1178 1206
1182 1317
1185 1301
1186 1257
1187 1265
1190 1097
1193 1424
1195 1254
1200 1258
1201 1175
1204 1328
1210 1228
1211 1222
1213 1374
1216 1223
1225 1246
1227 1260
1231 1259
1233 1247
1235 1302
1236 1303
1237 1179
1238 1177
1239 1161
1241 1375
1243 1165
1251 1419
1252 1284
1254 1289
1259 1403
1260 1341
1263 1266
1266 1402
1267 1371
1268 1354
1272 1290
1278 1432
1279 1433
1280 1399
1286 1314
1289 1381
1293 1234
1305 1468
1306 1334
1315 1533
1317 1434
1323 1285
1329 1395
1335 1435
1340 1500
1343 1436
1344 1394
1349 1364
1352 1442
1355 1529
1359 1564
1361 1598
1364 1490
1366 1530
1367 1525
1368 1342
1371 1589
1372 1483
1379 1605
1382 1415
1383 1588
1385 1498
1387 1443
1389 1568
1393 1643
1395 1616
1398 1655
1400 1507
1407 1565
1409 1512
1411 1632
1414 1444
1419 1608
1423 1542
1432 1667
1434 1674
1440 1661
1449 1702
1455 1656
1456 1657
1465 1546
1472 1751
1473 1602
1474 1585
1475 1515
1476 1571
1478 1669
1486 1686
1487 1535
1490 1558
1492 1617
1496 1713
1501 1629
1504 1792
1505 1798
1507 1640
1508 1648
1514 1658
1515 1633
1524 1597
1526 1746
1527 1698
1529 1840
1533 1722
1542 1771
1544 1618
1550 1599
1557 1741
1558 1693
1559 1688
1560 1630
1561 1613
1568 1853
1574 1800
1575 1729
1583 1801
1584 1671
1589 1707
1590 1694
1602 1820
1607 1824
1608 1682
1614 1660
1618 1758
1624 1720
1625 1708
1626 1631
1630 1735
1634 1786
1636 1805
1638 1979
1639 1947
1640 1921
1642 1767
1643 1721
1652 1807
1656 1882
1665 1809
1666 1774
1667 1990
1674 1802
1675 1673
1681 1810
1682 1775
1685 2017
1686 1821
1691 1826
1694 1883
1696 1816
1697 1796
1702 2012
1705 2024
1706 1971
1708 1859
1709 1842
1722 1852
1723 1950
1724 1874
1732 1896
1734 1967
1736 1806
1740 1912
1741 2007
1742 2013
1744 2022
1745 1936
1756 1918
1757 1902
1773 1961
1776 2103
1777 2122
1778 2028
1784 2084
1791 1982
1792 1968
1793 1945
1798 2148
1799 2061
1802 2193
1804 1997
1808 2088
1810 1993
1816 1998
1822 1996
1823 1930
1824 2197
1825 1946
1829 1933
1832 2081
1835 1873
1837 2032
1841 2114
1845 2247
1856 2006
1857 2030
1859 2010
1871 2274
1872 2176
1881 2033
1895 2228
1901 2105
1906 1989
1910 2090
1913 2199
1914 2316
1917 2124
1919 1994
1923 2123
1924 2130
1930 2141
1934 2359
1938 2230
1940 2324
1943 2195
1944 2051
1955 2086
1958 2301
1962 2217
1968 2287
1973 2243
1987 2385
1991 2432
2010 2386
2015 2440
2017 2322
2020 2332
2028 2465
2029 2387
2036 2366
2048 2314
2052 2318
2054 2502
2055 2412
2058 2448
2059 2452
2060 2411
2067 2396
2068 2404
2071 2538
2072 2284
2074 2390
2076 2348
2078 2468
2094 2511
2100 2522
2101 2494
2121 2587
2122 2523
2123 2519
2144 2509
2147 2550
2150 2619
2166 2444
2168 2535
2172 2344
2178 2533
2187 2601
2193 2585
2200 2636
2207 2580
2209 2661
2217 2625
2222 2529
2228 2407
2231 2563
2240 2474
2252 2697
2258 2672
2261 2581
2263 2508
2282 2439
2291 2669
2304 2758
2306 2651
2307 2645
2309 2698
2311 2553
2317 2649
2324 2705
2327 2703
2329 2652
2340 2674
2355 2594
2360 2517
2362 2809
2369 2776
2376 2530
2384 2699
2386 2793
2396 2679
2402 2559
2411 2788
2414 2744
2421 2716
2440 2790
2442 2829
2445 2835
2460 2801
2477 2815
2496 2695
2501 2750
2505 2842
2509 2803
2531 2816
2563 2755
