f_0082558.png f_0082952.png
1 1840
5 1525
9 1982
13 897
14 1641
19 2598
21 2529
27 1906
43 506
50 166
57 2432
70 1763
76 348
78 269
80 2422
105 2423
114 97
136 1450
146 1759
152 699
166 683
168 483
175 1611
177 503
185 406
186 2284
190 2105
192 1014
213 500
238 2372
242 2227
243 1668
251 412
259 1598
264 1677
287 1946
301 387
304 1509
308 906
322 2406
325 786
347 669
350 731
358 389
367 1217
379 685
382 380
384 1748
412 2028
431 2414
432 1068
453 1818
455 481
456 1020
458 1544
471 1013
481 1930
495 1133
500 2304
507 720
513 1619
547 1911
551 593
569 2061
571 382
572 1311
574 2011
579 1194
594 1306
595 1301
603 2687
609 1072
611 1790
619 634
674 745
676 2163
693 1346
698 2222
757 438
760 761
787 175
789 1257
793 1422
797 2568
800 2104
817 2356
843 827
869 1037
874 1690
882 934
885 1825
928 183
964 502
969 1916
978 858
979 102
987 2096
993 804
1016 1621
1026 648
1037 589
1066 1298
1076 2014
1087 1957
1096 1373
1115 1678
1121 1667
1124 2281
1139 2221
1144 952
1152 1720
1154 878
1155 2380
1172 1435
1182 1318
1188 556
1198 1539
1210 1536
1216 2092
1224 551
1227 1810
1244 1703
1252 791
1268 1175
1272 1550
1274 2552
1277 1563
1278 1180
1282 1074
1289 628
1308 1262
1330 867
1341 1517
1366 407
1370 620
1371 887
1377 1676
1389 631
1398 635
1409 1839
1415 1124
1438 1237
1440 2488
1448 954
1453 1161
1455 1286
1489 1031
1510 806
1519 1884
1522 1569
1554 1007
1556 2216
1575 1639
1592 777
1642 2034
1662 1871
1666 2066
1696 2442
1697 2430
1701 2057
1719 1638
1723 1989
1726 329
1756 408
1762 315
1774 287
1785 1484
1789 872
1802 955
1815 1407
1835 508
1841 663
1843 1126
1848 1063
1860 1260
1865 659
1885 1832
1889 1652
1893 1531
1941 987
1943 1561
1952 623
1963 1688
1974 1368
1988 1464
2006 1865
2009 1940
2014 1452
2027 1712
2053 2144
2087 1612
2095 1018
2096 2191
2105 1665
2111 1441
2115 343
2132 1853
2136 1633
2153 2334
2165 600
2174 2331
2178 1176
2202 1978
2212 2515
2213 528
2214 730
2228 1836
2235 2035
2239 1969
2271 261
2279 1694
2288 1872
2290 170
2302 2450
2304 2405
2308 2527
2316 713
2317 1151
2325 1365
2329 1792
2332 1715
2337 1574
2339 1977
2355 393
2356 1493
2368 601
2372 2219
2375 1864
2412 1698
2413 1502
2415 1431
2425 1259
2502 1486
2527 399
2536 1442
2543 1211
2544 1755
2549 1092
2551 2201
2552 925
2560 1628
2575 1960
2577 2397
2580 565
2615 2197
2619 1806
2649 1498
2665 1862
2682 518
2685 1445
2689 1242
2691 1174
2749 1645
2771 2120
2776 956
2809 1567
2833 291
2846 2252
2851 2013
2861 75
2862 1369
2873 2143
2904 2253
2906 965
2909 2503
2917 465
2925 2523
2962 1511
2966 1928
2989 2289
