f_0082924.png f_0082620.png
56 34
70 8
78 77
138 117
180 175
181 139
258 223
259 224
269 198
278 207
362 229
422 324
444 339
461 350
509 379
511 236
518 325
519 297
581 316
589 393
593 397
615 545
625 459
631 460
638 425
654 441
658 347
669 476
683 268
686 484
689 515
691 534
712 506
713 368
722 493
727 560
728 295
740 563
770 547
775 599
790 314
798 609
799 537
804 605
806 389
820 492
822 442
826 643
829 400
841 531
845 581
846 478
850 415
851 423
868 417
869 421
879 362
886 422
905 410
942 489
943 444
947 681
961 539
979 472
983 507
1021 821
1022 552
1047 579
1068 610
1071 620
1089 548
1106 822
1128 890
1134 827
1147 768
1166 721
1167 598
1183 574
1186 525
1188 931
1200 726
1204 902
1208 922
1219 662
1220 907
1224 625
1233 855
1257 602
1259 969
1260 957
1262 666
1265 912
1266 862
1293 690
1294 678
1310 903
1311 849
1314 869
1315 856
1334 817
1342 886
1353 979
1356 847
1367 794
1374 806
1375 777
1379 1114
1382 741
1385 1156
1386 837
1387 773
1397 863
1401 894
1406 980
1411 1018
1422 932
1426 1122
1428 874
1436 941
1438 1081
1439 970
1448 971
1449 913
1461 934
1467 981
1473 1108
1478 993
1484 942
1488 923
1493 865
1496 722
1498 1119
1515 1056
1516 1013
1528 1025
1536 1118
1556 1082
1569 1000
1570 947
1572 1115
1590 1027
1595 1159
1611 1045
1618 1028
1621 1263
1640 1220
1662 1163
1667 1049
1670 1053
1674 1036
1681 1075
1703 954
1707 967
1711 1059
1712 1077
1716 1072
1730 1076
1737 1147
1752 1236
1758 1165
1776 1103
1781 1117
1783 955
1817 1374
1828 1170
1830 1327
1875 1190
1892 1197
1901 1211
1940 1661
1961 1451
2032 1672
2047 1673
2049 1346
2075 1685
2097 1232
2120 1724
2141 1343
2156 1667
2161 1602
2169 1396
2170 1688
2213 1748
2243 1816
2311 1889
2393 1765
2402 1916
