f_0082958.png f_0082518.png
45 17
79 74
88 73
107 139
112 87
116 93
122 101
230 118
280 213
445 356
484 358
510 353
521 359
553 363
629 433
679 452
685 368
728 475
768 506
841 522
913 623
938 555
982 587
1009 600
1062 688
1111 695
1118 828
1122 829
1179 704
1247 859
1271 848
1272 764
1273 693
1291 946
1296 909
1308 810
1312 743
1318 851
1333 863
1367 936
1370 858
1394 979
1485 1091
1585 1145
1648 1031
1663 1034
1685 1172
1689 1148
1707 1167
1713 1076
1730 968
1731 1199
1735 993
1762 987
1778 1117
1789 1036
1797 1344
1809 1464
1832 1185
1849 1108
1854 1376
1908 1192
1959 1206
1971 1428
1983 1243
1985 1584
1987 1520
1995 1284
2023 1516
2043 1275
2103 1420
2132 1380
2149 1394
2226 1572
2262 1579
2321 1525
2342 1547
