f_0082928.png f_0082876.png
6 228
7 208
16 201
26 260
32 211
45 283
52 376
53 278
61 458
63 264
66 422
70 298
80 231
116 315
134 390
167 567
179 371
206 163
213 290
223 449
224 356
229 240
235 431
240 471
243 540
244 497
252 285
266 713
274 406
282 378
319 275
336 619
342 363
348 323
354 401
371 330
372 324
381 442
388 521
391 384
399 350
401 467
405 482
409 466
414 443
417 455
419 409
439 555
447 385
455 468
458 472
467 517
473 513
483 383
485 287
488 403
507 392
509 652
511 358
517 450
519 634
545 460
550 486
560 499
570 601
585 717
595 523
596 478
602 621
603 538
608 487
610 524
622 752
631 479
639 735
657 531
660 551
661 530
662 502
666 802
667 489
669 702
673 594
693 643
696 774
699 546
702 689
704 543
708 730
709 653
714 865
720 564
725 677
727 654
736 703
737 669
740 581
743 582
760 609
769 615
781 682
787 756
798 649
801 871
802 745
811 940
817 748
818 749
819 648
824 624
825 571
838 665
839 858
844 790
847 959
851 976
852 764
858 672
870 670
871 603
880 694
894 750
903 776
905 850
911 710
913 805
917 804
931 779
933 704
943 1050
957 1035
972 843
978 678
979 1017
983 797
993 984
995 851
999 994
1001 770
1005 1074
1020 1015
1032 921
1044 874
1053 1018
1057 902
1060 833
1063 867
1065 844
1078 1051
1079 1038
1090 912
1094 806
1106 860
1108 938
1110 1176
1111 1158
1117 826
1124 1091
1126 1025
1135 1125
1137 945
1141 1072
1142 915
1149 963
1153 1150
1165 978
1167 895
1170 1076
1171 1032
1178 1120
1187 1107
1190 834
1191 1142
1194 1102
1200 1052
1201 1027
1204 1138
1206 1045
1209 1002
1234 1043
1247 1219
1254 979
1259 1211
1260 1042
1267 1092
1268 1044
1274 1189
1279 957
1285 1094
1287 1098
1292 969
1325 1082
1326 1088
1327 1063
1334 1268
1336 1182
1337 1033
1340 1136
1341 1089
1356 999
1376 1156
1380 1208
1382 1171
1395 1190
1404 1143
1406 1297
1445 1174
1447 1172
1470 1112
1480 1108
1482 1217
1485 1216
1487 1159
1488 1151
1489 1166
1499 1257
1500 1193
1506 1083
1507 1325
1509 1220
1510 1183
1521 1152
1527 1285
1528 1286
1542 1205
1550 1303
1553 1292
1556 1169
1568 1348
1572 1224
1583 1242
1597 1271
1598 1191
1600 1298
1618 1304
1622 1312
1632 1377
1639 1327
1668 1305
1674 1291
1683 1442
1688 1360
1691 1361
1714 1310
1717 1469
1740 1396
1742 1324
1758 1411
1777 1398
1782 1384
1796 1401
1798 1416
1816 1420
1832 1441
1835 1520
1837 1459
1838 1460
1841 1461
1847 1484
1853 1511
1873 1515
1884 1519
1886 1474
1890 1521
1905 1444
1913 1482
1941 1522
1943 1467
1973 1500
1981 1490
2034 1537
2069 1572
2076 1592
2144 1656
2156 1547
2198 1682
2259 1640
2319 1789
2327 1677
2359 1855
2389 1799
2497 1887
2589 1885
2659 1878
2669 1866
