f_0082886.png f_0082776.png
112 66
136 56
147 133
165 154
175 109
202 35
232 212
288 270
311 449
319 476
320 70
327 481
328 298
390 377
411 451
413 507
485 89
488 68
550 489
594 768
614 105
698 673
726 627
731 770
746 943
756 656
772 678
794 888
801 870
858 354
859 340
892 1009
930 1143
931 686
934 944
945 732
1010 364
1042 335
1076 968
1078 1196
1158 1344
1167 977
1215 939
1220 1155
1227 1012
1234 922
1237 942
1253 1173
1280 1126
1290 1038
1294 1079
1300 1164
1321 1302
1334 1192
1341 1185
1350 1329
1360 1369
1375 1478
1382 1596
1427 1664
1443 1593
1480 1676
1486 1461
1511 1487
1517 1441
1524 1647
1556 1700
1567 1696
1603 1751
1703 1277
1707 1689
1713 1254
1724 1707
1735 1864
1765 1063
1789 1808
1832 1792
1873 1785
1897 1782
1942 2072
1945 2118
