f_0082946.png f_0082670.png
0 318
2 268
4 151
38 366
62 206
72 339
91 25
95 456
99 212
100 130
104 613
114 441
121 7
127 263
134 59
137 247
150 402
151 242
152 568
155 32
157 355
163 169
166 588
168 677
169 102
172 515
173 164
178 68
179 22
181 181
187 225
191 393
195 38
199 533
202 301
214 652
216 367
217 48
220 604
221 170
224 46
227 562
228 277
231 465
237 161
244 148
248 685
255 145
257 357
258 196
259 61
262 774
267 64
268 87
269 89
273 106
277 723
279 34
281 182
282 69
283 20
288 62
295 250
303 397
304 210
307 377
309 486
315 762
319 108
323 453
328 709
330 346
345 849
347 157
349 601
350 525
353 253
355 132
363 719
375 516
376 404
379 528
380 353
383 205
387 204
390 609
391 471
394 518
395 187
409 387
411 620
417 761
418 162
422 309
425 602
433 315
437 305
441 529
447 797
452 664
454 298
456 43
460 775
463 254
468 882
476 605
478 229
480 895
481 431
496 647
500 615
506 310
514 671
516 77
521 258
526 619
533 457
552 281
558 873
573 593
575 302
604 890
605 321
608 458
610 610
626 163
628 383
631 337
638 523
640 400
645 678
652 989
653 990
662 358
665 789
670 657
673 473
684 1028
686 372
699 822
702 437
712 491
716 1129
726 433
734 606
754 829
760 658
765 662
767 1070
768 507
770 648
772 634
781 883
791 421
795 1106
801 632
803 826
806 1038
812 633
813 542
817 637
819 534
827 635
829 492
840 504
841 644
845 509
847 845
849 558
852 545
858 705
867 1063
870 660
874 728
876 1206
882 587
884 663
906 674
913 817
927 651
928 575
929 573
960 1355
969 963
975 1089
978 600
982 986
995 1258
1004 1264
1006 621
1008 1288
1009 1081
1011 641
1019 909
1021 731
1023 675
1035 892
1036 691
1038 1319
1040 746
1041 655
1042 1134
1043 809
1048 786
1053 1345
1058 1140
1082 1478
1086 785
1088 1369
1114 970
1117 926
1118 795
1126 1018
1127 914
1128 804
1135 830
1136 770
1156 997
1157 802
1161 818
1167 1065
1170 853
1174 939
1184 1035
1185 954
1195 901
1196 902
1202 767
1205 964
1206 955
1208 734
1210 868
1213 1066
1215 874
1220 750
1225 876
1237 810
1241 1041
1246 984
1247 979
1258 1495
1259 1091
1267 1012
1272 875
1283 975
1284 922
1317 1119
1321 1545
1331 937
1343 1075
1359 1506
1366 1221
1369 1179
1382 971
1387 1057
1409 1067
1420 1185
1457 1242
1473 1210
1475 1084
1492 1199
1498 987
1501 1224
1514 1271
1520 1105
1522 982
1549 1253
1550 1159
1558 1276
1559 1277
1562 1110
1570 1021
1577 1240
1589 1305
1594 1309
1618 1341
1631 1329
1642 1266
1651 1225
1652 1330
1657 1290
1662 1441
1665 1349
1666 1263
1681 1304
1713 1194
1721 1397
1758 1318
1832 1559
1840 1997
1877 1404
1888 1788
1909 1792
1910 1546
1918 1500
1984 1611
2457 2158
