f_0082926.png f_0082942.png
3 140
4 137
5 191
9 219
12 50
20 47
23 184
25 247
29 73
32 67
37 165
40 123
44 193
52 181
55 175
57 124
60 97
64 84
65 215
68 190
69 217
70 204
73 154
75 195
76 209
86 108
88 240
90 144
91 296
104 246
105 262
106 207
107 250
110 241
116 189
120 295
121 152
123 183
124 229
131 245
132 239
140 257
144 228
151 197
160 226
162 182
173 212
177 380
193 211
194 289
195 252
200 298
209 302
211 314
216 376
228 267
232 407
243 341
246 275
249 261
252 173
255 356
256 357
258 439
263 447
268 433
271 225
277 362
282 401
286 324
288 394
289 431
291 413
304 397
305 374
310 368
311 482
317 249
322 293
329 159
332 330
333 489
337 422
338 444
339 478
341 244
346 351
351 294
353 301
354 429
355 445
357 417
358 528
362 430
364 484
365 529
367 386
368 454
369 455
374 421
379 361
380 461
383 500
384 540
388 475
396 495
400 436
404 395
405 435
411 539
412 555
413 373
414 491
426 221
429 487
431 554
434 346
437 599
439 532
446 593
449 438
450 511
453 587
457 610
461 608
462 617
463 499
466 652
469 674
471 281
475 512
477 699
481 481
486 367
488 700
489 560
492 606
494 441
495 514
501 494
504 675
505 498
508 460
514 473
516 465
522 605
529 459
534 416
536 536
539 623
540 636
544 326
548 586
550 749
554 510
555 666
558 577
565 685
567 721
570 644
573 621
574 582
576 662
577 665
586 533
589 728
597 509
599 683
604 677
606 614
607 718
608 680
610 596
611 709
615 670
622 681
625 581
626 705
627 731
629 742
632 717
634 739
637 759
642 569
644 736
645 551
646 713
648 719
651 595
663 637
669 693
673 755
674 805
681 810
682 585
684 724
687 669
690 788
695 727
705 812
706 679
708 687
709 746
713 849
716 819
718 811
719 881
722 772
727 688
728 707
729 754
730 781
731 766
743 822
744 801
746 854
747 844
751 792
752 787
763 796
765 841
766 823
767 859
769 903
770 730
773 833
778 799
779 832
780 863
789 784
792 847
793 873
805 702
806 838
807 866
809 918
812 846
816 861
817 888
818 880
823 837
830 898
836 857
838 744
839 815
840 816
842 956
843 817
844 843
852 777
853 831
857 917
863 760
864 842
873 853
875 678
878 733
879 902
881 930
886 948
888 751
889 825
891 856
893 901
899 887
900 913
910 886
911 960
912 965
914 971
915 797
917 906
928 732
939 935
940 1000
941 1011
943 970
948 910
950 1033
951 845
952 942
958 975
959 875
963 1013
968 985
969 991
971 982
974 1048
978 905
980 1040
981 1041
982 1062
986 896
987 934
989 977
990 998
998 1066
1004 883
1005 900
1007 904
1008 1065
1010 987
1012 1075
1014 1023
1016 1067
1019 973
1022 834
1024 1030
1029 1035
1031 1027
1032 1077
1035 1082
1039 953
1040 1081
1041 924
1044 1094
1049 1054
1050 1102
1051 1160
1062 1120
1070 984
1071 1131
1082 1086
1085 1185
1086 931
1093 1141
1100 1119
1117 1052
1118 1167
1121 1109
1127 1074
1128 1125
1129 1197
1130 938
1133 1093
1135 1174
1143 1126
1144 1127
1151 1145
1153 1190
1156 1124
1162 1112
1163 1143
1164 1227
1165 1250
1166 1228
1170 1016
1171 1150
1172 1165
1173 1003
1175 1186
1177 1264
1185 1132
1186 1123
1187 1138
1188 1168
1189 1223
1195 1113
1199 1139
1200 1149
1213 1140
1217 1321
1218 1136
1219 1177
1222 1239
1225 1196
1228 1225
1235 1346
1237 1092
1242 1111
1246 1216
1254 1211
1264 1199
1267 1330
1276 1300
1284 1243
1301 1233
1303 1303
1304 1294
1305 1326
1309 1272
1310 1323
1321 1333
1322 1354
1326 1154
1330 1345
1331 1395
1333 1248
1334 1318
1339 1176
1340 1198
1348 1389
1353 1277
1355 1270
1357 1271
1358 1399
1363 1322
1364 1410
1367 1218
1371 1246
1372 1350
1375 1245
1378 1378
1381 1301
1383 1437
1393 1293
1394 1307
1400 1448
1402 1286
1406 1238
1415 1408
1416 1431
1417 1203
1421 1341
1428 1482
1429 1407
1435 1357
1444 1436
1446 1466
1451 1353
1453 1490
1459 1316
1462 1463
1464 1266
1467 1359
1469 1386
1475 1507
1476 1464
1479 1388
1480 1435
1483 1405
1487 1524
1495 1367
1498 1392
1499 1456
1508 1530
1513 1472
1522 1532
1526 1475
1528 1336
1531 1487
1532 1512
1534 1420
1535 1495
1538 1427
1540 1506
1541 1523
1549 1486
1555 1419
1558 1499
1567 1439
1577 1485
1578 1502
1593 1526
1597 1531
1600 1446
1612 1521
1616 1438
1618 1539
1620 1426
1630 1548
1634 1529
1635 1543
1638 1484
1640 1520
1652 1560
1653 1575
1654 1625
1658 1528
1666 1585
1673 1630
1674 1504
1675 1573
1687 1549
1692 1533
1694 1589
1695 1468
1701 1639
1705 1538
1706 1559
1707 1555
1711 1687
1714 1649
1720 1601
1726 1667
1730 1587
1731 1572
1733 1584
1736 1621
1743 1629
1749 1562
1752 1544
1761 1513
1764 1546
1766 1610
1767 1638
1768 1661
1773 1579
1778 1596
1784 1608
1789 1676
1791 1653
1797 1540
1801 1583
1803 1518
1805 1637
1806 1729
1812 1613
1818 1618
1820 1602
1821 1688
1824 1606
1825 1599
1827 1592
1828 1617
1835 1645
1839 1762
1841 1660
1842 1694
1848 1633
1849 1657
1851 1636
1853 1577
1856 1706
1857 1648
1860 1703
1863 1620
1865 1644
1868 1792
1874 1713
1883 1686
1886 1727
1887 1631
1900 1643
1904 1717
1911 1696
1914 1819
1919 1733
1924 1758
1929 1716
1931 1708
1934 1654
1942 1726
1947 1642
1949 1699
1950 1732
1958 1743
1961 1757
1967 1735
1968 1790
1969 1791
1974 1852
1976 1750
1977 1756
1978 1761
1980 1755
1982 1796
1987 1765
1989 1902
1990 1670
1996 1809
1997 1817
1998 1813
2001 1741
2009 1812
2010 1848
2015 1908
2017 1695
2023 1922
2025 1731
2028 1789
2029 1856
2032 1860
2035 1951
2037 1800
2038 1950
2041 1788
2046 1794
2048 1816
2055 1964
2059 1782
2063 1974
2069 1975
2070 1739
2075 1722
2076 1830
2080 1810
2086 1979
2088 1837
2089 1835
2090 1900
2093 2019
2099 1834
2100 1931
2102 1771
2103 1799
2106 2008
2109 1853
2115 1895
2117 1890
2118 1991
2124 1941
2125 1842
2133 2036
2136 1882
2141 1959
2143 1805
2146 2015
2152 1914
2156 1888
2160 1957
2163 1863
2167 1925
2169 1971
2171 1833
2174 1970
2177 1907
2178 1912
2186 1887
2194 1898
2197 1841
2201 1985
2208 1986
2211 1948
2215 2032
2216 2085
2217 2001
2220 1976
2224 1998
2227 2031
2233 2062
2241 1967
2243 2026
2248 1910
2249 1943
2257 2048
2260 2054
2261 1909
2263 1990
2273 2127
2275 2052
2276 2053
2280 1936
2284 2131
2296 2051
2299 2006
2317 2022
2322 2079
2324 1989
2327 2018
2330 2034
2333 2090
2335 2077
2337 2121
2339 2122
2345 2066
2352 2016
2353 2058
2355 2025
2358 2145
2359 1999
2360 2075
2372 2088
2376 2094
2379 2179
2380 2174
2382 2126
2387 2095
2388 2225
2389 2101
2392 2188
2393 2038
2404 2142
2407 2287
2408 2078
2409 2083
2412 2119
2413 2136
2418 2186
2420 2280
2426 2167
2427 2200
2430 2173
2431 2305
2433 2082
2437 2134
2444 2215
2450 2204
2455 2150
2458 2073
2470 2166
2472 2203
2478 2202
2479 2243
2483 2192
2494 2165
2500 2270
2504 2384
2505 2291
2508 2273
2509 2229
2528 2304
2530 2403
2531 2242
2532 2247
2533 2258
2535 2295
2539 2219
2549 2382
2552 2319
2561 2311
2566 2312
2571 2343
2576 2371
2581 2385
2582 2429
2583 2267
2585 2338
2592 2310
2593 2318
2596 2380
2603 2370
2605 2405
2612 2455
2616 2394
2617 2464
2618 2314
2626 2390
2627 2404
2630 2383
2640 2415
2641 2448
2644 2441
2645 2447
2648 2424
2652 2442
2659 2361
2665 2350
2673 2444
2678 2454
2684 2398
2685 2445
2687 2381
2692 2465
2695 2524
2696 2372
2699 2500
2700 2409
2708 2494
2720 2471
2736 2449
2737 2421
2768 2457
2772 2513
2777 2516
2778 2522
2784 2469
2785 2538
2809 2520
2814 2533
2828 2535
2829 2532
2834 2529
