f_0082620.png f_0082876.png
38 502
40 443
68 335
71 562
130 352
154 472
167 615
169 624
171 466
178 453
203 471
213 418
226 646
230 494
240 429
257 579
283 509
302 601
319 621
330 496
366 797
372 689
415 749
417 757
421 763
422 771
428 745
439 636
442 756
443 805
468 664
469 760
477 768
481 782
529 674
568 774
585 830
586 911
600 859
618 846
621 876
627 761
628 894
680 821
683 1020
688 809
702 872
713 881
727 945
743 1032
751 935
755 919
758 1089
761 1112
769 1045
771 984
781 1061
794 1095
797 972
801 1039
810 1025
814 1086
817 1092
823 1079
827 1015
856 1094
862 1076
864 1037
876 1098
887 1135
895 1134
918 1157
923 1193
926 1140
938 1162
946 1156
956 1069
969 1114
989 1206
993 1215
997 1233
1022 1234
1049 1280
1076 1313
1080 1208
1098 1192
1106 1264
1130 1303
1142 1305
1151 1354
1175 1365
1184 1384
1206 1401
1224 1377
1229 1434
1242 1441
1279 1278
1288 1481
1356 1494
1357 1495
1374 1408
1442 1533
1483 1618
1523 1542
1544 1677
1567 1558
1578 1597
1625 1594
1835 1617
1838 1646
1860 1658
1871 1706
1886 1681
1916 1755
