f_0082868.png f_0082918.png
0 85
4 17
11 2191
15 16
22 2616
42 202
49 249
52 807
54 1329
65 1039
71 160
74 655
82 379
88 261
93 630
94 923
96 2285
98 2137
99 2413
100 167
102 360
108 303
115 1679
116 1651
120 588
122 12
127 2440
135 824
139 1097
140 1384
142 27
143 276
144 119
156 2128
167 2551
168 1708
174 525
184 2778
188 2671
190 1512
191 7
192 1647
193 6
197 844
209 800
214 2390
216 2477
222 299
229 1789
234 2476
235 157
236 751
238 2224
241 1594
242 344
257 2450
275 25
280 1137
283 1757
284 2369
291 2297
300 671
302 794
306 2185
313 1256
323 2614
331 213
335 169
336 2472
338 2203
339 204
342 1864
358 895
365 187
374 838
380 1006
382 2073
387 2963
391 1460
395 596
403 2901
417 2753
418 872
419 680
420 678
429 2204
433 101
443 1948
446 2582
455 113
461 220
468 1073
473 2977
477 1418
478 1017
485 2620
486 132
490 814
493 215
494 2217
496 1825
498 456
501 2600
507 2190
511 469
528 95
540 386
543 2124
549 806
550 1321
553 288
554 1640
555 2340
558 463
559 1996
563 2712
564 2865
570 2134
573 1796
580 455
584 2201
588 2318
605 1804
611 626
614 634
621 702
623 681
624 2166
628 753
641 1775
644 1112
651 14
653 2531
658 2544
660 425
662 1974
667 179
670 611
674 200
678 539
690 1128
697 310
698 2279
709 345
713 889
724 1183
725 2
726 1410
734 1960
747 1846
755 2435
760 834
763 862
766 441
769 827
772 1106
776 2360
795 226
796 930
817 732
820 1909
822 1373
825 67
830 900
835 1741
836 367
837 190
839 403
840 1085
841 1149
843 633
848 2834
851 623
868 2862
871 914
878 1728
879 2251
898 2759
914 1674
927 759
928 1322
929 2437
935 1949
937 2838
944 865
947 580
952 223
955 1136
963 2265
968 1104
969 2577
973 2905
976 2607
984 499
991 1409
994 2230
1007 1797
1013 959
1020 62
1023 1567
1029 1832
1030 2837
1034 2355
1035 1308
1036 2541
1042 690
1045 1293
1052 902
1064 1010
1070 1425
1081 571
1082 114
1099 686
1102 333
1104 2536
1105 937
1107 351
1108 129
1109 551
1111 1801
1117 1839
1120 1611
1132 71
1139 2660
1141 720
1143 1592
1145 376
1160 1200
1167 2052
1168 177
1170 198
1171 2773
1176 667
1180 2663
1189 366
1191 1188
1204 790
1214 1587
1219 2859
1221 527
1225 616
1228 1175
1230 1556
1246 779
1248 1582
1251 1701
1253 2812
1262 2006
1276 1100
1279 698
1282 2085
1284 618
1289 1591
1290 2995
1295 1732
1301 958
1311 1633
1313 2949
1315 2114
1325 878
1327 2728
1329 911
1333 239
1334 1485
1353 2800
1379 417
1380 1547
1392 2459
1399 957
1404 1602
1408 349
1411 2336
1424 208
1427 9
1429 2278
1433 1396
1439 263
1446 2679
1462 2274
1474 244
1482 260
1484 1590
1506 1008
1511 1664
1516 829
1524 712
1539 331
1540 2324
1552 1881
1585 1387
1590 783
1611 2519
1616 1190
1627 538
1629 1049
1630 1729
1633 400
1634 2276
1636 893
1638 2192
1649 412
1670 735
1673 1117
1675 424
1685 727
1688 2957
1689 568
1691 2349
1692 305
1706 2729
1707 43
1718 382
1721 2058
1724 2602
1728 1671
1735 1558
1739 1980
1745 1394
1755 1519
1759 1899
1762 773
1769 508
1775 1053
1782 2897
1787 1303
1791 2540
1794 2969
1797 772
1802 1226
1818 2743
1825 214
1830 241
1832 570
1847 2022
1861 592
1870 1270
1875 1013
1897 812
1899 933
1900 88
1906 1850
1910 2211
1913 2007
1928 668
1931 966
1938 674
1941 2308
1953 1744
1956 480
1964 1826
1984 541
1993 1893
2005 809
2014 2219
2019 287
2022 222
2028 613
2033 1514
2059 1661
2064 2008
2072 954
2073 2566
2074 393
2077 2088
2079 2377
2080 2135
2089 599
2101 474
2102 1435
2113 1526
2116 627
2120 2870
2143 2853
2146 407
2147 2389
2152 1663
2156 265
2165 2262
2169 823
2171 124
2173 1127
2177 1638
2201 2296
2211 1983
2235 2333
2236 1987
2239 2169
2244 2493
2245 868
2255 2553
2265 1216
2290 1223
2291 1135
2292 2057
2297 1405
2298 574
2299 434
2303 1333
2305 1662
2307 505
2311 2019
2333 1087
2336 2033
2348 1716
2371 1568
2379 1683
2397 2238
2404 1081
2407 230
2410 920
2411 2938
2413 2286
2415 415
2434 31
2471 2367
2474 293
2487 2024
2491 281
2499 1750
2509 2596
2516 886
2522 1187
2529 2972
2539 2975
2542 2947
2550 2475
2566 2451
2569 658
2573 879
2579 1278
2580 1689
2581 1269
2583 2181
2587 2103
2595 2344
2596 175
2622 225
2625 999
2628 93
2630 2510
2635 722
2641 2644
2647 903
2662 892
2663 1518
2667 320
2669 2083
2678 2932
2692 593
2695 2497
2704 777
2715 598
2717 2121
2732 2048
2742 699
2745 692
2746 2026
2755 233
2758 1000
2767 619
2774 2370
2779 2153
2780 1193
2783 604
2784 1851
2787 2193
2794 392
2797 2772
2809 2175
2813 1477
2817 961
2830 2896
2832 2950
2852 156
2870 1482
2872 1126
2876 2072
2878 985
2880 2723
2888 75
2890 1673
2894 1069
2897 2810
2902 614
2923 1028
2927 2371
2932 1464
2940 745
2947 141
2957 2259
2984 1372
2990 2188
2991 1668
2994 2385
