f_0082776.png f_0082958.png
69 489
95 246
130 808
145 93
153 1302
170 905
179 891
182 869
184 1008
188 853
224 595
241 362
245 1012
256 1511
263 1490
295 1329
310 750
311 768
313 1074
314 1365
330 1031
331 1162
333 1297
339 1157
348 1418
363 1677
370 1439
371 369
373 1611
399 686
403 647
422 1111
424 1563
452 1761
456 1767
466 1735
471 1734
493 948
546 1423
555 929
562 1622
604 1733
606 765
608 1833
626 1665
627 1294
642 1668
648 1579
649 1590
654 1621
686 1632
687 1251
689 1807
701 1568
736 1898
740 872
743 1922
746 1479
774 1835
775 1955
786 1604
788 1667
796 1679
812 1958
821 1481
886 1187
896 2130
898 2314
914 1530
932 1549
969 2001
979 1485
987 1337
1015 2279
1060 2308
1072 1935
1093 1731
1105 1674
1119 1797
1126 2174
1137 2151
1153 1624
1202 2295
1212 1845
1224 1900
1228 1853
1285 2352
1348 2339
1393 2119
1498 2128
1625 2173
1703 2179
1849 2061
1862 2160
2024 2210
