f_0082412.png f_0082642.png
41 63
48 69
104 102
109 12
299 98
364 85
396 233
425 134
448 448
487 225
488 230
528 166
537 173
561 180
563 195
564 132
573 161
596 223
643 272
647 236
739 387
768 313
770 303
809 352
818 478
826 261
827 262
842 353
961 447
975 435
976 589
983 477
1036 453
1049 617
1053 374
1077 658
1094 627
1163 729
1172 672
1257 550
1260 848
1261 845
1276 580
1283 499
1285 620
1302 736
1315 728
1337 586
1339 823
1356 828
1365 624
1372 780
1402 661
1408 682
1412 616
1417 675
1439 1024
1453 674
1512 991
1515 1177
1548 1054
1552 1065
1587 1029
1618 1084
1620 1096
1633 1136
1644 720
1655 905
1656 1286
1666 1166
1669 1154
1677 1141
1686 956
1690 1175
1710 909
1716 1218
1753 1176
1754 781
1772 974
1773 875
1789 1063
1809 800
1810 1193
1839 1230
1842 1404
1854 840
1866 863
1868 1246
1870 1427
1906 1248
1927 1140
1945 1268
1968 1446
1979 1381
2002 1467
2009 1489
2024 1012
2027 1416
2031 1151
2037 1067
2046 1199
2049 1478
2089 1078
2094 967
2096 1522
2099 1071
2111 1385
2155 1173
2160 1549
2166 1077
2188 1169
2197 1227
2207 1080
2229 1243
2235 1179
2253 1237
2266 1239
2302 1433
2305 1358
2316 1281
2326 1319
2328 1568
2355 1341
2380 1330
2435 1384
2440 1483
2459 1636
2558 1715
2562 1495
2638 1683
2676 1626
2704 1682
