f_0082412.png f_0082518.png
13 203
15 165
54 149
59 87
96 162
107 118
117 213
149 183
171 198
204 49
219 71
303 189
370 273
421 249
468 514
484 248
501 565
593 526
603 547
747 318
754 599
773 655
795 532
818 615
846 331
884 689
885 334
985 800
1004 811
1041 732
1060 836
1080 672
1093 497
1116 528
1163 810
1193 884
1230 930
1248 749
1267 831
1305 821
1355 855
1384 866
1451 1052
1569 1000
1676 794
1716 1131
1752 1159
1841 1189
1844 1232
1867 1130
1977 1085
2115 989
2172 1307
2292 1133
2350 1452
2590 1489
