f_0082724.png f_0082942.png
51 1328
61 343
77 335
81 453
82 454
106 1251
113 461
158 1373
207 392
213 1197
225 670
262 1000
275 713
296 577
307 582
319 514
340 1144
364 1482
376 1465
388 986
398 991
400 724
409 970
415 1127
426 1087
435 975
444 871
448 1086
451 784
457 925
467 1729
471 1225
475 1488
477 405
496 771
501 987
510 1249
516 1557
518 973
527 1034
531 1322
532 630
537 789
556 969
568 1114
581 1407
594 1412
602 602
626 533
635 382
649 310
650 1472
654 1502
662 465
677 1706
685 460
690 1560
694 1417
696 1515
716 1979
719 1136
720 1864
727 520
749 1188
750 1365
753 143
764 161
765 1434
789 1698
791 1215
803 953
805 1387
807 1543
827 1572
832 1746
838 1471
870 1443
873 1293
874 1748
899 744
906 1547
924 1609
925 1659
935 1848
948 1932
957 2015
959 1292
963 1383
972 1493
979 1684
993 1367
1001 2402
1002 2419
1018 1891
1019 1570
1020 1860
1024 1693
1038 656
1057 1663
1061 1205
1063 1554
1069 1584
1075 1901
1081 1645
1087 1761
1104 1686
1120 2024
1135 1946
1145 1959
1158 1858
1166 1744
1169 1348
1179 1756
1187 2382
1215 1945
1227 1800
1241 1957
1265 2005
1267 1680
1277 1581
1293 1258
1296 2244
1320 2026
1321 2377
1324 2108
1396 2448
1401 1954
1421 1912
1430 2003
1443 2463
1455 2124
1456 2383
1471 1616
1494 2473
1545 1845
1561 2295
1575 1518
1650 1861
1678 2112
1811 1935
