f_0082558.png f_0082868.png
3 2408
22 1999
30 2415
38 65
135 68
143 873
152 361
154 1289
164 28
165 2471
178 1242
187 1869
194 624
195 455
215 453
263 2101
265 859
277 395
280 721
282 2984
317 368
320 1637
331 1604
367 115
383 2889
408 1160
420 1590
456 1007
477 755
504 2235
507 1209
529 595
546 1956
572 935
585 1392
608 841
640 2107
670 1176
673 1546
742 478
774 473
804 2450
813 564
843 1719
869 1088
870 7
871 190
874 2064
892 293
895 2315
912 674
918 2023
938 2555
939 2788
945 652
970 1321
986 2888
1006 167
1012 2622
1015 2005
1110 116
1111 939
1113 226
1136 625
1141 1414
1196 461
1202 1115
1204 1922
1207 2146
1242 646
1253 619
1325 2974
1327 1462
1330 1965
1343 2882
1365 1598
1389 409
1415 665
1431 1133
1471 1692
1503 268
1532 1325
1575 138
1580 242
1584 1500
1615 1675
1617 612
1678 169
1680 42
1704 955
1726 48
1738 2312
1750 2265
1767 2933
1770 666
1775 2551
1777 1649
1790 871
1802 239
1836 392
1848 2410
1849 2199
1870 1497
1889 1108
1900 2080
1928 2760
1935 614
1964 209
1977 746
1988 2073
1998 1990
2013 1516
2036 2539
2043 365
2060 2417
2064 997
2066 868
2079 1843
2095 2548
2105 1940
2131 709
2146 1081
2149 177
2176 821
2197 2304
2224 221
2241 765
2258 2963
2261 1034
2272 2261
2316 374
2318 1689
2320 511
2325 2453
2340 1529
2358 2926
2379 2320
2448 2536
2461 549
2481 863
2489 664
2491 1605
2495 1170
2511 1018
2537 1364
2555 553
2556 2595
2560 1836
2632 123
2646 2541
2654 1724
2659 1833
2666 2116
2667 1425
2685 2214
2697 1520
2732 163
2810 1109
2849 1798
2881 1533
2889 974
2896 1110
2906 550
2911 1663
2923 1545
2927 2035
2944 2359
2956 1787
2970 1537
2980 2526
