f_0082558.png f_0082776.png
1 389
13 52
42 463
48 1274
67 642
75 363
104 455
113 48
127 547
129 1338
136 126
141 588
151 845
154 40
158 21
166 519
172 628
175 892
185 610
194 395
223 296
247 135
264 624
271 1027
274 538
278 1035
286 194
304 1154
308 1008
316 437
325 611
343 724
344 445
350 556
364 1527
366 752
374 413
377 1062
382 568
383 1196
389 557
408 383
412 537
421 822
436 728
451 707
488 758
491 966
546 920
551 287
574 521
579 741
585 514
595 291
619 727
622 968
626 691
627 1336
631 964
655 1217
658 726
661 843
672 177
673 732
680 1097
687 761
715 255
734 531
760 300
769 565
771 1031
774 890
775 174
795 762
797 1191
799 984
800 1076
806 311
816 1434
819 112
827 829
836 377
839 729
851 153
864 979
871 848
887 399
894 195
899 862
916 879
929 823
938 270
961 4
962 935
967 1185
986 238
1007 749
1022 470
1055 701
1103 206
1114 1186
1131 151
1140 811
1144 361
1150 916
1159 482
1169 878
1173 617
1177 651
1193 520
1217 770
1240 284
1250 695
1257 384
1261 1219
1265 302
1282 499
1296 735
1317 483
1332 915
1351 321
1352 545
1364 308
1366 591
1384 130
1386 352
1412 948
1415 603
1422 623
1430 666
1438 590
1453 440
1469 560
1477 446
1484 501
1486 972
1502 408
1503 723
1506 131
1514 1255
1517 1049
1530 681
1548 771
1567 685
1575 173
1582 1048
1583 313
1618 351
1619 799
1625 466
1629 658
1648 282
1652 1036
1653 285
1669 1017
1685 260
1699 880
1702 806
1720 108
1756 597
1761 635
1812 1261
1815 678
1832 764
1844 1111
1867 985
1875 1269
1876 804
1883 447
1886 1065
1904 807
1907 1053
1920 298
1923 1120
1928 431
1933 891
1948 290
1950 687
1958 622
1999 919
2003 662
2028 1308
2031 1212
2034 1392
2037 1094
2048 816
2079 415
2082 1022
2125 926
2132 801
2139 47
2146 944
2151 106
2157 872
2164 861
2165 598
2168 605
2195 787
2204 148
2212 721
2231 774
2234 988
2235 551
2240 332
2245 1332
2256 546
2279 711
2284 207
2288 712
2308 1271
2317 684
2328 193
2339 492
2351 224
2360 427
2365 1397
2402 643
2415 868
2418 381
2436 562
2453 746
2454 228
2455 790
2456 639
2457 627
2475 443
2483 550
2500 294
2503 1098
2548 152
2549 778
2591 171
2606 540
2632 694
2649 786
2657 613
2670 925
2671 1037
2686 886
2688 1083
2694 1018
2702 515
2716 828
2718 1295
2743 888
2773 1096
2786 422
2829 277
2833 459
2836 1164
2900 1238
2904 652
2922 998
2934 917
2950 272
2962 876
2970 683
2979 1304
2980 656
2984 626
