f_0082642.png f_0082776.png
40 293
54 100
55 206
85 92
90 69
96 319
100 70
129 110
140 250
141 251
168 260
170 317
175 358
186 308
195 298
212 171
238 463
250 216
261 357
263 493
318 519
332 180
333 184
349 476
375 161
378 210
385 185
394 126
398 550
400 217
405 607
409 299
418 611
426 240
447 478
453 355
494 655
507 453
521 677
547 446
554 593
558 500
571 613
581 508
609 627
649 263
664 540
667 587
668 376
670 656
671 665
730 588
736 633
741 623
762 495
780 659
781 768
783 680
823 600
828 648
831 1026
835 751
844 711
848 651
861 650
870 1041
883 762
899 747
912 695
992 689
1052 814
1071 1114
1088 746
1116 837
1189 1102
1241 1148
1242 1125
1244 862
1269 743
1279 920
1283 788
1305 966
1310 752
1410 1005
1421 1014
1426 787
1430 1217
1437 969
1491 840
1516 1094
1548 980
1557 1093
1572 1044
1587 1012
1616 1000
1776 1448
1788 1197
1790 963
1798 1208
1836 1209
1886 1223
1892 1145
1964 1484
1973 982
2041 1100
2068 1393
2071 916
2085 1346
2086 1392
2098 1166
2121 1095
2152 1280
2161 1502
2165 1291
2168 1191
2223 1188
2229 1329
2240 1449
2284 1290
2292 1460
