f_0082946.png f_0082724.png
62 195
99 336
132 206
143 219
151 346
191 460
227 727
244 112
250 419
295 220
307 383
373 632
390 668
394 522
403 937
404 207
405 134
411 685
412 661
425 625
428 14
431 662
437 180
447 825
451 725
552 58
590 97
597 30
598 176
610 532
628 118
629 67
662 98
693 31
744 718
760 496
770 497
789 255
798 34
817 405
829 99
852 192
866 1055
934 439
938 20
941 1067
966 409
1007 165
1011 262
1022 349
1023 337
1035 708
1036 289
1051 580
1060 345
1067 426
1073 491
1094 773
1129 394
1130 340
1139 314
1171 229
1172 115
1176 202
1180 1125
1206 686
1210 471
1215 493
1221 1136
1222 1103
1239 151
1246 693
1262 669
1286 504
1318 618
1321 1448
1337 141
1346 561
1372 813
1376 581
1382 548
1396 595
1413 596
1414 582
1457 978
1462 436
1476 738
1488 1337
1511 303
1514 947
1522 290
1535 699
1543 807
1558 906
1562 387
1620 366
1628 1245
1636 988
1663 938
1664 667
1673 819
1686 841
1696 786
1744 1278
1761 1232
1782 1521
1793 1016
1801 1037
1828 759
1846 1295
1849 1308
1865 1258
1868 1199
1882 741
1891 808
1918 746
1929 1368
1930 1162
1935 1339
1943 1280
1944 987
1955 810
1961 1320
1983 872
1984 1186
2004 985
2012 882
2021 1040
2162 1053
2261 1384
2267 1413
2307 1451
2312 1041
2401 1306
2430 1457
2519 1934
