f_0082924.png f_0082872.png
6 313
9 291
11 445
14 512
32 416
34 386
37 654
46 332
50 687
70 698
78 606
80 433
83 570
84 473
87 497
91 714
99 391
107 466
108 409
113 754
117 474
121 610
128 706
129 513
130 498
131 467
132 434
152 674
155 375
183 616
186 423
191 492
212 480
216 646
225 539
227 380
234 647
238 398
241 427
247 579
248 534
265 551
266 531
275 547
287 442
288 381
291 746
293 611
296 1007
300 761
301 548
302 354
309 681
310 549
316 581
325 958
341 588
344 689
351 552
360 393
368 975
374 691
378 524
383 658
384 636
390 608
403 623
405 1090
409 994
412 729
425 593
439 637
440 619
450 730
452 671
454 602
460 1102
470 677
474 854
477 1127
478 675
479 624
481 1121
487 782
495 669
499 692
500 625
501 1032
508 462
516 448
520 797
524 914
540 1092
543 815
544 722
553 725
590 713
592 1095
602 1238
614 644
619 901
622 902
623 903
624 662
641 757
649 941
652 944
653 830
658 1019
661 869
662 831
667 1202
668 1275
673 809
677 891
681 892
685 810
702 965
703 870
704 837
705 1276
715 1042
716 922
718 881
719 836
727 1297
729 857
732 763
739 1372
752 1168
755 928
757 980
763 924
769 801
770 1259
771 1047
773 1012
777 945
781 1172
782 942
786 934
792 839
801 1129
802 991
807 1150
812 992
813 998
814 954
822 1160
824 985
829 1091
831 993
837 1006
838 930
847 986
850 1152
851 1139
865 1064
866 1454
868 1169
870 1080
872 1030
875 1074
886 1178
892 1422
896 1187
898 1046
904 1130
911 1034
914 1479
915 1206
917 1081
920 1489
923 1056
926 1460
929 964
934 1099
941 1534
944 1218
955 971
960 1415
967 1278
984 1279
985 1204
990 1182
991 1535
996 1131
999 1067
1009 1474
1011 1285
1027 1320
1028 1286
1034 1321
1048 1138
1052 1311
1055 1316
1056 1215
1057 1142
1064 1183
1070 1288
1078 1216
1108 1635
1111 1445
1117 1268
1118 1224
1122 1220
1125 1435
1129 1344
1131 1486
1132 1412
1144 1312
1149 1424
1151 1351
1157 1496
1164 1514
1166 1447
1173 1436
1175 1449
1176 1450
1180 1291
1193 1675
1201 1468
1202 1323
1206 1471
1209 1528
1213 1345
1217 1500
1228 1497
1230 1359
1236 1427
1240 1685
1244 1405
1246 1337
1254 1442
1261 1516
1263 1330
1269 1431
1271 1532
1274 1663
1281 1543
1290 1553
1295 1506
1296 1472
1297 1408
1323 1538
1333 1652
1346 1482
1349 1568
1350 1409
1351 1654
1360 1523
1365 1756
1372 1511
1379 1830
1390 1544
1393 1645
1401 1648
1404 1437
1434 1608
1452 1499
1463 1609
1468 1694
1473 1840
1479 1655
1484 1700
1492 1736
1495 1621
1501 1770
1506 1626
1508 1938
1512 1678
1514 1622
1518 1643
1523 1886
1537 1728
1538 1718
1541 1910
1544 1786
1550 1761
1553 1710
1560 1862
1561 1771
1568 1807
1569 1801
1572 1914
1577 1961
1580 1873
1588 1965
1592 1740
1595 1933
1602 1973
1608 1617
1611 1844
1613 1822
1614 1775
1624 1627
1626 1815
1633 1991
1638 1681
1644 1802
1655 1835
1656 1831
1657 1809
1662 1951
1663 1794
1666 1992
1667 1878
1681 1899
1688 1900
1695 1882
1698 1743
1700 1836
1703 1783
1711 1892
1726 1874
1727 1863
1738 1916
1740 2010
1747 2098
1759 1926
1766 2040
1771 1920
1772 1867
1773 2113
1784 2009
1792 1984
1794 1940
1799 1895
1809 2042
1812 1967
1820 2068
1821 2018
1824 1958
1846 1990
1848 1903
1857 2069
1864 2012
1868 1971
1878 2043
1881 2015
1887 2028
1891 2155
1892 2085
1893 2199
1903 2044
1909 2096
1914 2047
1921 2185
1925 2163
1927 2217
1928 2138
1935 2136
1940 2224
1947 2246
1950 2225
1951 2158
1956 2239
1966 2156
1967 2052
1975 2252
1977 2166
1983 2203
2001 2281
2017 2167
2018 2066
2032 2305
2033 2180
2038 2182
2041 2304
2049 2262
2056 2183
2069 2264
2078 2274
2086 2243
2109 2324
2118 2345
2122 2318
2134 2275
2149 2307
2155 2432
2190 2402
2196 2468
2204 2319
2278 2453
2292 2367
2296 2465
2306 2442
2322 2374
2328 2352
2360 2331
2371 2355
2391 2444
2400 2430
2419 2552
2420 2584
2423 2458
2440 2443
2447 2529
2459 2609
2476 2565
2486 2493
2524 2461
2532 2611
2575 2699
2576 2652
2630 2656
2648 2672
2669 2765
2709 2677
2728 2713
2753 2602
2762 2763
2783 2831
2815 2827
2831 2762
2833 2808
2837 2658
2888 2844
2892 2704
2920 2870
2922 2756
2924 2897
