f_0082924.png f_0082876.png
6 166
16 126
28 260
37 361
45 228
47 150
50 352
52 219
57 218
59 142
61 278
75 261
79 336
80 264
81 171
87 298
88 417
106 376
107 256
124 346
135 191
139 366
155 135
171 176
175 441
202 250
207 237
208 238
211 371
223 426
228 179
235 302
237 240
239 155
249 290
256 232
257 199
263 291
271 389
278 451
279 494
291 449
293 367
308 497
309 406
310 309
332 471
335 305
338 475
345 310
354 697
357 348
383 401
387 541
388 442
390 384
425 350
431 466
438 467
440 391
445 409
448 437
453 385
470 412
478 402
479 394
485 455
488 472
496 432
497 436
499 413
506 358
509 629
519 587
520 518
521 439
524 586
525 555
528 450
532 513
542 535
544 461
557 501
559 325
565 761
569 641
580 397
591 375
596 499
598 664
600 364
611 550
614 421
617 578
627 600
631 707
633 652
638 668
641 478
644 523
653 530
661 551
662 525
663 502
664 410
673 542
678 692
681 594
683 643
684 580
685 543
687 701
692 702
701 642
703 576
710 546
714 722
719 563
720 557
722 753
726 539
727 788
728 644
737 602
743 547
752 730
753 646
757 656
762 743
763 609
771 703
782 615
793 718
797 802
800 744
802 648
820 762
822 756
827 760
831 665
837 672
849 748
850 749
869 763
870 683
871 694
876 585
883 731
886 771
887 715
894 736
900 858
904 776
908 846
909 783
910 739
916 716
923 704
954 691
955 662
960 888
966 831
978 823
984 832
985 791
995 811
1000 976
1003 808
1009 935
1024 746
1026 1035
1027 920
1032 869
1037 833
1044 901
1048 789
1056 806
1064 780
1066 972
1074 795
1077 867
1083 870
1095 826
1118 834
1122 847
1128 1051
1132 938
1134 1018
1135 990
1142 918
1146 1075
1149 955
1151 895
1154 903
1157 977
1168 857
1175 968
1180 896
1182 988
1189 978
1196 1004
1199 1038
1205 1039
1208 1093
1213 917
1217 992
1221 1052
1222 1040
1223 1032
1228 1002
1230 957
1234 1010
1237 1102
1239 1042
1242 1027
1246 892
1254 969
1256 1110
1259 1142
1261 1028
1263 898
1266 1076
1268 964
1269 974
1271 1020
1272 997
1273 939
1274 1101
1277 1155
1278 1125
1288 1120
1296 1007
1297 952
1303 1079
1316 1098
1317 1060
1323 1046
1330 970
1332 1208
1334 1092
1338 1189
1349 1071
1352 1061
1356 1088
1357 1089
1360 1036
1367 1095
1383 1057
1386 1104
1393 1136
1395 1064
1400 1182
1401 1134
1404 1029
1425 1062
1428 1143
1436 1177
1448 1190
1469 1067
1473 1231
1485 1084
1495 1152
1499 1243
1505 1166
1516 1223
1524 1263
1540 1130
1562 1205
1580 1279
1589 1286
1604 1285
1606 1235
1607 1210
1622 1225
1626 1246
1648 1303
1649 1292
1655 1271
1670 1276
1673 1318
1681 1298
1688 1312
1694 1349
1699 1395
1700 1275
1705 1316
1710 1313
1715 1358
1726 1293
1727 1294
1733 1327
1756 1302
1769 1299
1770 1359
1774 1360
1780 1377
1791 1414
1792 1361
1795 1340
1799 1324
1810 1362
1816 1431
1830 1442
1833 1407
1849 1419
1850 1369
1854 1411
1874 1452
1876 1372
1879 1367
1897 1368
1912 1533
1916 1461
1921 1494
1925 1484
1929 1474
1953 1583
1956 1515
1973 1468
1976 1506
1977 1507
1979 1498
1986 1462
1995 1464
2023 1488
2033 1524
2049 1555
2052 1518
2053 1525
2054 1492
2057 1560
2062 1581
2064 1561
2069 1559
2077 1572
2078 1562
2080 1516
2107 1541
2108 1586
2120 1635
2141 1565
2154 1655
2182 1563
2186 1592
2190 1605
2192 1696
2200 1628
2216 1595
2225 1647
2267 1665
2311 1634
2357 1670
2373 1669
2376 1671
2400 1677
2410 1688
2472 1712
2503 1739
2550 1801
2571 1773
2591 1732
2610 1731
2660 1811
2708 1848
2725 1897
2731 1834
2741 1925
2749 1916
2769 1938
2780 1879
2794 1955
2811 1837
2829 1928
2839 1880
2856 1899
2929 1930
2936 1958
