f_0082952.png f_0082958.png
8 9
11 32
19 25
37 24
40 45
44 29
45 58
51 82
53 23
54 31
78 30
82 129
87 49
89 88
91 51
94 42
98 81
101 2
102 48
103 128
111 118
116 80
122 70
128 125
129 103
136 75
146 117
147 144
157 33
164 63
168 148
170 79
178 102
179 116
180 147
183 72
186 169
189 67
195 93
196 152
197 175
213 198
218 161
221 173
228 165
229 204
230 210
240 250
241 201
242 208
243 221
244 228
247 139
250 255
253 133
259 215
260 253
262 179
265 242
266 257
269 142
274 172
276 248
278 245
279 290
281 289
286 185
288 293
292 214
297 265
299 239
300 232
301 269
305 287
312 264
313 313
317 226
320 288
324 237
325 335
328 235
329 268
332 192
334 260
335 312
340 295
349 306
352 303
356 193
358 365
360 366
363 354
365 294
371 344
383 361
384 402
385 384
388 280
390 352
399 326
401 349
402 395
408 278
409 383
412 334
415 379
420 421
421 390
423 309
425 325
428 332
429 346
431 389
443 388
447 357
448 364
452 431
455 321
457 363
464 315
467 433
468 449
470 328
474 376
482 393
484 430
485 474
489 397
490 404
497 479
499 333
504 468
506 403
507 418
508 419
509 470
510 483
515 443
516 495
517 425
520 496
521 524
524 438
525 448
530 406
531 492
532 493
534 437
536 494
539 367
540 371
541 487
542 534
547 516
548 386
549 391
551 407
552 447
557 457
558 527
559 414
560 554
562 523
566 432
567 486
569 505
570 513
574 502
575 540
580 515
581 545
583 417
586 522
587 571
589 453
590 454
591 550
598 435
599 423
601 478
605 446
606 500
611 459
612 476
613 477
617 560
618 607
620 536
623 559
624 561
628 537
633 600
636 590
639 611
641 591
647 544
656 586
660 549
669 642
674 514
675 480
677 558
678 605
680 609
684 552
691 589
695 614
699 641
703 658
707 621
709 564
710 645
711 646
714 644
715 619
721 663
722 684
723 555
724 635
728 692
731 580
736 626
737 661
740 533
746 631
750 650
752 701
755 674
758 681
763 699
767 682
768 667
769 648
772 688
773 668
774 700
777 628
778 654
780 655
782 697
784 703
789 710
794 707
796 602
797 632
799 690
802 666
803 594
805 672
806 673
816 629
823 709
824 713
825 726
829 695
831 722
832 741
834 747
839 720
846 714
847 725
848 740
851 782
853 686
854 755
858 729
862 756
867 736
868 754
880 724
884 784
885 678
887 777
890 762
894 753
897 733
898 769
900 788
904 798
905 804
913 800
914 731
922 779
926 827
927 718
932 814
933 807
937 794
941 773
947 728
948 862
950 851
952 778
956 793
957 808
958 806
959 858
961 850
965 760
968 810
970 842
971 849
977 822
978 823
979 825
985 848
986 768
989 833
993 856
994 871
997 821
998 866
1000 846
1004 748
1006 844
1007 855
1009 886
1013 837
1015 912
1016 908
1018 841
1019 845
1021 901
1025 911
1026 936
1032 870
1033 926
1037 831
1039 927
1042 914
1044 920
1045 899
1047 921
1048 843
1052 893
1054 966
1055 967
1059 829
1061 892
1062 946
1063 891
1064 941
1065 935
1068 884
1070 943
1073 968
1077 984
1078 965
1082 942
1084 905
1094 973
1097 959
1098 985
1100 883
1101 919
1102 995
1103 904
1110 997
1111 998
1113 930
1116 1020
1117 868
1118 1010
1121 1006
1127 979
1132 953
1139 970
1144 903
1146 1038
1147 1024
1154 1036
1157 1019
1158 1037
1164 880
1165 992
1167 1041
1169 902
1179 950
1182 1008
1187 1018
1189 1009
1191 1071
1192 1066
1194 958
1200 1057
1201 1055
1202 1064
1203 1101
1204 1072
1206 969
1207 1049
1208 1095
1212 1035
1213 1063
1217 1030
1219 1093
1222 1007
1224 1086
1226 1089
1227 1094
1229 1031
1230 1075
1234 1100
1236 1043
1237 1084
1246 1076
1251 1027
1252 1126
1256 1003
1258 1033
1259 1034
1262 1092
1263 1098
1264 1103
1265 1104
1266 1136
1271 1137
1278 1085
1280 1060
1282 1026
1284 1021
1288 1125
1289 1114
1291 1135
1297 1107
1298 1119
1301 1079
1302 1102
1303 1073
1305 1121
1307 1134
1308 1159
1311 1091
1314 1154
1315 1155
1317 1171
1324 1111
1325 1169
1340 1105
1343 1158
1345 1116
1349 1186
1357 1208
1359 1118
1360 1163
1363 1157
1369 1162
1370 1215
1372 1156
1373 1145
1374 1127
1375 1193
1376 1207
1377 1160
1378 1174
1380 1204
1381 1097
1382 1138
1383 1141
1386 1122
1390 1192
1391 1194
1392 1218
1393 1245
1394 1246
1396 1214
1397 1226
1398 1249
1404 1161
1407 1202
1408 1232
1410 1213
1412 1243
1416 1176
1419 1261
1421 1244
1423 1241
1424 1170
1425 1198
1426 1278
1431 1178
1432 1242
1433 1254
1434 1288
1435 1277
1438 1276
1442 1229
1443 1280
1444 1173
1445 1221
1446 1225
1448 1230
1451 1260
1460 1238
1461 1205
1462 1295
1463 1285
1464 1248
1466 1300
1469 1188
1471 1252
1472 1234
1473 1283
1475 1305
1479 1189
1480 1268
1483 1322
1487 1326
1488 1233
1492 1279
1494 1302
1495 1313
1498 1259
1501 1258
1502 1275
1506 1298
1508 1201
1511 1257
1518 1342
1520 1266
1521 1263
1527 1311
1542 1291
1544 1358
1545 1359
1551 1329
1552 1387
1560 1334
1564 1318
1565 1292
1566 1287
1567 1314
1571 1392
1573 1307
1575 1315
1578 1400
1579 1296
1583 1407
1584 1346
1585 1365
1591 1396
1594 1421
1595 1289
1598 1408
1600 1328
1602 1413
1604 1384
1610 1425
1618 1364
1622 1424
1625 1394
1630 1445
1632 1351
1633 1368
1634 1405
1637 1367
1638 1403
1640 1415
1641 1461
1643 1379
1644 1377
1647 1456
1648 1449
1651 1409
1653 1444
1654 1389
1655 1443
1656 1439
1658 1470
1659 1471
1669 1460
1670 1469
1673 1375
1675 1475
1677 1431
1686 1393
1687 1412
1690 1430
1691 1495
1694 1417
1696 1492
1697 1447
1698 1442
1703 1420
1704 1506
1705 1517
1706 1513
1710 1465
1715 1448
1718 1516
1719 1450
1720 1436
1721 1515
1725 1520
1726 1528
1727 1512
1730 1538
1735 1560
1736 1553
1737 1540
1738 1476
1739 1455
1744 1572
1745 1463
1749 1504
1751 1575
1752 1434
1753 1499
1755 1569
1756 1570
1758 1503
1759 1593
1760 1563
1763 1584
1764 1484
1767 1485
1768 1525
1769 1522
1772 1576
1774 1507
1775 1526
1776 1605
1779 1597
1781 1518
1782 1580
1784 1592
1787 1477
1788 1562
1790 1542
1792 1555
1797 1599
1798 1608
1799 1623
1806 1554
1807 1574
1808 1579
1810 1567
1811 1618
1815 1556
1818 1616
1819 1641
1820 1549
1821 1550
1823 1636
1825 1620
1828 1595
1831 1573
1837 1604
1839 1640
1846 1628
1855 1659
1860 1684
1868 1632
1872 1664
1875 1609
1876 1649
1877 1639
1883 1665
1886 1655
1891 1654
1898 1662
1899 1668
1908 1681
1909 1714
1910 1701
1918 1674
1921 1675
1923 1721
1933 1730
1937 1685
1941 1722
1945 1679
1950 1712
1952 1724
1960 1686
1962 1769
1964 1751
1969 1753
1971 1736
1973 1748
1974 1752
1981 1729
1989 1762
1991 1760
1994 1732
1998 1741
1999 1740
2004 1739
2007 1782
2009 1754
2011 1770
2012 1796
2018 1745
2023 1765
2028 1779
2036 1787
2047 1764
2049 1789
2051 1804
2061 1785
2062 1794
2063 1807
2066 1802
2071 1783
2076 1788
2086 1817
2087 1833
2092 1836
2095 1798
2096 1816
2097 1805
2100 1846
2104 1813
2105 1851
2109 1853
2111 1864
2113 1859
2118 1800
2120 1861
2121 1862
2126 1873
2127 1884
2130 1887
2135 1838
2138 1855
2139 1892
2147 1850
2151 1867
2156 1866
2163 1858
2167 1923
2169 1885
2171 1906
2172 1891
2173 1872
2174 1919
2175 1907
2177 1882
2182 1903
2186 1911
2193 1889
2200 1973
2202 1947
2203 1894
2204 1897
2205 1932
2211 1905
2221 1945
2228 1959
2238 1999
2242 1926
2243 1930
2248 1965
2260 1931
2261 1944
2267 1964
2276 1953
2277 1998
2284 1972
2287 1975
2289 2038
2294 1995
2300 1977
2301 1978
2306 2029
2314 2017
2319 2004
2325 1980
2326 2026
2330 1994
2337 2019
2348 2009
2349 2059
2353 2040
2372 2098
2375 2083
2377 2063
2379 2022
2393 2093
2398 2039
2408 2099
2452 2086
2454 2152
2458 2139
2466 2140
2473 2169
2475 2126
2479 2165
2482 2176
2484 2201
2485 2115
2493 2159
2500 2137
2509 2156
2513 2198
2537 2245
2543 2222
2544 2211
2555 2203
2557 2232
2561 2180
2566 2220
2592 2264
2593 2250
2601 2204
2602 2227
2603 2210
2617 2272
2632 2257
2636 2304
2639 2313
2640 2290
2644 2235
2649 2312
2653 2243
2664 2292
2665 2303
2678 2318
2682 2253
2687 2317
2690 2269
2705 2340
2708 2289
2725 2351
2735 2358
2739 2356
2748 2333
2759 2376
2762 2381
2769 2367
2790 2378
