f_0082412.png f_0082958.png
4 47
37 123
40 230
48 418
64 340
77 196
149 373
157 108
158 626
160 544
179 141
203 188
219 122
227 272
250 467
254 529
274 316
287 791
288 817
295 709
313 477
367 638
382 870
441 893
557 396
559 588
597 853
680 1012
688 1088
717 884
721 1018
737 576
827 666
854 896
858 1029
875 706
907 1419
949 1268
1021 929
1022 1111
1048 1033
1053 876
1080 1176
1098 865
1105 1210
1112 1427
1193 1505
1210 1081
1223 1370
1227 977
1239 1178
1240 1527
1247 1694
1272 1067
1302 1356
1306 1497
1384 1437
1394 1323
1414 1519
1418 1307
1527 1715
1531 1401
1569 1656
1595 1499
1634 1901
1673 1696
1682 1919
1694 1647
1728 1932
1736 1911
1744 1523
1759 1922
1760 1945
1787 1399
1812 1959
1993 1810
1998 1776
2013 1745
2046 1813
2076 2131
2340 2172
2460 2083
2488 2161
2495 2170
2547 2261
2559 2199
