f_0082702.png f_0082952.png
13 57
70 48
81 415
117 597
120 229
141 280
200 165
213 175
215 638
241 206
286 246
336 739
387 671
388 544
452 700
464 545
483 1252
501 1393
529 1157
535 1203
541 867
545 1128
552 645
597 820
620 1494
634 1018
635 1537
639 1097
683 1238
694 1331
707 1254
714 1269
725 1288
727 1212
729 1735
737 1277
747 1499
750 1072
752 1346
766 1747
773 1485
777 1369
786 1627
810 1505
817 1647
819 1411
849 1100
851 1639
852 1010
854 1311
873 1404
891 1725
894 1407
895 1447
901 1194
921 1206
928 1258
929 1445
931 1721
934 1791
944 1733
960 1490
961 1382
962 1567
965 1280
971 1498
972 1613
975 1782
979 1401
986 1501
1004 1557
1010 1589
1016 1979
1022 1430
1029 1437
1038 1644
1039 1612
1059 1611
1061 1740
1067 1632
1072 1663
1083 1455
1094 1774
1113 1720
1128 1729
1152 2155
1158 1837
1159 2092
1166 2027
1167 2111
1193 1693
1207 2164
1214 1810
1217 1987
1220 1814
1225 2040
1235 2338
1310 2080
1315 2439
1322 2252
1324 2484
1342 2071
1343 2169
1356 2163
1363 2337
1380 2261
1382 2335
1416 2483
1418 2406
1421 2405
1528 2758
