f_0082702.png f_0082724.png
37 25
41 257
52 16
55 70
85 249
111 104
116 3
127 126
137 281
152 87
163 356
183 286
187 155
189 250
190 65
199 417
203 101
208 4
213 271
214 37
220 178
223 43
236 26
242 169
243 156
246 231
251 210
252 127
258 112
260 49
261 57
264 60
274 86
276 360
277 179
278 77
282 75
286 336
288 200
289 88
308 371
320 346
323 81
326 220
333 459
341 21
344 287
350 282
354 648
361 383
376 207
377 180
381 507
386 58
388 608
393 31
395 52
398 93
400 460
403 89
405 621
406 617
428 419
429 272
433 553
436 660
438 482
439 526
441 98
444 598
445 461
460 524
461 226
462 211
467 610
470 296
477 587
479 307
484 22
486 583
489 464
490 275
494 684
495 541
500 331
510 772
525 576
531 821
532 500
537 861
538 764
544 727
547 652
555 780
556 542
559 848
563 735
564 661
568 625
572 83
574 567
575 400
584 626
586 685
588 777
596 849
597 662
600 941
602 320
612 165
614 818
617 472
624 801
625 672
626 497
628 384
643 888
648 949
663 537
664 407
666 345
667 1006
669 212
670 131
679 721
681 444
683 362
688 144
692 922
694 349
696 915
705 289
707 435
708 763
710 1033
714 409
718 106
720 816
721 501
733 452
737 518
742 398
744 410
760 78
762 538
770 754
773 411
778 415
786 340
787 314
788 198
800 724
802 1086
803 204
808 647
821 1083
828 486
832 357
837 942
849 803
853 837
855 184
859 643
866 514
870 509
877 471
878 297
887 737
889 577
890 493
892 305
898 1055
903 1153
906 911
914 749
918 1074
928 865
930 653
937 1115
940 370
945 574
947 1214
957 693
958 263
959 1067
961 912
962 791
964 1161
965 943
973 321
983 453
984 270
987 1036
997 264
1001 303
1016 334
1018 269
1020 1056
1029 986
1030 421
1031 300
1039 873
1041 385
1042 316
1044 596
1045 1270
1048 401
1049 1205
1050 714
1051 650
1054 670
1059 960
1062 614
1074 695
1079 544
1080 365
1084 962
1085 765
1087 1125
1088 778
1098 846
1099 766
1101 416
1104 359
1106 382
1108 963
1110 1209
1115 788
1118 870
1126 1225
1128 993
1129 761
1132 1411
1133 1230
1137 516
1138 386
1139 838
1143 1273
1146 627
1150 923
1151 779
1161 800
1163 1313
1166 769
1174 609
1177 529
1182 1165
1183 807
1184 615
1187 1134
1189 1367
1190 831
1191 744
1192 1399
1197 443
1199 1361
1202 1169
1211 906
1215 1170
1222 483
1223 467
1226 916
1231 1293
1234 770
1235 658
1236 634
1247 871
1248 530
1255 774
1257 667
1259 1420
1264 907
1267 1391
1271 781
1273 1276
1274 683
1275 628
1278 938
1280 789
1281 732
1289 430
1293 1291
1294 1462
1296 955
1298 560
1300 819
1308 1094
1310 1063
1313 775
1319 979
1322 884
1323 866
1325 1392
1329 880
1337 572
1338 925
1339 908
1341 506
1344 1057
1352 822
1353 820
1359 1310
1360 944
1361 681
1369 847
1372 862
1376 998
1377 881
1381 1024
1383 771
1386 1190
1388 1404
1396 1198
1400 1363
1401 1016
1404 1104
1405 1026
1410 1610
1414 1037
1415 741
1422 935
1424 1087
1430 1450
1438 1105
1449 808
1450 638
1451 1641
1454 967
1455 1184
1458 1358
1463 776
1465 1427
1470 1007
1472 1470
1475 616
1479 1157
1487 1271
1492 1506
1498 1442
1502 1264
1505 823
1507 792
1512 1718
1519 1664
1520 1303
1531 1096
1532 987
1533 1199
1541 1148
1542 1000
1548 1021
1555 1359
1559 731
1561 974
1563 1101
1565 843
1566 767
1568 795
1570 1045
1574 783
1575 1387
1578 1433
1582 933
1583 1121
1590 1014
1596 1097
1606 1482
1607 1085
1618 1221
1626 845
1631 1077
1632 1418
1636 1558
1639 1533
1656 1749
1657 1191
1658 969
1664 1321
1670 1581
1671 1561
1676 977
1681 1244
1684 1484
1688 1312
1701 1500
1713 1119
1718 1614
1719 1266
1726 1551
1731 1095
1739 1757
1744 1659
1747 1306
1750 1213
1755 1110
1768 1292
1782 1173
1792 1262
1795 1410
1812 1238
1814 1452
1821 1873
1829 1374
1835 1351
1852 1385
1857 1437
1858 1414
1859 1235
1873 1647
1883 2023
1895 2042
1896 1402
1907 1263
1915 1538
