f_0082452.png f_0082492.png
9 370
10 352
14 383
16 358
17 359
18 381
20 385
21 380
23 398
24 333
35 347
38 379
39 417
43 405
45 424
50 400
51 423
61 428
62 291
63 415
66 350
69 298
73 472
74 422
75 495
78 457
86 440
88 460
89 445
94 453
98 322
99 452
100 485
101 443
103 437
105 438
106 444
108 451
110 450
111 476
112 514
114 494
117 493
119 519
120 503
122 529
123 492
124 469
126 490
128 518
129 534
134 488
137 442
147 513
150 516
151 512
152 550
156 498
157 502
159 551
160 481
163 515
166 579
168 560
176 552
186 582
187 577
190 537
192 587
194 571
196 559
204 548
205 570
208 597
215 602
217 581
221 608
222 609
224 633
227 615
232 664
233 656
235 592
237 653
240 635
241 636
242 591
247 620
252 638
253 665
257 632
258 669
260 629
262 625
265 681
275 657
276 663
281 680
282 662
283 686
284 652
289 674
290 685
291 707
299 650
307 673
310 679
311 709
317 705
318 719
319 741
322 720
328 692
329 698
330 745
333 684
337 708
346 723
350 732
354 712
361 739
364 731
365 807
367 797
369 737
372 721
380 728
381 771
382 736
385 744
398 757
403 770
406 810
410 760
419 803
430 704
435 783
440 791
443 793
444 764
446 792
453 809
457 826
464 814
467 838
473 819
477 851
478 911
479 808
480 846
483 837
484 827
485 834
487 890
489 897
494 855
496 845
497 806
499 886
500 844
502 945
503 921
504 922
505 818
507 865
509 860
515 885
517 874
518 850
524 878
527 842
531 894
533 898
534 910
535 896
537 906
540 907
546 950
564 1027
566 927
574 942
583 925
584 973
585 963
590 986
596 1044
599 967
606 966
607 957
611 984
620 989
623 1004
624 1025
634 994
640 999
641 1000
646 1023
649 1075
651 1009
652 1033
656 1017
668 1102
670 1022
675 1056
678 1039
683 1024
684 1131
685 1126
689 1037
693 1042
694 1063
708 1072
712 1144
716 1163
717 1158
719 1070
728 1088
729 1083
732 1099
735 1165
737 1098
740 1159
742 1094
743 1095
746 1157
751 1120
752 1130
755 1134
762 1119
768 1185
770 1125
772 1183
773 1184
781 1138
783 1139
784 1206
785 1124
787 1150
788 1155
792 1147
794 1141
795 1129
804 1171
805 1162
809 1177
811 1149
812 1178
814 1175
815 1167
818 1234
828 1190
834 1191
839 1200
845 1268
847 1202
849 1203
859 1204
864 1232
869 1222
877 1239
881 1298
889 1271
892 1247
894 1260
906 1286
909 1262
910 1339
915 1287
916 1261
921 1276
922 1289
932 1327
937 1314
941 1321
943 1328
946 1317
953 1331
964 1364
969 1347
970 1373
975 1383
980 1369
983 1382
985 1371
997 1374
1005 1413
1006 1415
1007 1405
1013 1421
1014 1446
1020 1478
1021 1499
1027 1426
1030 1434
1032 1437
1038 1498
1048 1449
1050 1485
1052 1461
1055 1462
1061 1466
1062 1476
1065 1475
1069 1506
1074 1467
1081 1518
1083 1487
1094 1492
1099 1493
1100 1515
1102 1556
1106 1512
1109 1520
1112 1525
1113 1535
1120 1530
1121 1557
1129 1521
1130 1528
1132 1543
1143 1565
1147 1555
1152 1548
1153 1549
1157 1550
1158 1582
1159 1608
1171 1566
1175 1574
1178 1595
1182 1623
1184 1603
1188 1662
1198 1617
1199 1632
1200 1610
1204 1609
1206 1643
1208 1601
1209 1611
1215 1629
1227 1672
1234 1655
1238 1642
1246 1674
1247 1636
1264 1720
1265 1691
1268 1694
1271 1692
1274 1690
1281 1686
1286 1712
1287 1710
1291 1772
1294 1744
1300 1701
1301 1693
1304 1706
1315 1740
1316 1749
1317 1788
1320 1756
1324 1773
1329 1761
1332 1752
1351 1792
1378 1854
1381 1830
1385 1853
1394 1831
1395 1880
1402 1879
1407 1829
1412 1867
1432 1868
1441 1876
1448 1886
1449 1901
1450 1936
1457 1891
1464 1933
1468 1890
1470 1932
1480 1906
1484 1950
1488 1966
1489 1949
1492 1946
1517 1923
1519 1983
1526 1995
1532 1992
1533 1959
1536 1963
1554 1994
1558 1988
1560 2025
1561 2032
1568 2031
1572 1972
1575 1997
1578 1990
1584 2074
1585 2048
1590 2017
1596 2070
1598 2023
1600 2088
1604 2037
1605 2033
1607 2049
1608 2113
1609 2089
1610 2098
1611 2050
1619 2097
1622 2123
1630 2051
1646 2072
1655 2094
1658 2184
1659 2149
1667 2190
1683 2189
1691 2119
1695 2218
1696 2163
1698 2210
1702 2144
1706 2158
1715 2148
1721 2169
1728 2194
1736 2168
1741 2241
1748 2208
1754 2255
1760 2217
1767 2216
1771 2233
1784 2259
1785 2249
1793 2266
1794 2302
1795 2293
1810 2281
1829 2346
1839 2330
1842 2331
1874 2386
1891 2377
1898 2417
1909 2496
1913 2530
1940 2456
1949 2459
1961 2527
1972 2512
1978 2492
