f_0082868.png f_0082872.png
0 989
1 703
2 581
4 2318
6 2317
7 690
10 2238
11 639
12 2365
13 1094
14 1613
15 719
17 1440
18 939
19 2348
20 1609
22 669
24 996
25 238
27 1575
28 2347
29 2826
30 2305
31 1206
35 1661
36 2346
37 1664
41 874
42 1899
44 220
45 2725
48 622
50 1383
53 648
55 621
58 6
60 2398
63 2509
64 667
66 708
67 1038
68 2085
70 757
72 351
75 2879
76 1372
77 1608
78 2578
80 2339
83 1610
84 1678
89 2248
90 86
91 1165
92 1698
96 338
97 911
98 630
100 313
101 2028
104 1631
105 1803
106 1732
107 467
109 2819
110 2877
113 701
117 2554
121 187
123 1585
126 1682
127 2169
131 2889
132 2366
133 56
135 2086
137 2162
138 1450
140 538
142 2310
144 480
147 2574
151 528
154 675
157 1636
158 1536
159 221
162 1334
163 1736
166 2141
167 1453
168 970
169 1873
174 2116
175 1026
177 1013
178 1050
180 1672
181 1069
183 1236
185 1492
186 1015
187 1360
188 393
190 1900
191 1343
201 1680
204 569
210 1234
214 1316
219 2696
223 812
228 2321
230 1502
231 2146
234 2166
235 566
238 905
241 691
242 1012
243 1302
245 242
247 1485
249 1532
252 2457
253 2866
255 2408
257 2250
260 1558
261 498
262 4
264 2079
265 2002
269 209
273 2219
275 2338
278 879
283 1023
285 2163
286 2389
292 53
295 2159
296 1501
300 2246
309 2756
311 711
312 91
313 438
315 1507
316 1994
319 2345
321 380
322 121
323 2030
324 1224
329 507
333 1246
334 1702
338 637
339 929
340 2892
341 1210
342 880
346 158
348 2459
349 2192
351 2047
352 2651
357 194
358 1215
359 1598
361 624
363 2106
367 2132
368 1472
369 577
370 536
371 2719
374 1189
375 2387
380 848
382 1121
386 2008
389 2646
390 1757
395 1367
396 239
400 2607
401 2220
402 2077
403 415
407 1163
408 2447
409 1118
410 1414
416 2686
422 2072
424 1751
426 2070
427 801
431 1611
432 2147
433 832
436 1474
438 900
439 1083
441 346
446 361
447 2521
452 660
455 954
456 488
460 99
461 1412
463 1697
464 963
465 1731
470 2040
471 270
473 1919
484 1115
486 397
488 12
490 1254
491 114
497 1142
499 1763
500 1534
506 1489
511 1892
512 1956
513 1074
514 40
517 1194
519 202
524 986
527 2012
528 1243
532 1409
534 1310
539 2787
545 2326
549 915
550 1401
553 2259
554 324
555 640
556 896
560 2099
566 1588
570 1160
578 1568
579 2343
581 308
583 2735
586 786
588 1168
595 1752
597 103
605 890
606 2796
608 1712
610 1154
611 726
613 1528
614 1187
615 2277
616 935
621 1046
623 377
626 907
628 713
631 842
634 175
639 2610
642 2520
643 2190
644 1576
645 755
648 274
649 2397
652 1544
653 2231
656 1652
657 1808
658 2322
669 1996
673 1057
676 1381
682 92
686 181
688 2754
696 2693
698 1396
705 2584
707 1936
709 1538
716 2303
721 1082
722 1967
724 1940
726 1449
733 2121
735 271
738 2414
740 1053
743 1205
745 276
746 1197
749 692
752 2621
757 2626
763 1035
765 539
767 1058
768 2031
770 831
772 809
782 1155
783 2802
790 616
795 1229
796 853
798 2381
799 2385
800 2376
801 19
802 1331
803 1665
808 2095
813 699
814 1329
816 1549
825 1606
830 551
832 560
833 27
834 1514
835 1915
836 2136
839 1259
840 1435
841 1161
842 424
846 2399
847 1704
848 1724
849 795
851 391
855 1852
856 1272
870 197
876 2341
877 687
881 459
882 2154
889 231
890 2175
892 2018
893 1756
894 2155
897 1768
899 2055
901 1319
908 1318
912 2458
913 2855
914 1169
915 2184
916 501
918 100
923 2177
924 350
929 774
931 791
933 161
940 1730
941 1676
943 2056
946 1061
951 150
964 1758
966 2807
968 1282
970 318
971 411
975 2822
976 1423
978 1511
982 2701
983 2355
984 814
988 2464
990 1212
991 1424
992 2766
994 2392
998 1883
1000 1594
1002 1092
1003 1085
1004 247
1007 966
1008 400
1011 1226
1016 1123
1019 1650
1020 2145
1022 972
1023 593
1025 2186
1031 1521
1032 902
1034 2262
1039 499
1041 1710
1043 1891
1044 323
1045 810
1046 1364
1047 1955
1048 2395
1049 1500
1055 2659
1056 2021
1058 887
1059 115
1062 1642
1063 279
1066 39
1068 1738
1069 2
1074 1723
1079 2498
1085 2455
1086 2485
1088 1340
1091 2481
1092 1545
1095 561
1098 912
1099 928
1102 870
1103 307
1105 712
1108 1461
1113 1735
1114 1025
1115 2375
1118 1681
1119 558
1123 1997
1127 844
1131 830
1132 636
1133 1321
1139 1877
1145 1775
1146 2478
1153 2251
1155 1487
1158 2546
1160 1358
1162 140
1163 920
1167 735
1168 2197
1176 1945
1178 2325
1182 1601
1185 999
1186 1690
1187 381
1191 445
1193 2153
1198 430
1199 1144
1200 1422
1202 1769
1203 2640
1206 2435
1207 1312
1208 2269
1209 829
1210 2291
1219 981
1223 1674
1226 145
1228 571
1233 2329
1236 785
1238 2216
1239 1107
1250 81
1252 2272
1253 1656
1255 2316
1262 857
1264 1230
1274 342
1284 1298
1289 1091
1290 1581
1291 2204
1293 2441
1294 1914
1299 135
1312 2774
1314 2532
1315 1497
1316 203
1318 2205
1319 2430
1328 2243
1331 1271
1334 1692
1337 2421
1338 2497
1342 237
1345 1739
1346 55
1348 940
1358 2413
1363 344
1365 0
1369 1029
1371 2189
1373 2102
1377 296
1379 2268
1380 1281
1387 1917
1388 2786
1398 2628
1400 1777
1401 47
1405 1235
1406 1309
1412 2638
1417 2720
1421 450
1425 960
1426 2501
1429 398
1431 2212
1433 1938
1442 1699
1444 252
1445 2512
1453 2298
1456 442
1460 1579
1462 1878
1465 1196
1471 942
1474 2358
1476 1780
1485 947
1490 284
1491 1463
1493 427
1497 490
1504 2741
1505 1203
1507 1893
1511 760
1512 1913
1515 2263
1517 1557
1523 2183
1524 2081
1528 1637
1530 292
1531 471
1536 1073
1541 1981
1546 1727
1547 147
1552 1523
1558 1753
1562 317
1566 1238
1571 1027
1573 1467
1574 1719
1576 2901
1579 2304
1582 395
1583 2065
1586 2670
1588 132
1590 1822
1593 1184
1596 2894
1601 2583
1605 567
1607 303
1610 2716
1612 64
1613 2880
1614 2476
1619 1776
1620 2836
1623 2586
1624 1347
1627 2431
1628 901
1635 1754
1639 1413
1640 2662
1643 1250
1649 1201
1650 628
1653 889
1654 1221
1656 362
1657 1525
1660 2600
1663 1253
1664 1353
1666 2637
1670 487
1672 924
1673 433
1680 340
1682 1765
1685 1352
1690 946
1692 1480
1693 957
1695 80
1698 1459
1707 594
1708 188
1710 133
1718 1533
1722 1113
1723 2185
1724 1342
1728 2439
1731 2615
1732 458
1735 1277
1740 1818
1746 358
1751 1072
1752 2061
1759 689
1761 2678
1762 2033
1763 2738
1765 1429
1767 1378
1769 790
1771 1397
1773 2151
1778 534
1779 2223
1783 389
1785 1823
1789 334
1796 2442
1799 189
1801 1742
1802 1436
1810 1505
1813 2058
1819 677
1826 1600
1828 1007
1830 1295
1832 2264
1837 1620
1843 1172
1844 1030
1845 1134
1853 2609
1855 652
1867 673
1868 2887
1872 2244
1878 529
1880 1183
1891 2543
1894 108
1896 862
1897 1671
1899 2148
1900 2449
1903 2044
1914 305
1919 1099
1921 1348
1922 952
1925 1427
1928 2286
1931 468
1932 505
1933 2712
1935 2596
1936 2480
1938 742
1940 1375
1945 109
1951 2256
1955 373
1956 1779
1963 2138
1971 1337
1983 2560
1985 590
1986 2144
1988 805
1989 1441
1993 932
1998 762
2000 1410
2002 1105
2003 2547
2012 2904
2013 2552
2016 877
2018 2611
2022 945
2028 815
2032 2344
2035 2276
2038 199
2040 222
2041 374
2042 838
2047 2531
2048 1138
2053 1918
2055 2723
2061 240
2062 2143
2064 1607
2070 2865
2072 680
2075 2594
2091 2062
2093 1028
2096 867
2098 580
2099 1630
2108 1939
2109 2530
2110 122
2112 1000
2113 995
2114 291
2119 2225
2120 2119
2123 2302
2127 2522
2129 2167
2130 1330
2143 1845
2146 1651
2153 2635
2156 1888
2157 1884
2159 1153
2163 584
2165 1807
2172 806
2175 127
2176 486
2179 765
2181 1864
2182 98
2191 2137
2192 1213
2197 514
2198 2588
2199 1278
2207 2296
2208 1446
2209 2213
2211 1894
2217 272
2219 234
2224 26
2228 891
2229 2746
2230 674
2232 1966
2233 2760
2240 74
2243 1748
2246 186
2247 452
2249 933
2251 266
2254 337
2255 854
2261 1391
2264 213
2265 922
2269 2239
2272 117
2278 2647
2280 2115
2283 1239
2289 1420
2295 228
2301 210
2303 1546
2304 2254
2305 1149
2306 119
2307 1645
2310 2513
2312 2649
2317 2699
2321 917
2323 2515
2331 461
2334 723
2345 1068
2347 489
2349 113
2357 761
2360 2475
2362 823
2363 2545
2365 302
2372 679
2373 1562
2375 7
2381 2451
2386 625
2387 2553
2393 2849
2395 1990
2401 2053
2404 1402
2405 403
2410 1173
2411 1041
2412 163
2415 730
2420 662
2424 1166
2431 2789
2441 245
2445 600
2454 1486
2460 1989
2464 69
2465 2152
2466 1251
2468 2762
2471 599
2473 2301
2483 2519
2486 2784
2488 559
2489 803
2491 531
2492 384
2498 77
2499 1265
2506 1066
2508 1926
2510 2416
2512 449
2522 1418
2523 277
2525 1132
2526 1496
2529 2235
2531 881
2532 1629
2535 263
2536 1075
2539 1725
2548 1152
2549 500
2554 743
2556 1261
2560 1679
2564 248
2566 2139
2577 601
2578 1887
2580 619
2582 1393
2594 2742
2595 1363
2597 1100
2598 269
2599 326
2600 311
2609 416
2610 1299
2611 2201
2621 2619
2622 2252
2629 2311
2634 2778
2635 1911
2637 224
2640 329
2642 1040
2645 878
2650 1280
2651 2664
2654 2327
2657 2309
2665 2415
2666 423
2667 1959
2671 868
2674 2383
2675 1762
2676 2541
2679 1314
2686 888
2689 2687
2696 1973
2703 481
2704 2241
2707 1101
2711 1499
2716 541
2718 1255
2720 1306
2721 71
2727 2446
2732 1836
2741 547
2743 994
2747 618
2749 2117
2754 2373
2755 2709
2762 987
2768 2196
2770 716
2777 1741
2780 1602
2782 1147
2786 2571
2787 1128
2788 578
2791 1311
2792 2829
2795 2156
2796 152
2799 656
2809 841
2812 51
2815 429
2818 2287
2819 885
2821 695
2826 472
2834 1772
2835 85
2837 1740
2839 1240
2844 683
2846 898
2847 289
2852 672
2861 2876
2863 1158
2867 1473
2870 1191
2880 1143
2882 2224
2885 1405
2891 2171
2892 2875
2894 2023
2899 1443
2903 568
2907 493
2908 1986
2909 1654
2919 1846
2926 1985
2928 2581
2932 1056
2935 1747
2936 155
2937 1684
2938 382
2939 211
2940 219
2944 1895
2946 343
2953 822
2955 739
2968 706
2970 2710
2971 2426
2972 399
2975 1145
2978 241
2981 1430
2982 1561
2983 1691
2992 2775
2999 2266
