f_0082882.png f_0082928.png
98 177
116 46
119 16
128 64
132 28
143 53
147 26
149 97
162 122
168 96
169 116
174 68
188 133
195 485
207 216
209 276
212 390
215 233
222 407
225 383
230 391
231 565
233 30
235 429
239 113
241 456
244 303
251 419
257 488
262 459
267 495
272 396
282 416
283 137
285 409
289 273
291 591
292 625
293 545
299 467
300 595
308 535
311 388
312 497
327 647
334 247
335 293
337 242
348 579
355 720
356 547
358 568
362 673
374 574
379 783
380 428
388 726
405 759
433 802
438 787
439 952
442 852
445 723
447 850
448 867
452 962
481 976
482 949
488 756
491 826
494 905
501 1024
512 981
513 1065
514 1134
518 958
533 1156
535 1190
538 1071
539 1130
540 1239
543 1140
545 1039
547 1084
554 1108
558 1083
559 1228
560 1284
563 1128
566 1023
567 1147
574 998
584 1182
587 1164
588 1208
599 1188
607 1201
612 1225
613 1276
615 1170
616 1206
617 1227
623 1298
624 1346
626 1205
633 1267
634 1288
637 1321
642 1175
649 1342
653 1326
657 1042
659 1285
667 1319
668 1441
672 1309
675 1340
676 1422
687 1404
688 1198
693 1372
708 1389
712 1445
717 1510
726 1562
727 1426
729 1500
740 1542
750 1564
752 1514
753 1544
760 1555
762 1571
777 1566
779 1473
789 1577
790 1600
796 1622
797 1674
808 1652
815 1647
819 1677
824 1705
829 1692
831 1595
843 1799
844 1747
846 1759
853 1726
859 1725
860 1690
863 1782
871 1776
889 1855
892 1917
896 1809
899 1955
905 1854
907 1885
908 1873
911 1948
913 1912
914 1913
915 1900
923 1884
927 1890
930 1896
931 1934
932 1935
941 1995
945 1945
946 2014
948 2036
949 1925
950 2013
965 1982
966 1977
970 2012
971 2004
975 2009
982 2066
993 2010
995 2029
999 2023
1006 2049
1008 2077
1012 2110
1021 2076
1027 2086
1029 2082
1043 2161
1044 2105
1045 2123
1060 2183
1063 2151
1068 2129
1072 2252
1096 2287
1112 2379
1128 2362
1155 2489
1164 2547
1221 2633
1227 2642
1255 2641
