f_0082882.png f_0082924.png
102 147
147 55
156 43
168 84
173 42
183 249
188 129
191 225
196 265
200 516
202 49
204 378
212 341
215 309
225 384
226 25
230 390
233 105
240 402
243 149
257 521
260 470
263 504
265 277
266 412
269 664
279 496
282 468
283 299
285 431
286 522
300 607
308 536
319 550
320 663
324 510
325 617
326 653
328 519
336 444
350 509
361 567
367 565
369 652
373 539
379 786
391 621
399 608
407 679
410 870
415 750
424 705
425 781
426 917
430 823
434 894
436 800
437 827
440 696
445 784
447 886
454 776
464 745
467 841
470 968
472 978
473 973
482 967
484 998
485 1056
488 864
491 867
493 760
498 1033
500 903
511 950
512 1040
520 1069
528 1082
543 1141
549 976
563 1175
565 1067
567 1166
570 1061
574 1060
577 1198
584 1217
587 1200
592 1026
595 1031
599 1209
603 1261
607 1242
610 1199
615 1222
617 1285
619 1341
622 1291
624 1360
626 1250
628 1146
629 1390
631 1087
643 1315
648 1419
649 1367
650 1424
652 1387
659 1314
663 1374
671 1193
672 1343
678 1353
679 1354
680 1462
687 1428
689 1385
700 1505
706 1448
709 1563
711 1392
712 1482
722 1481
729 1538
730 1553
733 1537
737 1516
741 1585
750 1614
753 1592
756 1544
772 1618
780 1663
782 1676
796 1716
797 1760
806 1746
808 1725
817 1794
826 1829
828 1770
829 1810
835 1846
843 1897
847 1868
853 1821
854 1822
859 1849
862 1863
871 1874
872 1892
878 1909
880 1914
890 1958
892 1967
900 1960
907 1951
908 1956
909 1980
910 1998
913 1977
914 1957
916 1966
923 1962
925 2053
927 1927
930 1950
938 1993
955 1992
958 2001
970 2049
971 2065
976 2070
978 2090
985 2059
991 2111
1002 2110
1008 2109
1014 2219
1016 2101
1019 2119
1021 2133
1028 2075
1030 2132
1032 2137
1033 2081
1035 2094
1038 2121
1045 2201
1090 2198
1095 2281
1109 2331
1128 2426
1141 2419
1175 2731
1176 2345
1199 2704
1220 2468
1225 2599
1244 2616
1274 2678
1275 2711
1279 2696
1292 2813
1293 2829
1302 2805
1303 2863
1313 2750
1317 2826
1332 2815
1335 2842
1336 2841
1341 2812
1344 2941
1346 2860
1348 2880
1364 2878
1372 2899
