f_0082492.png f_0082918.png
86 1760
115 452
127 1570
129 1783
131 2062
143 167
144 2994
186 750
187 141
194 1743
197 2422
208 818
212 2606
274 251
301 119
312 1425
335 1474
339 2159
341 1942
375 8
379 1688
383 1567
386 1468
398 1822
403 135
418 477
421 1593
424 2066
426 645
435 2140
445 2456
454 699
483 2203
495 1732
503 1796
514 156
518 438
536 2601
537 528
567 39
582 1689
583 47
617 2002
627 883
633 441
638 415
654 1293
685 50
694 713
706 1039
707 1078
709 1764
718 1556
732 1349
750 1323
771 1205
783 958
844 619
855 533
871 120
907 651
972 886
984 1010
986 2985
999 2564
1024 913
1037 2938
1042 562
1060 2069
1063 2974
1089 2609
1094 998
1096 1674
1097 1612
1104 1469
1111 551
1113 353
1152 2891
1160 2754
1177 2591
1225 1071
1240 246
1252 1812
1260 253
1261 1054
1266 2950
1267 1922
1271 1947
1305 802
1318 1200
1320 1422
1335 2504
1347 1198
1348 838
1355 127
1364 2119
1365 278
1368 2811
1369 412
1373 434
1391 800
1405 2180
1413 1662
1427 1599
1433 171
1434 878
1440 1825
1470 496
1472 2044
1485 1042
1498 1190
1543 1000
1570 181
1583 1112
1587 729
1590 559
1592 410
1604 2541
1607 1201
1608 1202
1612 1083
1623 2668
1642 544
1651 1781
1656 788
1661 2173
1681 311
1687 455
1688 2507
1706 2001
1710 2874
1715 149
1723 110
1724 2634
1725 2277
1731 768
1752 198
1756 2980
1761 812
1762 1966
1772 1564
1775 2067
1779 1170
1783 215
1799 678
1800 764
1805 975
1813 408
1814 1683
1816 1228
1819 1322
1844 1869
1855 291
1863 733
1869 2853
1872 2503
1878 2712
1880 2048
1891 2915
1893 1266
1894 1821
1898 1024
1901 2978
1902 1761
1925 2975
1932 469
1936 1495
1939 2415
1940 1782
1944 676
1952 951
1953 381
1960 2890
1966 1038
1992 827
1993 1843
2007 1528
2023 1029
2032 784
2050 857
2097 211
2122 258
2135 1356
2141 824
2158 351
2175 1634
2201 1398
2208 2406
2224 397
2234 2543
2242 317
2246 2667
2316 1242
2346 2331
2347 394
2348 570
2399 1218
2409 2696
