f_0082886.png f_0082876.png
3 90
25 8
26 21
27 64
53 227
55 38
56 10
62 54
74 62
81 185
84 98
85 55
87 56
88 144
89 123
93 221
96 160
97 157
110 81
119 103
123 365
124 347
133 12
150 259
162 228
166 142
169 150
173 361
177 218
178 417
179 114
185 278
197 362
202 298
203 171
205 130
206 376
216 519
219 191
226 92
229 271
230 106
238 213
239 176
240 300
242 111
243 125
246 338
247 285
250 574
259 372
262 464
263 406
266 205
276 426
278 159
280 353
281 214
282 389
289 354
291 183
301 251
304 411
313 292
320 443
322 431
324 350
329 398
337 403
340 427
342 605
343 402
350 446
356 467
358 549
361 435
362 304
368 419
374 337
377 439
381 394
385 436
386 339
391 629
399 675
401 568
404 713
405 636
407 331
412 364
421 321
424 777
430 664
435 420
447 397
448 410
458 601
459 359
461 778
462 761
466 558
468 729
469 525
470 759
471 754
480 821
482 593
484 588
485 524
486 447
488 530
492 551
497 702
500 802
506 822
507 543
508 527
523 607
528 644
530 545
531 653
532 645
533 646
534 582
536 654
542 718
543 598
549 886
550 743
554 856
559 755
560 756
562 816
563 760
568 649
571 768
572 749
573 560
585 764
587 694
592 830
597 905
606 565
607 640
611 783
612 736
613 716
614 666
615 626
616 635
624 775
625 776
626 685
628 627
630 690
634 628
640 842
641 658
642 1013
643 882
650 823
654 800
656 691
659 779
660 676
663 837
666 851
669 1014
670 935
671 693
676 732
677 705
686 725
690 808
693 793
694 733
696 770
700 792
703 1099
708 902
709 889
720 937
723 766
725 1049
726 920
727 921
729 1050
730 922
731 1035
733 890
735 803
739 827
746 1148
748 824
750 789
752 1039
753 875
754 773
755 1132
756 977
758 938
766 834
769 948
770 826
771 1025
778 903
779 863
784 986
785 918
786 926
788 1072
789 955
791 895
794 1114
798 1091
801 1125
802 968
804 835
805 1087
807 992
808 845
814 969
830 898
831 1228
834 1142
840 957
843 1150
844 1094
851 1133
852 1138
860 999
861 934
872 1063
880 1036
886 1060
890 952
891 1283
897 925
901 1192
909 1016
914 1008
915 1143
916 931
917 1156
920 1140
928 1029
931 1096
933 1057
937 1268
940 960
951 1064
956 1105
957 1058
963 1202
971 1113
977 1263
980 1199
983 1223
984 1154
987 1065
990 1151
991 1217
992 1153
993 1121
995 1193
1009 1183
1013 1357
1018 1410
1020 1212
1038 1103
1049 1280
1050 1241
1053 1130
1056 1235
1067 1207
1068 1144
1075 1145
1077 1187
1079 1294
1081 1194
1083 1312
1084 1255
1085 1164
1092 1478
1093 1265
1095 1388
1098 1260
1108 1291
1112 1250
1114 1365
1115 1230
1123 1310
1131 1350
1133 1302
1135 1323
1140 1451
1141 1363
1144 1540
1145 1343
1146 1381
1151 1384
1152 1299
1155 1469
1162 1401
1169 1373
1175 1346
1176 1412
1191 1372
1195 1417
1196 1387
1206 1453
1216 1438
1221 1483
1229 1390
1232 1576
1233 1549
1237 1474
1238 1477
1245 1391
1247 1435
1252 1568
1256 1464
1260 1626
1261 1497
1265 1502
1269 1448
1278 1578
1281 1555
1284 1462
1288 1491
1289 1561
1290 1538
1302 1512
1307 1591
1309 1518
1311 1531
1319 1529
1322 1592
1325 1646
1329 1492
1331 1668
1333 1613
1347 1465
1357 1628
1358 1527
1360 1647
1366 1690
1368 1610
1375 1664
1381 1479
1382 1705
1394 1675
1397 1607
1401 1532
1405 1670
1408 1585
1418 1618
1430 1637
1431 1604
1433 1551
1438 1692
1440 1636
1446 1599
1448 1767
1450 1754
1452 1649
1458 1788
1460 1706
1464 1600
1478 1789
1495 1716
1498 1625
1499 1671
1500 1638
1507 1820
1513 1794
1518 1622
1519 1843
1520 1708
1521 1686
1539 1824
1542 1848
1547 1795
1555 1700
1565 1770
1566 1725
1567 1836
1576 1676
1577 1904
1578 1841
1579 1850
1582 1746
1585 1890
1587 1807
1590 1883
1592 1742
1598 1903
1603 1905
1605 1796
1622 1758
1627 1837
1629 1926
1633 1829
1635 1906
1639 1940
1653 1743
1659 1792
1662 1878
1670 1928
1671 1920
1676 1846
1677 1806
1685 1894
1701 1962
1716 1784
1723 1913
1729 1872
1733 1816
1735 1990
1739 1995
1740 2008
1749 2003
1750 1821
1757 1941
1758 1893
1767 1979
1768 1835
1774 2001
1777 2018
1786 2015
1787 1991
1792 1865
1803 1945
1804 1909
1808 1876
1813 1954
1827 1935
1833 2019
1842 1897
1864 1916
1878 1924
1911 2025
1927 2021
