f_0082412.png f_0082452.png
6 265
7 270
12 231
17 408
22 212
23 257
30 99
33 252
38 244
43 111
45 426
47 140
51 263
53 322
57 81
63 161
68 241
73 58
74 127
77 312
79 437
81 194
82 365
83 450
89 272
102 285
108 290
117 381
121 134
127 56
130 262
132 355
133 425
137 156
139 227
140 284
141 289
143 520
145 146
147 230
148 311
150 503
151 516
152 551
162 240
169 145
171 346
174 550
177 209
179 222
182 261
184 144
187 487
190 174
191 164
193 350
195 109
201 133
202 221
206 283
215 198
225 219
227 316
229 197
232 470
234 211
235 412
238 597
257 171
261 645
274 354
283 249
288 663
297 264
306 201
307 277
310 215
311 268
324 203
335 307
342 315
357 539
358 247
361 349
363 389
368 303
369 310
381 348
385 371
387 435
393 329
394 441
410 302
424 515
430 481
436 275
437 333
449 373
450 388
462 385
465 512
467 280
471 273
473 321
474 369
481 717
487 700
488 687
490 690
493 300
494 338
501 845
502 712
510 343
511 364
513 716
520 674
521 831
522 398
523 403
527 773
534 325
538 423
539 469
549 468
559 559
564 553
567 585
568 881
570 882
572 447
574 328
575 360
577 443
583 446
597 752
598 755
600 380
601 442
602 891
604 397
607 671
608 744
609 745
611 464
614 575
617 440
619 484
620 605
625 733
628 463
629 511
633 422
635 493
641 534
648 485
649 665
650 396
651 402
656 473
660 731
672 601
673 604
675 429
686 428
694 479
695 743
696 382
698 415
699 445
701 538
707 507
709 567
716 742
720 432
725 462
731 525
735 708
737 558
742 518
745 490
749 631
759 865
767 571
769 543
770 636
773 954
774 461
775 460
780 537
782 580
786 514
788 566
791 476
794 628
796 496
798 683
802 574
803 595
809 637
810 492
819 513
826 579
828 788
831 549
833 577
835 444
840 650
841 647
845 510
850 509
854 805
857 486
859 456
862 634
863 524
865 837
871 812
873 620
874 641
878 529
879 530
886 607
889 965
891 600
892 627
898 603
911 594
913 622
914 844
918 506
930 542
933 555
934 656
936 554
945 698
955 877
963 588
973 573
975 876
976 998
982 651
989 804
996 670
997 682
999 946
1010 795
1018 653
1023 972
1025 1020
1027 568
1029 702
1034 729
1043 587
1045 741
1047 847
1048 901
1053 859
1056 681
1066 801
1072 782
1082 720
1083 728
1087 695
1093 824
1096 800
1098 832
1102 680
1107 727
1108 766
1109 1069
1117 888
1118 1038
1119 1140
1120 835
1128 794
1131 1050
1137 850
1139 751
1141 977
1146 816
1147 811
1148 834
1153 793
1154 1127
1155 1186
1157 840
1164 1134
1167 880
1171 815
1173 655
1178 1025
1189 776
1193 1194
1206 775
1209 893
1213 694
1219 785
1220 1126
1221 1185
1241 1203
1248 1028
1249 909
1253 792
1259 1210
1260 1199
1261 1219
1264 874
1271 814
1275 908
1284 894
1289 810
1296 924
1303 1229
1309 854
1311 1062
1312 1284
1315 1149
1321 892
1323 916
1335 1087
1346 873
1351 1182
1358 960
1361 1193
1362 1226
1373 1264
1375 922
1378 996
1379 1089
1383 1002
1395 1158
1398 937
1400 975
1401 988
1404 1280
1413 1206
1420 1176
1425 1058
1426 879
1427 932
1435 1294
1442 871
1450 1365
1455 942
1468 1076
1472 1310
1476 969
1477 976
1481 1395
1482 948
1490 970
1492 1157
1493 898
1494 947
1500 1040
1501 1104
1506 1187
1507 1327
1511 1153
1526 1099
1528 980
1529 1341
1537 934
1541 1007
1546 1057
1549 1013
1552 1346
1556 1036
1558 1107
1564 1115
1575 936
1577 1268
1581 1094
1584 1378
1588 985
1589 986
1592 1248
1598 1047
1602 1026
1603 1385
1604 971
1612 1283
1613 968
1631 1054
1633 1402
1640 979
1647 1053
1651 1005
1652 1052
1657 983
1658 1000
1663 1167
1664 1202
1666 1420
1674 992
1680 1067
1681 1068
1682 1519
1686 1282
1690 1438
1704 1051
1718 1093
1719 1279
1721 1073
1724 1209
1725 1274
1727 1200
1733 1247
1737 1088
1738 1217
1739 1304
1740 1046
1741 1101
1743 1201
1748 1181
1750 1460
1752 1474
1756 1224
1762 1098
1763 1238
1773 1325
1774 1061
1784 1164
1792 1208
1794 1244
1797 1079
1801 1400
1807 1166
1811 1509
1815 1037
1821 1523
1830 1471
1832 1330
1834 1125
1836 1198
1839 1441
1840 1470
1841 1524
1846 1163
1849 1355
1851 1215
1857 1488
1863 1045
1869 1539
1870 1594
1871 1044
1872 1112
1878 1253
1880 1233
1883 1156
1886 1377
1890 1551
1891 1615
1892 1120
1901 1389
1902 1066
1906 1532
1911 1568
1912 1627
1920 1130
1932 1399
1935 1197
1939 1585
1940 1152
1942 1415
1945 1559
1946 1180
1947 1232
1955 1083
1957 1184
1959 1296
1967 1494
1973 1462
1977 1396
1994 1622
2004 1137
2008 1478
2013 1394
2022 1432
2024 1214
2029 1298
2035 1175
2044 1668
2047 1553
2048 1608
2056 1381
2058 1469
2063 1448
2067 1477
2069 1657
2070 1183
2076 1671
2079 1300
2085 1144
2090 1370
2091 1670
2093 1287
2096 1683
2097 1699
2103 1616
2110 1457
2112 1613
2114 1659
2116 1358
2117 1412
2119 1299
2121 1493
2127 1651
2136 1319
2139 1231
2143 1332
2148 1257
2160 1639
2165 1340
2169 1392
2187 1362
2190 1492
2192 1345
2200 1391
2201 1728
2205 1581
2208 1375
2212 1368
2221 1424
2225 1388
2227 1312
2228 1397
2229 1406
2230 1632
2234 1759
2240 1351
2241 1376
2247 1599
2249 1270
2251 1783
2258 1384
2259 1740
2262 1419
2280 1439
2297 1418
2304 1398
2306 1353
2307 1429
2347 1507
2349 1548
2355 1472
2358 1428
2372 1499
2377 1417
2383 1838
2393 1466
2400 1575
2412 1706
2435 1552
2446 1803
2455 1750
2461 1547
2464 1665
2469 1583
2471 1446
2485 1597
2509 1574
2511 1555
2512 1592
2513 1593
2535 1566
2546 1708
2558 1760
2583 1849
2587 1631
2589 1700
2612 1693
2621 1727
2638 1823
2650 1785
2659 1703
2660 1744
2668 1589
2678 1908
2685 1782
2691 1752
2698 1771
2700 1983
2703 1810
2705 1702
2713 1842
2718 1715
2720 1669
2732 1798
2735 1822
