f_0082952.png f_0082918.png
4 1427
5 2285
10 384
13 539
15 1938
23 1055
33 1956
36 1784
38 508
44 2391
47 853
61 982
75 955
101 1086
105 361
106 677
168 2912
175 1770
183 2061
190 1633
198 1154
208 1585
212 1117
219 2238
221 923
241 2446
256 2300
259 2606
279 2062
280 2157
292 2191
293 730
297 119
300 1384
304 932
322 2394
329 271
332 242
336 141
340 21
344 445
347 262
351 806
359 1816
361 134
373 16
379 1526
385 208
396 2553
397 498
408 1274
417 1040
436 18
446 1422
448 1527
449 597
456 958
466 2177
471 1688
477 1803
480 1049
481 321
490 415
503 2359
514 1053
515 3
516 699
517 1888
523 310
529 1345
533 582
542 2189
545 307
548 983
550 1662
557 1437
562 58
569 497
570 488
581 2571
586 2616
589 1198
598 212
600 253
605 421
606 1563
623 1710
631 2535
654 2180
658 349
659 622
660 1488
661 156
663 1249
664 248
665 115
666 1206
667 1796
683 2831
684 913
690 2377
691 798
698 1529
720 368
721 1567
729 241
730 1160
759 2205
767 893
772 1294
777 1325
783 2896
785 2340
796 879
797 403
798 1133
805 118
806 743
808 559
809 1486
814 2203
821 1737
827 2672
833 1732
834 144
839 52
846 42
861 2437
866 2743
878 2389
891 2403
902 2492
916 435
917 1084
919 437
921 1233
923 2517
924 2949
928 1360
929 2689
934 889
935 865
937 1804
941 85
944 1428
948 1364
958 2209
968 61
970 441
971 2002
976 1149
987 1681
997 551
1012 426
1013 998
1019 123
1021 1707
1025 1106
1029 796
1033 1293
1036 526
1038 2872
1043 2752
1052 2371
1060 1308
1061 344
1068 1151
1072 1599
1073 47
1076 1651
1087 2425
1088 455
1093 2228
1099 472
1104 1946
1105 2922
1107 444
1108 2046
1110 2844
1111 1006
1120 386
1121 1691
1125 2168
1127 333
1129 410
1136 2280
1137 198
1138 2265
1141 2373
1147 897
1169 366
1175 1818
1181 1812
1186 642
1190 166
1193 174
1196 1750
1200 1150
1203 204
1208 1297
1219 490
1225 173
1231 1896
1245 828
1247 2474
1252 1686
1253 1399
1260 2493
1262 300
1271 1801
1273 255
1277 1200
1280 2678
1288 618
1289 2133
1304 1922
1306 1416
1308 702
1316 611
1344 646
1345 1693
1348 2306
1357 274
1360 1236
1370 2483
1379 2481
1383 872
1387 928
1390 1411
1392 1381
1407 296
1410 1481
1411 917
1420 1646
1429 2296
1437 943
1441 1926
1445 2803
1449 2602
1465 1433
1471 1008
1483 1167
1485 617
1491 256
1493 500
1499 7
1502 1112
1503 2192
1504 1996
1505 220
1507 2720
1510 616
1525 708
1526 2448
1529 1110
1530 945
1534 676
1536 2310
1539 2969
1542 1127
1546 2540
1549 1083
1558 161
1560 1343
1563 985
1566 2225
1574 751
1578 690
1585 1410
1595 850
1596 400
1604 1000
1606 2995
1615 2754
1616 2247
1622 2756
1629 530
1633 128
1638 121
1646 1755
1650 2742
1651 2668
1654 1042
1655 463
1656 33
1664 57
1665 55
1673 2039
1674 67
1676 951
1677 993
1678 1311
1681 481
1684 298
1685 909
1699 1193
1707 887
1710 1441
1716 126
1720 209
1721 345
1726 1569
1734 383
1738 1218
1741 1322
1748 869
1756 2117
1757 1503
1760 1860
1763 1793
1765 2848
1776 2302
1785 137
1790 2033
1793 329
1795 820
1797 2917
1801 874
1808 2173
1809 81
1814 2468
1817 2645
1825 994
1829 524
1838 2760
1839 2210
1841 758
1843 565
1848 2262
1851 2095
1852 1191
1854 2503
1862 2497
1871 99
1877 2401
1879 2853
1885 2274
1886 1473
1889 1173
1894 59
1895 2465
1902 1881
1911 1005
1917 382
1933 2629
1935 2518
1938 2604
1949 1069
1953 252
1958 1280
1977 409
1978 2522
1979 2387
1982 5
1985 834
1990 1752
1994 2978
2023 2614
2027 1102
2028 136
2061 1632
2066 1603
2068 1609
2077 2071
2083 1782
2087 1366
2090 1592
2094 578
2096 2667
2097 196
2105 2048
2120 854
2125 2707
2129 2431
2131 2834
2135 2814
2142 2045
2173 525
2192 933
2204 1637
2208 2208
2212 1253
2221 1717
2236 858
2239 978
2279 1894
2294 1595
2313 1986
2324 1251
2325 1642
2350 2783
2379 2275
2384 2426
2419 2477
2421 2144
2432 2185
2441 636
2449 225
2457 2833
2506 1111
2544 1798
2548 1962
2554 2331
2566 2060
2570 1412
2572 2273
2578 436
2586 2124
2592 1621
2598 390
2600 2531
2615 760
2625 30
2638 2105
2664 786
2681 1301
2712 1746
2734 306
2737 80
2738 231
2744 1060
2771 1967
2774 987
2782 2941
2788 224
2793 1157
2813 153
2815 545
2820 1666
2826 535
2838 637
2852 595
2858 997
