f_0082702.png f_0082882.png
16 9
59 46
78 23
80 31
90 28
94 36
103 50
141 75
155 54
180 89
187 97
188 136
191 106
200 101
203 103
210 119
212 120
214 128
242 131
248 160
251 142
252 149
258 162
277 169
282 182
288 188
289 191
303 156
322 203
323 212
332 201
339 274
340 252
342 231
350 215
356 236
365 244
368 251
371 253
377 250
384 257
385 262
389 273
393 263
397 272
398 279
405 227
410 292
412 287
421 293
425 290
429 282
444 265
454 312
464 305
475 327
486 307
488 328
490 338
493 362
495 315
496 355
503 348
504 346
507 337
515 364
520 365
529 372
545 379
553 393
568 374
569 343
577 401
588 373
592 408
600 339
601 367
622 427
624 413
646 434
651 438
656 436
663 446
671 451
682 461
683 475
684 462
688 452
699 477
700 456
703 480
704 481
705 471
715 479
717 468
742 497
745 492
746 464
750 506
755 435
758 508
759 502
762 512
765 525
767 521
777 520
781 503
783 522
788 519
797 536
801 532
803 540
810 554
815 546
821 474
824 543
827 504
828 563
841 560
863 566
864 559
877 569
881 542
888 577
890 601
895 587
897 608
905 603
908 619
914 599
915 607
919 604
921 574
922 614
923 627
930 617
931 630
940 624
945 637
951 648
955 605
958 645
963 651
970 615
975 664
977 656
981 634
983 650
985 618
986 643
988 644
995 632
998 636
1004 659
1007 668
1011 677
1024 684
1028 642
1040 691
1046 662
1055 697
1058 641
1059 690
1060 686
1068 709
1070 631
1072 694
1096 724
1097 708
1104 735
1112 750
1124 763
1128 737
1131 755
1139 733
1146 754
1155 770
1166 780
1168 791
1199 725
1200 789
1217 796
1218 806
1250 836
1300 835
1301 843
1320 823
1323 846
1329 863
1342 852
1360 879
1361 874
1363 878
1370 894
1372 880
1373 889
1378 895
1380 877
1381 872
1387 890
1391 871
1403 870
1409 911
1413 903
1422 910
1431 952
1449 936
1450 959
1461 905
1498 926
1511 957
1524 1041
1541 1007
1547 922
1558 1053
1559 1057
1567 1043
1572 1055
1574 1079
1577 1086
1579 1021
1586 1082
1610 1104
1617 1095
1627 1025
1636 1090
1639 1102
1660 1142
1682 1194
1689 1202
1704 1216
1709 1127
1711 1141
1714 1143
1729 1250
1739 1168
1744 1180
1759 1171
1767 1218
1777 1228
1864 1285
1896 1327
1901 1353
1904 1293
1914 1273
1916 1342
1936 1389
1944 1352
