f_0082776.png f_0082518.png
5 442
18 267
23 501
35 296
53 509
70 343
94 6
100 108
116 366
119 379
121 513
137 360
141 403
175 407
176 443
179 543
188 519
189 700
230 386
234 310
241 196
251 249
252 61
260 359
261 540
264 532
272 511
305 365
311 452
315 717
323 785
339 690
343 291
344 313
385 811
391 498
393 805
394 815
424 836
429 326
440 674
442 572
444 864
453 715
456 982
465 613
466 890
468 618
492 956
493 554
515 884
529 338
534 671
545 725
546 761
587 814
591 558
596 553
597 571
598 629
604 966
610 570
619 1089
640 649
645 1288
662 821
672 518
676 702
685 653
689 1098
695 818
721 1218
727 701
730 597
749 706
752 1179
753 718
757 1118
765 1310
778 902
785 838
789 1151
793 1193
803 1248
804 847
806 1159
814 879
840 1276
845 1188
849 775
870 951
878 965
924 946
928 1394
969 1279
1001 1413
1003 997
1020 1378
1053 1088
1069 1494
1075 1158
1097 1420
1104 1400
1124 1048
1146 1347
1167 1354
1197 1302
1209 1335
1228 1349
1230 1504
1232 1408
1404 1549
