f_0082928.png f_0082918.png
1 2086
2 2579
3 2447
4 809
6 965
7 2241
8 457
10 1601
11 453
12 1175
14 1401
16 681
23 2948
24 1268
26 1188
27 2912
28 2693
29 364
31 959
33 492
41 1783
43 2633
46 507
47 1570
52 2021
54 325
56 1530
57 2330
62 1910
66 2688
69 1375
72 378
79 1611
89 1733
90 955
91 40
100 598
108 1618
112 2556
115 1932
116 1159
121 1031
122 2750
127 423
130 730
134 1384
136 1816
143 930
144 1440
149 229
150 2699
153 1118
157 2352
159 2157
160 119
161 208
165 1640
167 2878
168 2219
176 21
179 523
185 1347
191 714
192 1933
195 1137
198 281
204 941
209 1664
211 527
220 2767
225 18
226 1822
228 66
231 131
235 271
238 169
239 2061
240 1641
241 451
242 2284
246 2999
247 619
250 287
254 1300
255 2300
256 1387
268 2680
274 2780
276 2066
277 404
282 659
284 699
287 2564
289 1154
293 1811
294 1393
298 39
299 379
300 1889
303 883
305 3
311 1688
312 250
313 2809
318 399
320 2546
324 1361
330 956
331 1754
333 574
341 1839
342 13
343 331
345 2394
348 377
350 16
351 335
354 210
356 71
364 2177
372 1853
377 1248
378 206
380 1527
382 1594
383 58
384 1203
388 2553
391 64
392 1571
394 2618
398 497
405 1578
409 50
413 1908
414 1888
417 2198
423 2359
428 792
430 902
433 958
435 1764
437 1795
439 1990
443 1437
445 2128
449 336
450 2974
451 2615
454 1526
458 1710
459 156
462 1128
463 2616
464 213
465 2203
468 115
471 2560
472 706
474 2
475 264
481 1133
486 520
487 613
488 1103
490 847
493 1206
496 134
500 2550
506 924
507 1294
510 2340
517 893
518 2691
519 192
531 2229
536 1529
537 19
540 70
545 308
546 1732
547 2778
550 2686
553 1943
554 2801
556 4
561 626
562 798
563 2896
565 1554
568 961
570 1488
573 2601
585 983
586 1757
595 2437
598 437
601 990
602 248
604 2867
608 1667
609 2535
610 728
611 1590
612 753
613 865
614 1345
619 1815
620 1049
621 2684
622 412
623 844
630 52
632 682
633 421
635 2375
636 913
638 1982
640 651
641 1046
650 349
651 1320
653 94
656 2193
661 1702
665 1364
671 352
673 2949
676 1314
677 2689
682 2002
685 1249
686 1238
689 796
691 249
692 1420
696 1160
698 1804
702 2573
703 120
704 1293
705 1707
706 47
708 1325
709 85
712 2593
714 189
715 2475
722 2811
725 1588
727 1
730 2743
737 2517
740 1039
742 1797
743 2006
747 2785
753 2026
754 1006
759 779
760 1475
762 2373
763 1874
766 1549
768 344
770 90
773 140
775 2035
780 1371
781 1651
783 594
784 559
787 2134
792 1135
796 1192
798 222
801 395
806 478
807 2887
808 1289
809 78
811 697
813 123
817 551
818 998
823 490
824 204
826 11
827 2044
830 2046
832 631
833 1145
834 653
835 1674
836 1197
838 2081
844 2872
845 1612
846 536
850 920
852 2150
856 2030
859 342
864 772
865 218
867 634
868 1836
870 1801
874 1321
876 2483
879 1591
881 2868
884 2312
890 2501
891 1999
893 828
895 2946
899 974
900 166
906 1896
908 1636
912 2792
913 268
915 611
919 354
920 2122
921 2133
927 727
928 276
931 1951
933 2509
934 2299
940 814
944 370
945 1380
948 2596
950 2474
951 1656
953 1606
954 2673
956 989
957 512
958 1679
960 769
968 618
970 1447
971 2523
973 95
974 642
976 832
979 2179
980 2425
983 283
984 1866
986 718
993 455
994 1163
995 2234
998 995
1000 2072
1003 1071
1006 878
1008 1922
1010 2279
1011 1236
1013 513
1014 216
1016 203
1017 2891
1020 198
1021 1411
1022 2602
1025 1482
1030 1547
1031 2562
1033 1930
1037 2600
1039 2369
1040 1759
1048 2251
1056 2267
1057 1073
1058 1343
1062 1501
1064 708
1067 617
1070 805
1075 446
1076 1110
1077 272
1078 215
1081 2695
1082 2921
1092 2862
1093 1104
1102 625
1104 69
1106 2123
1107 767
1108 220
1111 1948
1112 188
1114 2586
1121 1226
1124 678
1128 1409
1132 2754
1134 1041
1138 1270
1139 1598
1140 530
1141 1017
1142 2068
1143 2247
1145 2537
1146 1244
1148 1003
1149 1996
1156 1639
1159 1451
1160 790
1161 1555
1162 654
1163 1455
1164 181
1166 2756
1167 1711
1169 2980
1170 872
1177 2841
1178 603
1183 129
1186 646
1188 2599
1190 186
1191 1123
1192 1223
1193 2736
1199 1704
1200 2151
1201 1112
1203 57
1205 1781
1208 1755
1209 2114
1213 126
1217 481
1221 869
1222 734
1234 729
1236 463
1242 1190
1243 1042
1253 1484
1254 1569
1257 2302
1260 1083
1262 2019
1264 877
1269 1769
1275 1000
1276 1441
1278 137
1285 761
1287 1121
1288 751
1292 2117
1296 1565
1298 1311
1299 345
1300 1793
1303 2937
1312 616
1313 2145
1316 1417
1317 1830
1318 1328
1320 1735
1325 328
1326 2668
1327 1436
1333 347
1341 2058
1342 993
1350 2575
1354 1860
1355 565
1359 2199
1360 1187
1362 2739
1366 1036
1368 2107
1369 2283
1370 2917
1375 2415
1382 1057
1387 2822
1388 2755
1389 1305
1394 2442
1395 1629
1397 430
1398 298
1399 2210
1407 2846
1414 2976
1417 1266
1419 2173
1420 24
1422 2047
1423 252
1426 454
1427 1931
1429 2799
1434 2660
1439 2268
1441 2250
1447 2277
1448 1322
1451 1005
1453 480
1454 2465
1458 1966
1459 874
1463 876
1466 1029
1471 2387
1474 1870
1478 2574
1479 2488
1480 1280
1482 522
1489 409
1492 1045
1493 382
1498 1185
1499 1064
1507 1051
1509 2873
1510 1310
1513 2522
1514 2262
1515 97
1516 698
1517 783
1518 1538
1521 2154
1523 2760
1524 2120
1527 1854
1531 468
1535 1846
1542 588
1544 201
1548 1147
1550 2406
1551 136
1552 2625
1553 2304
1555 1473
1557 1705
1559 1856
1561 2320
1562 837
1565 2071
1571 1126
1572 1603
1575 99
1577 202
1580 2108
1582 851
1583 2749
1584 2515
1588 2462
1590 2246
1594 376
1597 1292
1598 2834
1601 630
1608 978
1614 1518
1619 1366
1622 2701
1625 1892
1626 780
1629 1761
1631 2614
1632 2604
1634 1542
1635 1752
1639 462
1640 2048
1646 424
1650 854
1653 2744
1657 177
1658 2172
1663 1186
1664 1821
1666 1928
1668 1782
1671 1477
1673 2815
1675 323
1676 1024
1680 578
1689 633
1691 2461
1692 1904
1698 1229
1699 1843
1700 1179
1701 910
1705 1143
1714 1894
1722 1945
1723 1183
1729 1480
1730 784
1733 707
1736 2711
1738 1068
1739 2521
1752 2924
1760 1717
1762 2471
1763 2934
1772 1460
1776 2707
1778 2141
1782 1210
1787 1560
1791 763
1792 2056
1795 1718
1796 548
1797 2444
1806 238
1818 1895
1822 1043
1826 2125
1828 2687
1829 467
1831 2516
1838 211
1839 839
1840 918
1841 655
1844 1058
1853 2301
1854 1368
1855 824
1862 1657
1865 671
1870 1974
1875 921
1888 1504
1889 1028
1904 116
1912 367
1916 1778
1917 2057
1920 2526
1921 685
1922 2476
1929 2449
1931 1208
1939 885
1956 456
1958 1584
1959 433
1962 741
1968 1489
1973 1979
1978 355
1984 1798
1985 1927
1986 884
1988 1265
1989 2233
2003 2152
2008 2331
2011 27
2016 1412
2017 2273
2020 1820
2029 2919
2030 641
2033 92
2038 1386
2039 2060
2045 2272
2046 1471
2052 17
2053 458
2054 657
2059 2828
2060 2649
2073 436
2082 962
2092 1466
2094 1059
2098 754
2099 390
2105 786
2110 1805
2116 1779
2119 859
2120 2450
2138 1827
2159 422
2181 12
2188 2757
2194 428
2204 1658
2211 1582
2221 2445
2227 1650
2234 20
2252 2443
2253 849
2255 425
2260 1832
2265 1740
2270 868
2272 2053
2274 205
2279 2893
2286 2961
2293 1337
2303 2115
2306 2407
2307 293
2313 873
2321 2295
2327 194
2330 794
2332 2818
2333 1543
2340 2772
2351 1161
2363 1157
2370 1467
2371 679
2396 139
2407 2271
2411 273
2415 1340
2417 53
2431 111
2461 2987
2463 2715
2466 1478
2498 1589
2510 637
2511 466
2526 747
2529 2996
2530 717
2538 1531
2547 87
2548 656
2580 1461
2590 1007
2603 1848
2611 612
2619 159
2631 529
2639 1748
2640 1048
2643 1675
2666 316
2669 1267
