f_0082886.png f_0082912.png
138 84
162 1913
176 1836
185 620
239 2202
240 227
276 1581
281 952
296 230
319 1380
356 2519
358 2492
359 141
368 1755
370 2435
376 995
392 2706
400 369
412 2851
415 2410
453 2160
472 2503
477 291
512 1354
528 2115
543 1995
550 2236
565 2923
576 2315
597 427
603 1419
604 1268
652 2821
659 112
692 2717
698 2385
724 1844
733 130
743 1203
746 1928
757 1859
769 1808
799 505
812 1247
815 188
833 1874
861 1305
878 120
901 183
908 158
919 1503
938 1793
945 1806
948 2165
980 414
985 1359
991 1710
995 323
999 2209
1007 905
1015 2579
1019 2530
1022 933
1024 1597
1026 1364
1027 347
1036 820
1038 1027
1047 626
1057 779
1067 1023
1076 1883
1083 1052
1086 2818
1103 1643
1124 2522
1130 1226
1140 2621
1142 2921
1152 105
1159 706
1166 1767
1168 2759
1174 1174
1181 1434
1191 2168
1205 297
1229 606
1231 2488
1232 1448
1233 66
1234 1853
1235 707
1243 1314
1252 289
1288 2475
1289 1564
1295 1854
1299 1420
1302 1945
1326 894
1341 2780
1354 1729
1360 1231
1368 1363
1371 522
1374 2416
1377 21
1397 2957
1403 78
1407 1373
1424 759
1431 2073
1439 1483
1461 1905
1463 1864
1467 1216
1484 94
1499 2376
1526 1583
1550 1392
1557 1611
1565 2474
1567 264
1605 2391
1619 1112
1627 175
1664 1184
1668 2739
1678 99
1686 1848
1696 1389
1702 1953
1709 1876
1711 683
1712 634
1713 263
1732 345
1735 457
1763 2146
1801 117
1804 1376
1813 308
1825 2679
1831 603
1850 1241
1892 2527
1926 752
1927 2870
1943 1004
1949 248
1953 1707
