f_0082558.png f_0082724.png
9 627
20 617
21 867
32 984
50 200
52 58
53 139
83 464
94 220
120 370
123 1285
135 1024
141 653
151 924
156 301
169 360
175 905
185 685
193 314
216 908
253 836
271 1061
273 426
274 647
282 972
316 593
322 1037
363 487
395 267
455 725
482 522
499 549
509 525
536 400
537 409
540 289
578 512
594 337
609 640
625 540
643 1312
658 763
673 846
685 346
695 455
704 191
726 1016
731 554
766 694
817 998
827 938
843 565
853 242
854 410
865 513
872 1087
884 587
889 726
919 244
971 682
975 422
1019 460
1027 834
1043 974
1058 1301
1080 575
1097 1206
1144 496
1167 330
1186 870
1211 219
1224 626
1283 459
1303 613
1305 772
1306 576
1318 407
1345 1025
1346 1471
1347 357
1369 299
1370 319
1389 603
1390 224
1409 581
1418 364
1435 390
1449 421
1474 574
1484 650
1515 1009
1518 507
1554 255
1588 561
1607 442
1613 225
1618 490
1624 1284
1644 389
1645 189
1661 510
1669 1048
1678 1043
1727 197
1747 993
1770 505
1794 717
1803 666
1806 900
1817 1256
1859 985
1860 623
1876 889
1888 827
1895 1302
1898 1190
1923 1198
1948 450
1977 537
2013 599
2036 960
2041 719
2072 703
2081 958
2084 648
2086 1026
2111 702
2119 688
2163 1239
2191 1013
2205 598
2214 748
2239 1068
2240 508
2252 559
2271 419
2284 393
2313 296
2339 657
2361 102
2375 838
2382 291
2385 1236
2395 1242
2397 911
2405 511
2415 912
2438 708
2449 99
2453 804
2486 272
2492 816
2557 652
2567 1291
2575 906
2578 955
2606 665
2613 635
2632 749
2679 273
2681 287
2703 779
2746 728
2802 1100
2809 791
2833 629
2880 156
2887 198
2891 1267
2913 737
2914 1379
2922 1042
2936 131
2994 693
