f_0082952.png f_0082670.png
3 424
13 143
27 40
49 301
53 102
54 8
58 65
74 308
78 154
84 533
101 380
121 367
135 208
164 443
175 345
179 209
205 493
247 381
253 444
280 182
283 403
286 328
291 512
311 249
319 173
329 265
330 252
343 540
351 488
352 227
357 200
363 108
368 735
379 609
381 517
387 430
393 550
394 404
395 304
396 490
401 253
412 353
429 331
438 278
455 589
458 387
470 664
489 370
496 134
507 347
513 681
521 74
551 615
552 431
553 162
559 671
585 698
603 213
610 917
631 619
667 310
676 682
677 530
710 333
721 282
723 764
753 798
754 702
760 593
793 385
796 822
797 743
799 425
804 668
841 419
844 752
861 420
866 768
894 466
906 957
932 291
934 447
938 437
952 658
954 865
965 823
971 411
976 631
978 496
983 687
994 448
1005 845
1012 967
1013 633
1014 388
1031 637
1033 449
1037 705
1038 713
1052 534
1059 973
1063 644
1072 777
1078 469
1084 649
1088 898
1095 492
1133 587
1156 545
1158 524
1163 445
1182 674
1186 860
1188 659
1195 1089
1210 502
1213 688
1216 986
1220 522
1233 575
1251 1104
1260 835
1266 569
1269 707
1271 573
1276 935
1282 1134
1298 737
1310 892
1311 866
1317 600
1331 654
1342 731
1363 809
1389 1073
1401 1018
1406 1096
1407 926
1410 765
1429 813
1431 1034
1437 1090
1447 915
1450 691
1452 695
1470 1197
1472 803
1480 804
1494 739
1503 888
1506 769
1514 801
1516 1248
1517 1066
1526 899
1533 1413
1535 964
1542 1281
1550 954
1560 805
1567 1019
1574 998
1579 1154
1580 901
1585 853
1588 1142
1599 1436
1603 1456
1611 1112
1617 1372
1633 1079
1643 1259
1649 1364
1651 1006
1656 868
1686 1414
1688 1115
1697 1143
1703 1221
1708 1119
1709 960
1715 1075
1720 1198
1721 922
1729 1192
1741 1026
1772 1459
1777 1375
1782 942
1792 1218
1797 965
1802 920
1808 1050
1810 1325
1818 1083
1824 971
1838 1047
1839 994
1849 1207
1854 1132
1856 948
1862 1377
1879 1208
1883 1100
1891 1393
1899 1121
1904 1157
1908 1101
1910 980
1913 1275
1921 1271
1928 1361
1929 1356
1933 1060
1937 1509
1940 1327
1946 1260
1950 1199
1951 1076
1955 1605
1964 872
1970 1334
1972 1387
1976 1474
1984 1579
1986 1371
1987 1302
1989 1105
1994 1276
1999 1277
2005 1113
2010 1253
2018 1530
2020 1239
2025 1309
2028 1168
2037 1126
2045 1328
2055 1680
2061 1153
2062 1623
2066 1190
2092 1209
2098 1718
2100 1441
2123 1747
2133 1648
2138 1497
2158 1299
2161 1919
2162 1512
2173 1581
2174 1304
2177 1533
2191 1784
2212 1397
2226 1700
2228 1370
2240 1732
2255 1806
2266 1554
2280 1719
2288 1383
2293 1722
2294 1399
2296 1721
2301 1767
2304 1416
2308 1200
2314 1788
2323 1749
2331 1789
2336 1272
2345 1250
2356 1451
2362 1569
2364 1815
2370 1515
2391 1466
2397 1546
2417 1557
2429 1476
2435 1503
2504 1405
2562 1586
2574 2037
2592 1599
2601 2117
2612 1639
2615 1971
2628 1743
2643 1578
2704 1962
2728 1876
2735 1834
2752 2102
2798 1765
2799 1659
2855 1819
2858 2100
2863 2157
