f_0082876.png f_0082942.png
13 133
18 16
54 45
58 26
59 105
77 138
81 118
91 162
98 25
118 115
132 320
136 364
144 15
158 120
163 363
164 103
166 137
170 79
179 402
180 140
190 33
198 128
204 263
209 450
210 14
218 203
219 218
223 287
235 44
244 208
250 332
254 446
256 207
261 175
263 165
266 129
270 245
275 445
293 189
297 32
298 202
302 331
308 376
309 394
323 501
338 302
348 456
353 362
354 417
356 353
371 276
372 335
373 495
376 174
382 454
387 100
394 587
398 443
406 352
412 521
413 598
415 639
417 18
421 712
423 767
426 275
427 471
429 57
430 117
435 488
436 564
441 1
442 421
445 305
458 55
461 636
464 212
465 436
466 435
472 503
475 330
480 753
482 411
483 681
486 635
496 122
498 604
499 623
501 586
502 741
505 605
507 711
513 481
514 813
518 494
521 395
522 683
523 680
534 93
538 663
539 812
542 739
550 582
556 748
557 810
558 642
563 782
579 649
580 719
583 802
585 963
587 442
595 773
600 498
601 603
602 772
607 786
609 823
611 661
612 822
614 863
615 841
618 346
622 646
629 441
633 701
640 943
641 460
642 704
643 692
647 814
649 847
653 754
654 781
658 1011
664 458
665 862
666 908
668 533
669 746
672 898
681 669
682 826
683 879
689 724
690 1045
694 914
696 1037
702 664
704 981
710 960
715 902
717 569
730 687
732 1096
733 1097
736 913
739 936
742 479
744 771
750 922
755 780
756 784
757 816
759 476
760 789
763 831
764 843
770 1046
771 842
778 440
779 971
784 935
792 1062
795 1191
797 1057
798 1044
806 1159
808 1101
812 1068
818 1067
823 970
825 1163
826 1185
828 925
831 945
833 1131
834 1217
842 870
852 998
865 716
866 969
867 1130
869 1023
871 744
889 1054
894 910
895 1197
896 1265
901 1005
914 1074
918 1190
921 1026
922 1034
935 904
936 1053
941 964
945 1125
948 1138
954 1150
955 1168
962 734
964 1283
970 1390
972 933
973 1114
974 1326
977 1052
979 1261
980 1137
981 1239
986 1123
987 1113
988 1149
996 1038
999 1345
1001 1206
1002 1216
1004 1112
1007 1319
1020 1211
1022 1333
1034 1414
1036 1398
1045 1188
1047 1148
1048 1199
1061 1323
1067 1507
1071 1322
1077 1307
1082 1247
1086 1366
1092 1215
1095 1271
1099 950
1104 1301
1105 1478
1107 1156
1115 1407
1119 1110
1126 1530
1129 1358
1136 1282
1143 1365
1148 1043
1151 1422
1152 1506
1153 1500
1155 1176
1156 1286
1163 1535
1166 1475
1172 1387
1178 1512
1189 1214
1193 1434
1202 1367
1225 1556
1250 1630
1260 1611
1280 1510
1298 1528
1304 1547
1311 1701
1313 1549
1325 1484
1327 1558
1341 1536
1344 1738
1345 1587
1365 1596
1371 1647
1380 1666
1384 1683
1396 1637
1398 1659
1412 1713
1420 1684
1421 1836
1426 1663
1434 1727
1443 1773
1448 1869
1452 1681
1453 1758
1458 1568
1459 1717
1483 1803
1484 1736
1495 1761
1506 1812
1511 1735
1514 1742
1516 1950
1519 1755
1521 1765
1522 1816
1533 1685
1534 1721
1565 2015
1569 1825
1592 1986
1628 2023
1632 2149
1653 2035
1658 2064
1665 2076
1670 2094
1675 2115
1697 2202
1699 2305
1706 2229
1742 2419
1751 2301
1760 2332
1805 2447
1808 2463
1815 2442
1818 2459
1828 2484
1836 2460
1868 2539
