f_0082946.png f_0082942.png
0 3
17 4
19 8
23 20
34 22
40 44
42 25
43 28
47 39
50 34
52 55
54 15
55 45
58 77
66 57
71 50
77 63
79 56
81 35
87 86
92 91
93 84
98 100
103 99
105 94
107 74
113 125
116 82
117 95
124 102
128 121
129 105
134 128
141 136
146 141
147 143
151 154
152 151
155 137
157 174
161 132
165 179
166 161
170 162
176 176
178 177
179 191
181 202
182 195
186 180
187 198
200 181
208 193
210 186
212 225
213 235
216 206
217 241
218 231
219 242
221 190
222 246
223 240
235 285
236 273
238 220
242 226
244 245
249 275
250 252
251 250
254 288
266 248
267 253
269 295
271 238
273 258
280 297
283 270
286 317
290 303
291 328
298 237
299 322
303 305
304 306
305 309
306 327
318 314
319 333
323 330
324 331
326 347
329 337
335 361
346 357
353 353
354 362
356 370
358 345
361 378
368 399
370 354
376 406
381 398
384 445
386 419
391 395
393 364
394 442
395 431
400 424
401 394
402 450
404 430
405 423
408 441
409 435
413 438
415 387
419 428
422 461
426 436
427 444
429 412
430 458
431 465
433 454
435 464
436 460
437 471
439 446
441 473
448 443
453 466
454 474
459 433
462 475
466 488
468 493
469 487
472 472
473 490
476 483
478 513
480 507
483 477
484 506
485 489
488 499
489 523
490 511
491 515
494 516
497 536
500 533
505 531
508 496
509 486
510 537
511 538
512 522
519 581
520 577
522 528
524 563
525 557
529 552
530 547
532 571
533 586
535 529
536 540
550 579
553 616
555 555
558 568
560 582
561 583
562 580
563 588
566 621
568 613
569 622
575 554
581 606
583 597
584 598
585 632
589 609
593 596
596 633
598 635
599 610
600 593
605 636
608 657
616 642
621 654
623 650
628 638
635 647
638 661
639 673
640 684
643 676
648 639
649 666
653 696
656 662
657 663
658 665
661 680
668 683
670 687
673 690
675 702
676 705
678 675
682 689
685 681
686 685
689 712
692 693
693 710
698 733
707 701
710 722
713 713
717 725
719 727
720 717
721 742
723 736
724 709
725 755
726 747
732 740
734 724
738 748
747 762
748 778
751 776
752 754
754 777
758 766
763 770
766 759
767 783
768 787
769 774
770 780
772 784
773 781
779 785
783 792
792 791
794 795
795 806
796 799
802 808
805 821
809 796
812 815
819 809
820 802
827 816
831 804
835 831
836 837
838 835
840 822
841 842
843 838
845 823
851 826
852 840
853 848
856 827
859 836
863 832
864 811
866 828
867 830
869 843
870 846
871 864
876 869
878 887
879 863
881 853
883 867
884 856
885 862
886 868
891 885
901 883
904 890
906 886
910 896
911 884
913 910
915 866
916 907
919 911
920 906
921 895
922 920
923 921
924 892
927 935
928 913
932 938
935 946
936 955
939 957
940 952
942 971
944 908
948 969
955 967
961 959
962 977
965 975
966 970
967 943
968 963
969 984
971 980
976 925
977 965
978 961
983 987
989 985
995 996
996 968
1004 1003
1005 1029
1006 993
1007 981
1010 1023
1011 1000
1021 1035
1022 1027
1023 992
1024 999
1031 1014
1036 1041
1041 1036
1044 1039
1045 1011
1050 1053
1054 1037
1059 1077
1061 1075
1067 1087
1073 1074
1078 1067
1079 1082
1082 1105
1085 1113
1088 1076
1089 1111
1090 1118
1091 1114
1093 1070
1094 1107
1096 1048
1105 1093
1111 1096
1118 1126
1122 1133
1128 1143
1132 1131
1135 1150
1139 1128
1142 1154
1146 1149
1148 1161
1150 1172
1151 1168
1153 1160
1156 1171
1157 1166
1164 1184
1165 1187
1170 1196
1174 1199
1176 1185
1179 1209
1187 1206
1195 1211
1197 1221
1204 1215
1206 1233
1210 1225
1212 1229
1215 1230
1221 1224
1222 1238
1225 1243
1226 1220
1241 1245
1246 1247
1247 1253
1253 1249
1254 1289
1255 1265
1258 1258
1259 1298
1262 1271
1266 1292
1267 1267
1268 1268
1269 1280
1270 1287
1276 1291
1278 1286
1279 1312
1280 1293
1284 1294
1285 1314
1288 1296
1289 1301
1290 1302
1298 1318
1303 1327
1306 1350
1307 1323
1308 1324
1309 1308
1310 1309
1311 1313
1317 1317
1321 1336
1324 1352
1329 1370
1331 1366
1334 1340
1335 1357
1336 1345
1337 1347
1343 1343
1346 1360
1347 1356
1349 1400
1350 1346
1356 1367
1358 1384
1360 1390
1361 1381
1362 1375
1363 1376
1364 1369
1366 1374
1369 1383
1372 1405
1373 1394
1376 1407
1377 1410
1378 1401
1379 1411
1382 1408
1384 1392
1387 1406
1394 1416
1400 1434
1407 1419
1409 1435
1411 1438
1413 1441
1432 1458
1433 1453
1435 1469
1442 1471
1444 1475
1446 1461
1449 1479
1462 1482
1465 1499
1467 1492
1468 1503
1470 1494
1473 1510
1477 1509
1479 1506
1492 1529
1493 1530
1496 1527
1509 1526
1511 1524
1514 1528
1524 1539
1533 1536
1536 1544
1543 1543
1549 1555
1558 1559
1559 1547
1560 1560
1568 1577
1569 1573
1574 1583
1585 1563
1590 1589
1593 1564
1594 1587
1599 1592
1600 1586
1602 1602
1603 1594
1604 1601
1610 1597
1613 1596
1615 1617
1619 1625
1623 1628
1624 1621
1625 1614
1628 1619
1629 1618
1631 1609
1633 1633
1640 1640
1642 1638
1647 1631
1657 1653
1665 1658
1667 1670
1668 1654
1673 1666
1680 1675
1682 1704
1683 1662
1684 1659
1690 1683
1694 1686
1695 1657
1696 1698
1702 1690
1703 1688
1705 1705
1707 1692
1713 1677
1716 1708
1719 1703
1724 1713
1726 1687
1729 1722
1734 1735
1736 1729
1745 1717
1751 1754
1753 1750
1754 1736
1756 1752
1757 1766
1760 1734
1761 1765
1763 1738
1774 1770
1777 1793
1778 1789
1780 1762
1781 1779
1787 1836
1795 1791
1799 1810
1803 1821
1808 1806
1809 1796
1810 1808
1814 1807
1816 1813
1819 1825
1821 1843
1822 1809
1825 1814
1833 1831
1834 1837
1836 1844
1837 1860
1855 1856
1857 1832
1859 1848
1864 1876
1865 1870
1869 1846
1881 1872
1884 1896
1898 1890
1899 1897
1906 1902
1917 1941
1919 1906
1921 1960
1922 1953
1923 1958
1924 1946
1927 1967
1932 1922
1936 1962
1938 1983
1943 2000
1951 2017
1953 1991
1956 1980
1966 1981
1978 2008
1982 2034
1983 2028
1984 2053
1986 2045
1994 2052
2000 2047
2015 2074
2017 2079
2027 2070
2029 2095
2030 2090
2031 2067
2041 2108
2055 2094
2057 2132
2066 2139
2067 2135
2068 2124
2078 2141
2079 2121
2080 2122
2081 2125
2087 2145
2097 2176
2107 2190
2109 2192
2112 2161
2113 2218
2114 2207
2116 2208
2117 2194
2118 2178
2123 2183
2124 2196
2132 2202
2142 2175
2145 2200
2162 2225
2163 2252
2166 2244
2171 2270
2172 2245
2173 2231
2180 2280
2182 2335
2188 2328
2201 2323
2202 2273
2217 2376
2221 2352
2228 2287
2235 2365
2239 2345
2251 2408
2253 2261
2261 2385
2262 2377
2266 2411
2276 2378
2289 2333
2291 2380
2293 2397
2296 2471
2306 2418
2317 2466
2319 2401
2329 2442
2336 2483
2338 2463
2340 2450
2341 2467
2347 2455
2359 2451
2369 2482
2374 2494
2376 2403
2385 2509
2386 2519
2388 2530
2393 2514
2408 2474
2432 2492
2448 2475
2475 2524
2476 2538
2491 2540
2492 2515
