f_0082882.png f_0082620.png
173 14
208 156
209 100
220 3
226 240
243 243
253 65
259 56
286 128
293 138
294 142
300 174
312 235
326 196
339 517
351 219
364 303
367 434
372 286
399 659
405 295
407 484
415 458
433 428
437 469
445 547
447 422
468 437
490 501
497 496
500 643
511 686
520 594
527 651
528 553
538 569
539 579
549 1048
552 636
556 667
565 771
566 696
569 655
570 829
580 671
587 726
588 624
589 743
600 738
601 642
610 884
611 769
623 708
624 679
633 817
653 847
658 1113
659 886
671 1081
675 863
687 917
688 1034
690 961
693 970
694 950
706 971
708 1008
712 942
737 1013
801 1368
802 1344
803 1365
804 1257
818 1052
819 1053
868 1444
885 1258
904 1523
917 1442
929 1479
934 1269
938 1357
944 1282
946 1276
954 1584
961 1307
1047 1630
1104 1544
1134 1868
1220 1803
