f_0082976.png f_0082968.png
6 154
10 121
29 172
38 63
46 220
52 231
56 329
72 221
76 255
79 252
96 357
108 572
113 548
119 526
128 534
150 480
158 616
175 492
187 370
189 524
202 788
210 650
225 729
227 763
231 715
249 642
278 632
283 851
289 689
291 578
312 889
314 683
317 687
322 733
330 731
348 901
354 673
370 878
382 764
386 709
405 922
415 668
418 954
434 710
438 1073
442 990
444 942
447 746
451 1081
457 991
469 958
472 841
479 906
482 1078
483 747
485 1129
497 836
501 859
502 1000
515 1135
537 890
541 928
544 1138
545 1139
549 1040
552 1043
553 1149
557 1058
565 902
568 1119
578 885
584 1051
585 944
592 926
605 1059
606 973
616 1193
617 1150
624 1163
635 1097
645 952
648 1015
659 1274
660 1157
674 997
680 929
689 1032
698 1247
700 984
703 1202
704 1052
708 1174
710 1020
711 996
714 1009
721 1074
722 1047
730 1028
737 1228
744 1079
759 1196
777 1024
779 1275
798 1077
808 1282
809 1178
817 953
821 1122
830 1103
842 1288
844 1136
849 1326
850 1301
857 1290
858 1258
859 1124
861 1249
862 1223
871 1346
873 1197
875 1277
876 1259
877 1233
896 1102
898 1189
904 1433
905 1336
906 1156
929 1160
930 1377
936 1154
940 1392
941 1306
943 1289
947 1399
965 1182
976 1516
984 1324
985 1211
986 1198
987 1504
988 1464
1017 1465
1018 1442
1024 1226
1027 1419
1028 1478
1031 1588
1042 1519
1061 1393
1065 1297
1070 1625
1088 1517
1091 1424
1102 1611
1104 1357
1112 1457
1121 1513
1123 1512
1125 1492
1130 1474
1131 1386
1139 1284
1146 1530
1151 1444
1154 1381
1163 1402
1169 1407
1172 1461
1174 1560
1178 1658
1182 1613
1189 1458
1196 1460
1197 1722
1205 1536
1213 1628
1233 1635
1236 1487
1237 1656
1250 1521
1253 1507
1260 1706
1262 1664
1268 1569
1277 1652
1279 1701
1282 1740
1284 1653
1297 1689
1323 1690
1340 1757
1346 1626
1353 1780
1370 1614
1373 1777
1375 1670
1378 1599
1385 1708
1396 1711
1399 1600
1409 1627
1427 1684
1441 1793
1452 1752
1467 1747
1514 1785
1518 1829
1521 1814
1522 1727
1525 1781
1533 1855
1535 1834
1536 1841
1537 1884
1547 1840
1561 1875
1593 1849
1596 1903
1612 1890
1618 1863
1645 1891
1646 1892
1649 1885
1651 1897
1673 1904
1695 2009
1701 1930
1705 1943
1720 1822
1725 2001
1732 2049
1751 1859
1760 1872
1799 1895
1803 2006
1810 1915
1831 2010
1859 2025
1863 2132
1870 2069
1876 2037
1880 2047
1888 2160
1912 1900
1925 2029
1928 2062
1934 1988
1968 2111
1985 2216
2004 2115
2026 2137
2032 2138
2047 2180
2065 2239
2072 2163
2088 2229
2130 2218
2140 2281
2141 2255
2150 2292
