f_0082872.png f_0082912.png
52 2276
76 2225
212 1106
231 2202
256 1292
324 2581
332 1028
371 1810
410 1168
499 2812
543 1165
558 227
570 574
590 879
611 2548
619 1976
637 2338
648 17
688 214
739 2706
741 1828
752 2904
812 1510
858 507
960 2406
961 786
988 1701
989 953
996 470
1087 716
1204 424
1210 1410
1218 627
1255 2912
1287 2198
1342 63
1354 856
1359 1912
1405 2130
1452 734
1470 1193
1487 1209
1511 1339
1515 2737
1518 1503
1564 1617
1575 1393
1587 1819
1626 1100
1651 1088
1673 2946
1698 2753
1708 2066
1754 74
1763 323
1787 1221
1788 697
1816 654
1822 861
1893 1872
1898 1534
1911 1101
1915 1883
1919 1052
1940 538
1957 688
1988 1248
1999 105
2004 197
2012 1294
2046 1548
2058 1941
2064 297
2095 2613
2104 360
2105 2621
2107 163
2116 706
2127 2147
2130 581
2155 2393
2174 80
2177 2437
2195 869
2203 317
2240 1849
2259 1564
2265 2043
2279 2164
2284 2073
2286 1046
2295 194
2301 727
2302 1870
2307 402
2309 2247
2326 148
2337 2011
2344 2810
2348 0
2351 142
2389 1887
2396 2333
2411 823
2450 92
2480 1856
2546 2277
2564 524
2594 2468
2597 266
2602 2603
2618 2526
2619 1012
2621 1110
2625 2301
2666 785
2671 175
2674 1876
2678 196
2702 1016
2708 2483
2709 18
2741 1553
2751 2924
2756 241
2794 1096
2816 395
2821 2146
2840 1568
2844 1525
2847 168
2850 1223
2856 752
2867 1237
2870 2106
2883 1456
2884 1837
2887 715
2893 1152
