f_0082872.png f_0082518.png
446 119
450 198
470 73
514 162
525 109
531 149
536 249
559 165
567 213
581 193
617 229
674 313
692 215
708 259
714 338
740 361
746 359
761 365
774 287
861 399
862 350
867 405
922 363
944 443
961 392
977 444
1002 488
1019 475
1029 424
1109 511
1150 529
1169 524
1178 525
1179 519
1197 579
1198 560
1206 534
1248 629
1310 626
1322 515
1342 604
1388 715
1396 695
1403 732
1444 776
1553 810
1576 858
1594 900
1601 894
1655 903
1672 919
1699 985
1718 980
1758 1080
1777 1030
1901 1072
1956 1143
1970 1168
1985 1125
2043 1162
2046 1178
2062 1185
2064 1179
2091 1193
2096 1230
2108 1285
2111 1094
2136 1264
2155 1341
2166 1300
2273 1384
2317 1476
2485 1517
2510 1326
2690 1288
2839 1414
