f_0082946.png f_0082918.png
0 1095
1 882
38 2351
46 1586
58 2297
67 388
71 48
72 1316
77 1774
85 2109
93 49
99 1452
100 2951
106 230
113 1879
114 325
115 2447
124 82
126 2285
127 157
133 1784
139 2021
141 750
143 539
147 2485
149 930
150 1055
155 167
157 2923
168 2146
175 1375
176 681
178 507
179 1760
180 2641
181 2102
182 187
186 1733
191 2556
195 1783
202 1618
203 970
208 2781
213 378
215 361
216 1031
217 132
221 219
222 2337
223 623
225 1530
227 619
228 2864
236 1580
237 2238
243 2049
244 923
246 941
247 2994
251 2773
253 521
255 1713
257 1641
258 1384
260 2702
265 1811
267 2190
268 251
270 1963
274 2176
275 287
277 756
280 2826
281 14
282 2422
288 141
290 2187
291 247
292 2170
293 2955
301 932
302 2090
303 2680
307 262
309 1889
310 1600
316 2780
319 208
320 257
323 2553
326 659
328 2591
338 1640
347 2767
349 518
351 2245
354 2066
357 1387
360 980
365 226
366 2456
369 735
371 2999
373 1010
380 532
381 1688
382 1108
390 1526
391 1263
399 6
401 379
402 1875
408 1274
409 50
417 103
426 1437
427 13
428 1789
432 958
433 71
436 93
437 1248
438 142
439 1920
441 2003
444 2278
447 1722
449 1425
450 1285
453 102
457 58
460 1195
462 64
466 2616
467 778
469 597
472 1203
481 442
486 1809
489 1299
490 1913
491 235
504 2
505 894
506 156
514 214
515 213
516 1865
519 1345
522 1571
526 2535
528 1563
532 2510
533 115
535 206
536 10
538 494
539 2378
540 264
542 1515
544 2430
545 1796
547 2397
548 497
552 2203
553 798
555 550
559 2831
562 2648
563 2730
564 1172
566 248
569 1529
570 561
573 622
574 52
578 602
581 1133
582 1103
583 626
586 23
587 1421
589 2149
590 893
593 2377
595 1206
597 2676
598 2686
604 496
606 2298
610 1325
614 967
617 368
620 19
627 2437
634 728
650 108
653 1788
655 1982
660 596
662 1590
665 241
666 1084
670 2403
672 118
673 1046
685 2052
696 437
700 589
704 392
707 1588
709 101
717 2850
718 2609
723 94
724 2949
725 1702
726 465
732 1577
734 2719
735 85
739 1106
740 1364
743 1536
755 200
757 11
759 1227
762 1940
769 120
775 47
778 1660
783 61
788 1296
790 1293
792 579
798 2514
801 2184
802 1371
812 998
814 2006
815 2819
818 344
819 1651
820 2572
821 2589
828 140
834 1207
835 653
836 123
840 2888
841 2150
843 1552
847 1201
848 1197
851 772
860 2596
863 1549
864 2472
866 2716
867 104
868 1415
869 634
870 2046
873 526
877 2265
879 594
881 1953
883 1874
884 974
885 222
888 1081
893 1150
895 2752
896 2922
899 2869
901 995
905 2373
906 268
908 1222
911 1849
913 1825
914 727
922 2242
924 490
926 2409
929 2064
935 814
939 1269
942 300
949 828
954 207
955 2067
957 2483
961 198
963 2829
964 1200
965 1656
966 1750
971 2133
974 2679
975 1446
976 2234
981 2810
982 215
983 1922
987 1738
989 618
991 2161
992 2279
993 2558
996 1501
999 1434
1000 944
1004 2968
1005 635
1006 276
1007 1464
1009 366
1011 283
1018 2902
1019 1087
1023 2458
1024 801
1030 1163
1032 1331
1036 832
1039 2414
1040 1236
1042 2323
1047 396
1049 1144
1052 1447
1056 2202
1063 1481
1064 1167
1070 68
1072 2532
1075 246
1076 9
1078 1066
1084 603
1085 1926
1089 1123
1090 2980
1091 625
1094 1244
1097 1433
1104 678
1106 1326
1110 1131
1118 220
1122 1252
1126 1223
1127 2599
1128 1409
1129 1343
1130 69
1131 2862
1134 1113
1135 1226
1139 688
1143 877
1144 1110
1145 942
1149 2634
1150 1112
1152 256
1153 895
1156 2001
1161 1270
1162 1357
1164 790
1170 1410
1172 1061
1174 2448
1175 2754
1178 1648
1182 761
1185 2087
1186 1494
1188 916
1189 1711
1193 1396
1200 161
1203 2442
1205 969
1206 729
1209 2145
1210 33
1213 1544
1220 2626
1228 55
1230 2976
1231 463
1232 75
1236 1484
1240 1736
1245 1305
1247 1850
1249 191
1252 1441
1254 2436
1262 2008
1264 385
1266 1057
1270 1758
1278 2415
1281 2058
1282 1735
1283 2995
1285 2200
1286 72
1289 993
1290 1193
1291 1417
1292 59
1297 909
1298 560
1305 2268
1307 2487
1310 1435
1312 1436
1319 2705
1322 951
1325 2937
1331 2917
1339 1051
1343 812
1349 117
1352 1966
1355 1218
1358 1998
1359 2361
1361 850
1362 2813
1363 522
1367 209
1370 2846
1373 1931
1374 1146
1375 2848
1376 2210
1378 1546
1388 2305
1394 1972
1396 2465
1398 1573
1400 1383
1408 629
1409 2309
1410 1138
1416 1147
1417 2051
1418 1453
1419 397
1420 2262
1423 2873
1430 1005
1435 1023
1441 1022
1442 2712
1443 2821
1444 409
1445 2625
1447 5
1449 297
1450 2174
1454 815
1455 1088
1456 2136
1459 2497
1462 698
1464 1148
1465 1310
1476 201
1490 136
1496 2652
1501 2410
1502 1512
1504 1276
1509 2106
1516 291
1517 1705
1521 2320
1524 1603
1526 2870
1527 1493
1528 2071
1534 1069
1536 266
1538 2701
1543 502
1544 376
1549 740
1553 2023
1557 1919
1559 469
1569 2048
1573 2834
1575 864
1576 2291
1577 1904
1578 1971
1588 1592
1589 1038
1594 827
1603 217
1606 1234
1608 1761
1619 2253
1623 1225
1624 633
1626 2463
1629 525
1630 1782
1635 736
1638 861
1641 2934
1642 1495
1646 1581
1648 1843
1656 2444
1664 1179
1675 2353
1688 2125
1704 1834
1706 1028
1708 1253
1711 2505
1712 267
1713 1661
1724 548
1726 1044
1731 1692
1732 655
1734 1657
1735 1426
1747 1918
1753 1706
1754 933
1758 2438
1759 2726
1765 1712
1767 1810
1771 2833
1772 2097
1774 824
1778 2275
1782 1012
1788 225
1791 62
1792 663
1794 282
1797 2057
1804 2451
1805 116
1806 601
1809 685
1810 2476
1814 394
1815 2947
1820 2918
1822 367
1823 2866
1829 1654
1832 2355
1840 2769
1853 304
1854 2432
1856 1823
1865 17
1867 2331
1868 570
1875 1798
1879 2233
1885 1979
1886 1605
1888 842
1889 175
1892 1663
1894 1089
1897 1747
1899 2577
1901 2273
1902 279
1903 303
1916 786
1919 1058
1922 1828
1923 2649
1924 458
1932 2286
1937 754
1940 2426
1943 390
1945 1479
1949 12
1953 2578
1954 657
1955 2272
1957 205
1958 2460
1959 317
1964 1792
1965 2328
1967 1785
1968 1199
1977 1062
1981 1506
1989 1507
1995 1351
1997 1060
1999 348
2003 419
2011 286
2019 2450
2035 1332
2036 88
2042 2788
2043 2775
2047 789
2049 2569
2051 2967
2052 1800
2057 2235
2059 1449
2064 1156
2066 413
2067 868
2073 2818
2074 2748
2076 1303
2085 172
2088 493
2089 2728
2097 228
2103 2027
2109 2424
2118 1246
2129 1939
2133 665
2141 595
2145 2466
2147 1551
2148 273
2150 1620
2151 1965
2152 1502
2158 1026
2161 1152
2166 679
2168 1991
2170 2534
2179 223
2182 2281
2183 1731
2189 1467
2192 504
2201 1237
2202 580
2211 2561
2212 1868
2218 696
2222 76
2228 2928
2235 1478
2249 2817
2256 592
2261 450
2270 2530
2271 747
2275 2413
2293 1250
2297 1442
2308 612
2328 1766
2337 2325
2340 1007
2341 1013
2352 890
2354 302
2367 316
2371 2962
2389 2358
2394 106
2400 1107
2401 2317
2405 2164
2408 1622
2420 2342
2431 1394
2433 1048
2449 2013
2450 2722
2455 2365
2475 285
2483 1553
2494 2913
2507 639
2512 2167
2528 1625
2542 1969
2543 2287
2552 2747
2561 233
2568 911
2577 2028
