f_0082924.png f_0082958.png
38 23
58 228
75 39
84 48
87 38
94 253
101 282
107 147
125 173
143 401
154 197
181 16
193 496
202 383
207 517
209 5
225 269
259 20
260 4
271 214
274 307
279 84
285 231
287 527
291 112
292 296
293 329
295 612
300 99
303 56
309 226
313 134
317 534
327 123
328 238
332 184
341 430
343 133
355 258
358 560
363 658
364 669
372 183
374 394
376 419
378 623
384 503
387 98
390 561
396 33
399 236
400 299
402 443
403 545
411 325
412 334
418 323
420 704
422 78
425 642
428 77
431 340
440 640
448 490
450 392
454 663
458 41
462 263
463 418
467 94
474 339
482 373
489 792
500 699
512 644
525 372
530 710
532 519
541 478
542 536
543 512
544 726
550 553
553 648
557 598
570 278
576 838
583 589
584 756
586 486
590 784
593 338
595 613
596 690
604 489
622 625
624 879
626 328
628 730
632 333
633 466
634 498
635 549
638 408
641 800
646 672
650 673
660 842
663 878
666 465
668 229
669 406
675 548
677 762
679 413
680 386
681 791
684 779
685 907
686 455
692 596
695 817
696 304
697 1006
703 848
706 794
707 857
710 947
713 665
715 660
716 802
724 886
725 997
728 773
729 1002
735 497
741 580
742 914
750 629
753 844
754 824
761 509
763 996
765 375
770 595
773 855
774 1072
784 574
785 649
789 845
791 1071
794 898
798 538
800 778
802 939
805 528
816 906
819 632
827 795
830 933
835 602
836 988
837 1100
841 732
842 961
845 653
847 1117
849 832
850 841
855 837
856 937
862 959
863 1000
867 576
868 869
870 1104
874 689
886 905
889 750
893 831
894 1057
895 884
896 930
897 1155
898 1159
903 594
909 970
914 583
915 992
916 1177
922 1054
927 1008
934 1208
938 1146
940 1063
942 1012
947 772
949 666
952 1244
957 1204
962 1214
968 1075
970 883
975 1374
977 789
978 1088
985 1232
988 1269
990 1280
998 1109
1001 1322
1003 1319
1008 783
1009 830
1012 1387
1015 1148
1019 1124
1028 1243
1032 1163
1033 1231
1035 1299
1037 1342
1040 1113
1045 944
1049 835
1055 1302
1056 1449
1060 816
1067 929
1069 1162
1070 1413
1071 1147
1072 1213
1077 1378
1080 829
1082 1192
1089 1234
1090 1242
1095 1473
1096 865
1098 1330
1103 868
1106 909
1112 1268
1116 1396
1127 863
1130 986
1131 1107
1132 1282
1134 989
1135 1083
1137 1424
1146 902
1149 1311
1160 1444
1161 1469
1166 1272
1167 1502
1173 1279
1175 1365
1178 1456
1180 1575
1181 1105
1188 1051
1189 1241
1196 1184
1205 1139
1209 1225
1210 1252
1211 1495
1218 1439
1219 1506
1223 1221
1228 1418
1229 1560
1233 1138
1234 1308
1235 1490
1236 1559
1237 1068
1242 1275
1244 1593
1247 1240
1254 1601
1256 1087
1259 1081
1261 1465
1265 1131
1268 1598
1269 1623
1270 1646
1275 1210
1281 1410
1289 1346
1300 1618
1310 1178
1311 1259
1315 1258
1316 1294
1318 1564
1322 1427
1323 1515
1327 1384
1333 1237
1334 1314
1342 1307
1345 1642
1346 1750
1348 1459
1349 1563
1351 1257
1353 1173
1356 1409
1357 1430
1365 1156
1369 1180
1374 1442
1375 1580
1386 1431
1387 1500
1397 1369
1401 1349
1402 1683
1405 1209
1411 1250
1416 1544
1420 1744
1422 1372
1424 1699
1428 1487
1434 1650
1439 1353
1441 1448
1444 1437
1445 1380
1448 1383
1449 1482
1450 1727
1462 1726
1466 1345
1467 1377
1472 1771
1477 1352
1482 1503
1483 1693
1488 1551
1490 1716
1491 1743
1492 1550
1493 1590
1502 1589
1505 1708
1507 1749
1509 1362
1511 1534
1512 1630
1515 1420
1517 1762
1520 1379
1521 1562
1524 1399
1529 1555
1531 1720
1538 1616
1545 1583
1553 1747
1555 1655
1563 1796
1579 1690
1584 1734
1585 1779
1589 1524
1591 1664
1595 1484
1598 1648
1600 1803
1601 1270
1604 1523
1605 1525
1606 1812
1614 1789
1625 1676
1626 1697
1627 1871
1641 1571
1642 1567
1643 1662
1648 1546
1650 1649
1652 1663
1653 1696
1655 1712
1657 1818
1658 1908
1667 1667
1668 1686
1677 1887
1680 1587
1681 1675
1687 1614
1688 1713
1694 1625
1710 1732
1711 1740
1714 1619
1715 1603
1716 1746
1721 1382
1723 1679
1724 1711
1733 1700
1746 1807
1752 1658
1753 1755
1757 1738
1763 1685
1770 1810
1776 1778
1782 2048
1803 1777
1805 1983
1806 1966
1812 1932
1817 1745
1824 2002
1827 1784
1837 1792
1846 1959
1850 1998
1856 1841
1862 1783
1870 1868
1887 2005
1890 1798
1902 2028
1910 2217
1916 1972
1922 2033
1932 2043
1939 2025
1941 2054
1960 2070
1966 2079
1982 2246
1985 2188
2007 1828
2008 2245
2027 2152
2034 2232
2043 2309
2056 2234
2057 1879
2070 2231
2099 2349
2108 2007
2118 2083
2151 2376
2155 1951
2185 2205
2188 2087
2223 2381
2237 2386
2273 2306
2280 2224
2293 2148
2294 2374
2296 2289
2430 2254
2523 2379
