f_0082724.png f_0082876.png
3 165
7 678
14 373
18 488
23 479
28 201
45 123
51 839
70 57
80 72
81 382
85 173
87 157
98 525
102 562
118 524
121 356
134 398
138 486
147 407
170 315
176 522
180 437
186 468
188 377
195 160
206 260
210 283
211 538
215 298
219 266
226 537
228 498
239 446
246 739
259 1080
273 454
277 926
295 656
301 791
302 895
308 974
313 645
314 870
319 535
328 644
332 957
343 1226
348 1236
362 784
366 1187
368 677
371 335
377 642
379 723
383 459
390 776
393 775
394 912
405 724
407 764
411 854
419 475
432 1261
434 555
439 805
443 1239
450 698
459 361
461 494
464 561
482 451
483 1247
486 938
490 756
492 1153
496 744
497 755
498 1112
506 1428
507 387
510 1002
519 914
521 1347
522 587
524 509
531 1028
537 768
538 877
540 497
541 566
557 1001
562 1063
564 430
565 730
577 992
580 901
596 1115
603 692
607 1389
609 1225
617 418
618 1060
625 634
626 668
636 1096
637 1184
640 830
658 1266
661 641
666 1291
667 1310
671 636
672 701
677 1324
685 664
702 986
705 752
706 1241
707 1323
708 920
713 882
719 1004
721 774
724 906
729 1104
730 1276
736 700
749 1045
755 1340
759 1423
775 1366
779 1242
782 1274
804 996
806 1385
810 1512
814 1246
823 1518
827 1293
830 872
837 935
840 1319
859 1546
862 1438
863 674
868 1629
877 671
880 1384
889 881
891 1612
919 1603
934 747
938 1362
944 1412
950 707
955 1379
966 1217
980 1730
983 1765
986 1120
988 1361
998 1453
1007 1490
1014 1624
1024 1433
1028 1182
1029 1232
1032 1502
1040 1584
1045 1594
1049 1507
1056 1101
1057 1419
1064 809
1068 1326
1072 1782
1075 1537
1088 1497
1089 1049
1090 1747
1093 1150
1122 1648
1125 1189
1138 1811
1140 1872
1141 1762
1143 1846
1144 1208
1171 1677
1185 1494
1199 1554
1202 1132
1203 1552
1211 1550
1232 1521
1236 1515
1242 1198
1266 1809
1276 1308
1280 1610
1292 1880
1363 1442
1365 1768
1366 2025
1368 1613
1405 1815
1417 1404
1419 1697
1420 1278
1460 1620
1518 1859
1546 1870
1566 1658
1582 1888
1623 1919
1633 1693
1649 1583
1710 1799
1733 1993
1745 1825
1909 2008
1915 1995
1917 1978
2011 1854
2017 1723
2038 1990
