f_0082946.png f_0082968.png
173 973
182 977
287 893
296 1233
386 991
421 906
426 1122
452 840
580 950
588 969
670 1353
764 1549
769 1414
873 1361
895 1399
921 1596
930 1603
945 1621
1004 1588
1040 1441
1047 1581
1048 1691
1159 1771
1168 1824
1251 1809
1314 1833
1317 1897
1343 1943
1345 1880
1347 1740
1354 1922
1383 1780
1464 1902
1488 2012
1502 2111
1583 2076
1685 2021
1744 2223
1757 2355
1773 2312
1795 2365
1809 2376
1834 2333
1948 2297
2015 2342
2123 2303
2344 2203
2416 2276
2498 2332
2545 2385
