f_0082886.png f_0082926.png
143 45
163 46
166 91
168 37
176 93
177 87
185 79
187 74
203 136
206 72
214 132
224 131
227 156
229 189
232 64
233 165
238 203
247 218
248 251
255 146
268 282
275 242
277 237
284 194
289 319
295 221
298 357
303 206
309 362
315 297
324 416
327 294
342 295
356 401
358 445
372 463
376 514
385 468
391 327
392 450
401 500
405 472
414 537
451 536
458 588
464 637
468 527
477 615
483 703
497 675
502 672
517 632
524 674
528 695
531 729
539 667
541 736
542 750
549 682
559 789
566 849
577 793
585 844
592 871
596 762
604 864
605 891
609 863
611 910
612 900
625 897
631 934
633 831
635 915
636 902
649 952
659 1012
674 1063
676 991
681 937
693 1129
696 1089
700 1021
703 887
704 946
705 922
708 1081
716 1100
726 1088
729 1001
732 1065
733 1107
740 1115
744 1147
749 1156
750 1278
752 1155
758 1121
764 1124
766 1161
769 1187
773 1204
783 1059
784 1218
789 1188
798 1249
802 1215
803 1225
807 1257
818 1098
820 1284
844 1370
845 1328
851 1293
853 1333
857 1355
865 1312
866 1385
872 1414
893 1316
899 1255
901 1368
907 1435
912 1433
913 1429
918 1438
920 1443
932 1499
938 1437
943 1379
948 1459
950 1559
953 1455
954 1497
960 1526
964 1545
974 1546
980 1498
983 1511
991 1534
996 1579
1013 1554
1022 1666
1024 1517
1036 1596
1063 1734
1072 1720
1074 1688
1078 1685
1083 1706
1095 1716
1098 1796
1101 1869
1103 1691
1129 1790
1148 1820
1151 1860
1155 1824
1156 1887
1162 1874
1163 1866
1166 1818
1168 1859
1176 1886
1178 1934
1204 1941
1205 1962
1216 2010
1227 1951
1234 1969
1237 1981
1253 2028
1254 1993
1255 1996
1272 2031
1299 1991
1328 2216
1348 2098
1359 2249
1360 2308
1366 2082
1371 2217
1387 2300
1395 2243
1399 2222
1407 2281
1409 2204
1417 2333
1434 2331
1440 2380
1448 2239
1451 2330
1472 2449
1476 2274
1517 2471
1519 2507
1553 2624
1562 2522
1564 2589
1567 2609
1581 2594
1582 2658
1590 2672
1598 2676
1609 2644
1620 2669
1621 2743
1627 2694
1644 2655
1676 2686
1727 2813
1730 2798
1734 2846
1747 2706
1757 2781
1758 2711
1824 2744
