f_0082558.png f_0082872.png
0 588
14 1354
43 782
93 914
147 816
175 1704
190 1809
210 762
217 665
263 1109
264 1552
278 1685
282 1807
351 2135
358 547
360 2096
379 873
393 1998
409 1806
437 1984
456 961
467 689
475 992
476 749
507 783
538 1949
540 1123
546 1786
564 539
593 880
598 1498
609 1349
623 2126
667 729
715 1609
752 2606
760 1054
777 1074
780 1321
825 799
845 1830
853 1328
854 1266
867 623
869 1309
870 690
889 1678
992 2205
993 1203
1002 1431
1041 497
1065 589
1087 2011
1098 1027
1220 1966
1224 1053
1229 986
1245 1641
1248 2413
1256 1209
1262 2008
1277 1709
1281 559
1343 2120
1377 1751
1409 1587
1453 1320
1467 1831
1497 1006
1508 826
1513 1119
1516 978
1517 1859
1537 869
1565 440
1592 1168
1648 1135
1695 767
1714 2330
1741 1079
1750 922
1775 1154
1802 1159
1848 1169
1897 542
1905 902
1927 2466
1963 1699
1967 1502
1969 2423
2008 856
2011 638
2021 1511
2036 1725
2054 1177
2086 2139
2100 1256
2108 927
2116 681
2142 1157
2170 2485
2180 2469
2220 2046
2236 2453
2239 1975
2241 514
2268 715
2270 1629
2294 608
2325 1218
2355 952
2356 1281
2361 809
2387 1172
2417 1800
2429 1042
2449 857
2450 668
2466 2091
2482 1396
2491 567
2503 1756
2542 2480
2591 748
2598 1508
2619 1862
2632 1585
2646 1978
2651 1407
2667 960
2671 2042
2673 498
2689 1341
2712 2069
2733 726
2735 2397
2746 912
2747 1981
2761 2405
2776 1160
2789 2075
2791 1461
2812 808
2833 951
2844 959
2852 1895
2855 2477
2884 650
2893 854
2911 1253
2923 496
2953 621
2958 1906
2962 1654
2972 604
