f_0082952.png f_0082942.png
4 61
6 103
8 65
19 111
23 182
24 124
25 128
29 131
50 115
55 197
56 165
65 157
77 154
85 222
100 212
106 225
121 227
127 195
132 226
135 202
141 139
157 266
165 252
175 275
180 207
181 230
183 213
189 293
213 241
221 245
228 250
232 311
241 239
244 235
247 305
258 286
259 262
260 253
270 258
278 263
284 314
291 337
297 309
298 321
301 306
316 373
336 299
339 368
344 352
352 343
354 320
358 296
363 315
385 333
395 374
398 406
401 347
408 441
409 377
417 369
432 332
436 362
438 430
448 436
450 421
458 435
461 412
464 480
465 483
471 423
476 497
504 394
512 520
514 498
519 471
521 519
531 444
534 499
541 399
551 533
576 439
586 488
594 524
600 559
623 503
629 537
643 501
646 627
648 560
653 489
664 621
674 656
677 603
683 629
684 614
700 630
720 604
722 522
726 532
731 660
739 702
742 612
751 554
759 664
772 545
777 687
780 657
790 661
797 697
798 606
799 631
804 679
806 667
834 617
839 670
851 594
862 647
867 704
868 683
873 708
891 769
896 655
898 705
903 658
905 625
911 681
916 794
918 685
923 746
924 709
929 738
930 731
934 710
938 711
946 674
955 780
956 784
960 728
969 755
982 741
985 756
989 792
990 691
996 882
998 798
999 785
1003 850
1008 778
1013 815
1017 720
1021 742
1025 763
1031 817
1032 787
1036 875
1046 775
1047 764
1052 814
1053 801
1060 853
1062 788
1063 831
1073 811
1076 809
1084 842
1088 904
1101 856
1104 871
1107 838
1108 846
1111 810
1112 790
1113 865
1116 813
1122 791
1123 881
1125 885
1144 967
1146 819
1151 910
1157 848
1158 841
1160 903
1165 886
1182 921
1190 891
1191 866
1198 854
1210 844
1211 873
1219 892
1223 916
1225 902
1230 946
1231 906
1232 907
1233 901
1238 926
1242 973
1244 935
1249 859
1253 858
1261 969
1262 913
1263 923
1264 922
1266 898
1269 970
1276 1025
1281 975
1283 914
1285 987
1288 985
1291 954
1294 986
1299 908
1306 978
1307 947
1308 960
1314 948
1315 955
1324 1026
1332 992
1338 965
1348 999
1352 1117
1354 937
1360 1023
1363 1034
1375 1001
1388 1014
1390 1074
1391 1054
1396 1013
1397 1002
1398 1036
1402 1107
1404 1112
1407 1108
1414 1018
1419 1041
1422 1114
1430 1156
1432 1086
1435 1044
1443 1062
1445 1148
1446 1136
1451 1066
1458 1046
1462 1057
1465 1109
1471 1139
1472 1125
1473 1067
1475 1082
1486 1102
1489 1218
1492 1150
1502 1172
1504 1138
1507 1104
1515 1115
1518 1101
1529 1131
1531 1178
1533 1285
1537 1130
1543 1128
1544 1133
1551 1168
1552 1181
1567 1215
1569 1157
1575 1219
1580 1211
1581 1206
1584 1233
1586 1167
1587 1155
1589 1245
1597 1179
1607 1196
1611 1292
1621 1246
1624 1163
1629 1200
1632 1286
1633 1282
1634 1253
1638 1267
1645 1277
1651 1270
1653 1212
1656 1225
1659 1201
1665 1190
1668 1306
1669 1221
1684 1332
1690 1313
1692 1194
1699 1302
1715 1343
1726 1261
1728 1226
1729 1367
1730 1240
1732 1329
1737 1299
1741 1358
1747 1300
1748 1257
1749 1365
1761 1325
1771 1323
1774 1413
1779 1319
1790 1420
1809 1379
1810 1460
1811 1354
1813 1327
1815 1421
1818 1434
1827 1443
1832 1480
1836 1372
1842 1397
1862 1505
1864 1471
1878 1493
1886 1485
1903 1414
1908 1472
1911 1389
1919 1449
1922 1486
1925 1476
1933 1462
1938 1538
1941 1477
1943 1465
1947 1502
1950 1529
1953 1444
1959 1452
1961 1521
1963 1461
1966 1542
1970 1541
1979 1478
1981 1515
1988 1495
1999 1547
2012 1512
2019 1558
2026 1555
2030 1491
2033 1586
2034 1565
2056 1566
2066 1548
2076 1572
2084 1564
2100 1608
2126 1557
2142 1637
2163 1660
2174 1621
2177 1681
2188 1629
2192 1700
2211 1692
2216 1639
2228 1683
2267 1733
2268 1688
2281 1714
2288 1713
2294 1718
2304 1727
2324 1761
2337 1757
2338 1704
2354 1668
2356 1758
2370 1770
2394 1792
2407 1818
2423 1907
2425 1831
2432 1912
2441 1888
2447 1737
2461 2017
2473 1859
2482 1819
2489 1860
2509 1984
2515 1856
2522 1855
2543 1891
2544 1884
2559 1885
2562 1931
2592 1932
2604 1971
2640 1979
2659 2159
2675 2217
2713 2050
2800 2110
2808 2146
2834 2285
2840 2374
