f_0082558.png f_0082912.png
53 2201
56 327
67 850
128 166
171 684
181 1464
187 904
191 9
196 949
246 2351
265 50
412 1451
429 943
475 1755
518 911
525 1536
590 2291
679 558
734 581
750 1909
791 516
839 2247
872 738
905 1348
969 2675
972 2506
977 1944
1077 2401
1087 330
1124 2793
1153 153
1244 1194
1264 1655
1314 2101
1382 1883
1492 971
1545 1960
1633 1724
1760 1887
1903 1521
1907 1528
1909 2092
1913 1688
2092 2633
2123 1457
2339 1369
2426 2074
2437 2075
2726 2307
2825 313
2830 820
2956 1695
2966 2737
2996 2350
2997 1200
