f_0082620.png f_0082912.png
38 27
169 1053
178 1668
219 2455
245 857
274 810
286 1346
312 2369
339 1840
372 141
376 690
426 1701
496 83
501 2259
647 2947
689 2631
818 1916
833 2018
884 818
897 50
978 1271
1024 2977
1056 1930
1088 1075
1098 2986
1134 2637
1179 1982
1188 330
1197 403
1252 987
1293 1742
1301 1801
1305 819
1325 2355
1326 1573
1336 177
1339 21
1352 1174
1386 695
1509 2711
1536 2328
1559 2840
1613 668
1624 2836
1646 1614
1655 169
1678 1655
1695 2150
1697 2556
1714 1564
1724 2696
1731 698
1734 630
1764 194
1775 2756
1807 2830
1838 1776
1871 1708
1895 509
