f_0082864.png f_0082886.png
0 322
15 808
20 1450
21 255
24 1864
25 749
29 1026
31 1183
37 90
46 887
58 1651
59 502
60 1844
68 1311
71 1637
78 955
81 1701
84 179
86 649
87 1731
88 163
105 694
108 1881
111 1624
112 980
117 279
126 1298
137 869
138 301
145 758
148 1217
150 1746
156 645
162 399
165 828
170 1130
179 785
187 1627
196 823
197 1001
201 1159
206 474
211 99
216 377
222 613
223 1066
225 535
226 507
232 1670
244 74
246 1445
249 220
258 1402
259 884
261 1077
269 239
270 1082
283 34
287 1530
293 1032
302 246
303 1435
306 470
307 533
308 386
310 830
324 1208
326 331
330 991
333 684
342 1258
351 107
372 466
398 1392
401 1879
409 1278
415 110
423 1037
437 611
441 789
443 671
447 1578
451 934
452 1387
456 566
479 1410
480 492
481 358
495 784
512 1081
513 1040
523 1131
531 783
535 572
538 1296
540 661
542 766
544 1151
555 280
557 987
563 739
578 356
580 1747
582 1462
587 730
594 442
595 1647
599 1349
602 1176
607 1775
611 1187
646 1083
649 591
674 1495
679 1376
680 770
681 1438
685 720
690 1074
693 352
698 771
705 72
718 573
738 1019
745 626
746 1205
763 1238
771 650
773 1549
780 769
785 1434
796 1247
808 1391
819 206
827 1688
833 796
835 1856
838 528
846 1025
855 1086
857 253
870 224
915 1186
917 536
919 619
926 1141
935 876
937 529
949 1723
953 1016
955 1146
956 1179
958 1954
963 947
967 878
969 756
971 944
979 676
986 1199
988 446
990 1228
1001 1103
1004 1266
1005 709
1006 714
1010 263
1011 836
1020 1231
1029 582
1033 1216
1039 1918
1041 1874
1046 1221
1048 482
1060 704
1063 1444
1067 418
1072 555
1077 1479
1078 1428
1082 78
1083 586
1094 806
1108 343
1110 845
1111 1145
1112 563
1133 232
1143 1323
1147 218
1154 1196
1155 1511
1168 1749
1171 1597
1173 159
1182 75
1195 568
1214 644
1216 26
1220 434
1222 140
1228 685
1235 205
1245 698
1247 1600
1249 604
1255 910
1273 1163
1284 868
1297 1214
1301 807
1306 907
1314 1321
1332 1359
1333 1338
1340 286
1364 699
1365 1067
1393 1482
1459 7
1462 900
1484 2
1486 700
1497 508
1502 114
1504 872
1514 1452
1518 565
1519 1884
1521 1197
1525 810
1528 227
1531 1045
1535 835
1542 1710
1543 1877
1551 309
1555 614
1561 1668
1564 1272
1567 1458
1579 1436
1582 1288
1583 939
1596 612
1602 1501
1606 577
1611 963
1615 1263
1619 710
1626 488
1629 1896
1654 1252
1655 1085
1657 726
1664 1289
1666 416
1668 1676
1677 373
1699 1235
1724 1849
1728 569
1738 1138
1753 729
1764 1663
1783 908
1786 977
1787 780
1789 1341
1801 959
1805 234
1818 1466
1828 1102
1842 1302
1844 968
1860 786
1863 890
1865 1418
1866 816
1877 1170
1879 1269
1882 1411
1883 1703
1888 138
1908 1254
1916 1629
1921 1897
1938 86
1945 119
1946 1300
1951 495
1960 360
1969 798
1996 1148
1998 655
2002 639
2009 480
2012 1378
2024 1901
2037 976
2040 1662
2043 132
2045 662
2053 1030
2068 1056
2073 1473
2082 1168
2084 200
2095 1110
2099 1184
2108 467
2127 1536
2130 651
2136 1498
2139 1135
2148 376
2156 1096
2162 1215
2167 1372
2188 1013
2197 1866
2204 1195
2209 499
2214 436
2230 546
2248 1486
2253 65
2256 1140
2272 1010
2277 1858
2279 1105
2285 597
2293 1076
2302 381
2332 1736
2334 330
2338 444
2341 1112
2345 748
2357 1209
2358 1468
2359 983
2379 401
2383 77
2388 313
2396 109
2414 805
2415 557
2427 406
2436 659
2447 1889
2455 1912
2461 585
2467 1078
2474 1659
2489 1764
2490 1348
2498 1042
2503 1136
2505 1557
2518 1290
2522 248
2530 773
2533 917
2561 430
2575 298
2591 1416
2592 1329
2597 1073
2600 208
2601 631
2605 1497
2614 953
2619 605
2628 1929
2629 802
2633 176
2637 486
2641 464
2656 166
2662 1120
2665 1180
2676 1253
2683 1293
2686 1412
2701 1093
2702 1702
2720 751
2731 1394
2733 733
2746 452
2748 55
2770 62
2773 1336
2783 1343
2784 667
2807 547
2809 656
2822 523
2824 154
2829 1268
2836 1244
2855 1063
2857 754
2874 458
2884 221
2888 1631
2892 359
2895 1058
2897 843
2899 392
2900 642
2914 252
2925 1277
2926 1053
2932 1430
2939 1621
2947 1036
2958 385
2966 289
2972 1728
2974 1888
2975 346
2981 1129
2984 297
