f_0082876.png f_0082918.png
132 1040
135 1285
150 364
158 461
166 167
180 1743
201 681
202 2422
208 2241
211 598
212 1851
213 2999
219 132
222 1956
223 1963
224 130
228 965
231 2781
244 1585
256 1633
257 1593
260 1188
261 1831
263 2693
264 2398
266 393
267 2546
270 923
274 735
279 900
280 1214
286 1256
297 1960
300 1713
308 66
309 379
313 966
314 2297
315 1159
316 1384
317 281
323 377
324 2582
329 1387
330 903
338 2191
348 335
352 2351
354 63
355 902
363 13
371 523
373 510
377 451
382 71
385 645
393 2556
401 210
406 445
407 1955
417 517
419 1796
430 325
442 1361
445 937
450 893
453 1995
461 626
462 954
465 532
466 50
471 2680
482 1578
483 2052
487 1667
488 1364
502 2002
508 1707
509 1889
513 1690
516 677
517 65
521 2553
522 2867
523 2689
524 889
526 47
530 465
538 2492
539 386
542 1106
545 2099
550 613
551 1702
554 2421
555 840
556 101
561 310
563 1039
566 1864
570 2006
576 2884
579 1205
582 2572
583 594
584 90
594 2949
600 1053
606 1872
614 1849
616 2329
617 643
618 793
622 651
623 1312
624 204
634 192
639 2470
641 1274
642 1420
643 2000
644 85
649 2888
650 2427
652 2321
654 1
661 1797
665 2081
668 2801
669 2517
672 113
689 2573
692 1320
697 2009
702 2377
704 1464
709 1660
710 611
716 276
717 983
719 1579
723 1197
728 1075
730 1325
731 772
733 2600
734 214
735 349
737 2501
743 392
745 551
748 2184
749 998
750 300
753 838
757 653
763 1612
764 2218
771 634
779 1951
789 1061
796 832
797 2958
799 2872
802 2379
804 1306
808 1759
810 189
811 513
816 957
823 1750
833 1110
834 2131
836 496
837 618
851 2234
854 15
856 2933
858 2119
860 2123
861 1639
865 2347
867 446
869 1236
871 596
872 478
877 2279
878 2247
881 1283
882 1786
883 1081
884 2754
910 473
914 1073
915 2586
916 530
918 55
919 1523
921 1568
926 869
933 220
937 1085
940 697
945 1226
950 1207
955 1410
963 1996
967 1926
969 2117
974 137
975 1977
976 1296
979 1569
980 1008
981 126
985 2865
988 1994
998 1793
999 1146
1002 2114
1003 1173
1004 197
1006 718
1008 196
1014 104
1015 198
1016 583
1021 695
1022 565
1027 1112
1032 2803
1035 512
1036 1011
1038 2559
1039 60
1044 1000
1046 345
1048 400
1049 2075
1050 2869
1052 2905
1053 117
1058 1005
1061 758
1067 1333
1075 366
1076 322
1079 2634
1082 328
1088 2668
1089 2008
1091 603
1092 505
1094 2001
1096 1193
1098 1121
1104 993
1111 1557
1113 698
1115 2210
1118 1738
1119 2902
1122 1513
1130 2022
1135 128
1138 2225
1141 2366
1143 1404
1144 2502
1147 1269
1158 1948
1159 2173
1162 1683
1163 2625
1166 1115
1167 1885
1171 1057
1178 97
1179 1705
1187 236
1188 1791
1194 1647
1199 1799
1201 1485
1208 1113
1215 381
1217 522
1220 2873
1222 468
1223 2813
1229 2246
1232 1528
1238 2745
1242 2749
1244 2742
1245 2503
1250 2353
1255 475
1257 1064
1261 1661
1264 940
1268 373
1276 1971
1279 629
1280 2274
1285 31
1287 165
1288 1372
1290 1396
1292 1023
1293 1892
1294 854
1298 202
1303 2406
1313 2978
1318 1309
1325 1721
1327 1752
1328 964
1329 1143
1333 667
1334 1495
1343 1426
1347 320
1349 834
1357 2882
1358 314
1359 1634
1362 1480
1387 1091
1388 309
1416 2307
1418 773
1430 1972
1432 2652
1437 2870
1442 2837
1450 2023
1451 1229
1468 2930
1469 346
1470 2924
1480 238
1488 2636
1493 2444
1494 2920
1512 2286
1526 2272
1530 972
1531 2578
1537 2233
1550 225
1554 288
1555 2355
1562 570
1568 885
1569 2208
1579 317
1581 2016
1600 2808
1605 292
1608 787
1611 960
1617 754
1620 2254
1623 1561
1630 1658
1637 1382
1640 348
1643 109
1648 2656
1662 873
1663 2519
1683 1763
1687 2452
1691 1751
1692 28
1693 172
1694 1861
1702 205
1708 1340
1725 1373
1739 2424
1745 896
1760 228
1768 848
1769 87
1790 581
1795 661
1799 2718
1805 1924
1815 1934
1817 2530
1818 991
1828 2708
1834 1394
1837 1048
1848 1030
1850 890
1878 1098
1899 2211
1906 316
1921 1694
1928 2342
1929 542
1930 563
1931 1916
1952 2167
1962 586
1984 2404
2021 1377
