f_0082724.png f_0082518.png
5 185
10 160
29 27
130 217
172 206
180 184
194 15
208 374
228 229
312 400
330 234
368 403
371 277
388 493
411 513
429 503
445 545
456 492
462 639
464 414
477 369
486 575
487 667
498 668
504 663
508 626
518 615
597 785
602 520
608 387
612 512
617 398
618 696
624 815
643 688
661 553
664 846
699 884
702 814
706 919
719 839
724 784
749 853
761 907
812 567
819 1078
844 1111
855 596
870 1000
943 916
944 1179
947 1101
968 1190
972 1097
973 1162
979 1117
982 1212
988 1153
993 1063
1018 1248
1043 1148
1081 1279
1084 1367
