f_0082620.png f_0082942.png
22 484
29 180
61 597
97 638
142 684
148 421
152 18
154 560
171 435
173 662
183 642
228 212
232 670
236 650
258 727
268 668
284 621
303 646
304 818
359 887
410 935
415 815
421 831
422 842
429 843
432 865
441 465
442 784
443 886
445 460
465 946
472 982
496 986
504 998
505 1222
511 1200
516 1088
523 1035
524 1060
525 1231
533 1054
548 1030
550 381
553 1029
564 1087
569 1143
605 476
606 1126
610 1073
611 1074
617 1168
619 601
642 1216
644 905
653 1178
659 576
671 1230
684 934
702 730
726 1123
731 1108
739 1303
745 1211
751 932
763 1219
768 1025
811 1288
818 1272
847 1313
857 1502
887 1282
894 1245
901 931
913 1365
923 1434
938 1287
941 1293
950 1298
953 1515
961 1292
966 1286
971 1312
972 1421
979 1135
981 1332
988 1471
993 1317
1005 1428
1013 1367
1033 1661
1045 1493
1049 1510
1059 1547
1071 1604
1072 1559
1088 1224
1098 1164
1114 1106
1173 1697
1189 1588
1197 1693
1198 1659
1200 1536
1201 1623
1204 1255
1219 1337
1225 1562
1266 1803
1275 1342
1320 1586
1357 1899
1361 1403
1446 1484
1527 1581
1561 1602
1738 1912
