f_0082882.png f_0082872.png
1 128
8 67
10 49
15 50
16 42
21 31
29 118
30 106
32 101
37 148
38 53
50 315
52 166
61 208
63 77
67 258
68 22
70 169
72 187
73 302
74 268
75 172
76 276
77 259
81 134
84 269
86 152
87 319
89 317
91 135
92 345
95 330
98 471
102 328
105 441
108 221
112 370
113 283
114 403
115 380
117 451
118 489
119 313
120 417
133 251
135 498
136 250
137 482
139 393
140 434
141 383
145 459
146 365
147 357
149 454
151 499
154 614
155 582
162 389
166 538
168 427
170 429
171 683
172 643
173 588
174 556
179 564
181 723
182 699
183 584
185 467
186 622
187 439
188 654
189 507
190 656
194 756
196 645
198 713
199 661
200 631
201 650
202 536
204 590
205 579
209 541
212 674
213 715
214 692
217 788
218 720
219 704
220 694
223 733
225 691
227 665
230 666
231 852
232 754
233 706
235 663
236 668
239 758
240 740
241 729
242 730
243 725
244 735
248 777
250 580
252 749
253 697
255 750
264 765
266 808
271 790
273 966
276 893
277 834
281 927
284 849
287 866
288 1014
292 970
294 880
297 862
298 1011
299 835
300 1005
301 978
302 771
304 836
310 874
311 949
319 819
321 979
322 1140
323 1116
328 1035
330 882
331 897
333 1082
335 1120
336 1030
338 980
344 1134
349 973
350 947
351 969
352 1171
353 1222
356 956
357 951
358 1271
367 1072
368 1044
371 948
374 1181
375 1182
376 1146
377 1201
379 1173
380 1004
384 985
387 1223
391 1216
392 1098
393 1142
394 1208
395 1217
397 1059
400 1027
404 1244
408 1147
409 1259
414 1231
416 1296
418 1114
420 1218
421 1297
422 1298
423 1418
425 1210
426 1161
428 1302
430 1405
431 1386
432 1309
435 1196
437 1232
439 1443
440 1389
442 1261
443 1425
444 1243
445 1233
449 1225
450 1322
452 1276
456 1408
459 1246
463 1313
464 1280
466 1264
467 1281
468 1404
473 1423
474 1254
477 1409
478 1382
479 1457
481 1440
482 1334
483 1572
486 1401
488 1503
490 1455
492 1392
497 1463
499 1452
502 1364
503 1462
504 1448
508 1458
509 1476
511 1395
513 1514
515 1487
516 1537
518 1542
519 1545
524 1508
528 1565
533 1533
534 1490
535 1604
536 1594
537 1580
542 1570
546 1555
549 1484
551 1611
557 1540
560 1581
562 1614
565 1538
568 1651
569 1598
572 1512
574 1595
575 1502
576 1676
577 1724
581 1678
582 1640
586 1606
589 1677
593 1754
594 1673
595 1590
596 1690
597 1706
598 1622
599 1652
603 1686
606 1767
607 1638
608 1577
609 1645
611 1746
616 1739
618 1616
620 1623
623 1628
625 1749
628 1717
632 1721
633 1632
634 1698
636 1770
639 1731
641 1710
642 1777
646 1828
649 1785
651 1736
653 1771
656 1778
658 1764
659 1669
666 1693
671 1786
672 1922
676 1861
680 1925
682 1862
683 1900
684 1774
686 1829
687 1865
690 1919
692 1970
693 1878
697 1834
699 1994
701 1887
703 1849
705 1898
708 1879
712 1958
718 1941
720 1899
722 2002
723 1939
724 1836
725 2081
726 1912
727 1921
729 1945
734 1963
735 1979
737 1846
741 2067
744 1961
745 2062
747 1981
749 2073
750 1993
751 1891
754 2023
757 2134
758 2105
759 2025
760 2011
761 2076
762 2115
763 2121
764 2044
765 2028
769 2009
770 2154
777 2078
779 2110
780 2079
781 2090
784 2163
785 2112
786 2124
787 2116
788 2088
789 2089
793 2114
794 2227
795 2129
797 2170
799 2118
803 2197
806 2185
808 2140
809 2156
811 2130
812 2253
813 2259
816 2216
817 2221
818 2225
819 2241
820 2202
822 2203
823 2179
824 2204
826 2205
827 2206
828 2212
829 2186
831 2210
832 2207
834 2194
836 2283
838 2242
839 2230
840 2244
842 2292
843 2288
844 2239
845 2136
847 2260
848 2308
852 2277
858 2304
859 2240
864 2220
866 2255
868 2290
869 2291
870 2286
872 2275
875 2265
877 2222
883 2311
887 2326
888 2336
892 2364
905 2386
913 2368
915 2276
918 2373
921 2394
933 2346
941 2398
943 2349
946 2366
948 2348
949 2433
950 2338
952 2475
961 2421
962 2379
968 2437
972 2387
975 2449
985 2424
986 2484
991 2616
993 2585
1000 2487
1002 2613
1012 2680
1015 2526
1018 2572
1019 2579
1022 2608
1024 2569
1025 2499
1028 2544
1034 2511
1039 2542
1040 2515
1043 2667
1045 2566
1046 2530
1056 2701
1063 2550
1069 2759
1075 2700
1076 2605
1084 2696
1089 2601
1092 2735
1094 2743
1097 2634
1099 2744
1104 2745
1110 2721
1113 2665
1120 2663
1135 2774
1137 2783
