f_0082924.png f_0082968.png
18 81
142 26
199 140
249 45
327 354
354 117
390 80
482 244
514 344
546 255
616 308
629 468
639 378
651 619
653 415
686 398
738 579
769 578
781 921
808 749
907 976
945 930
962 1075
978 1145
1006 1281
1021 748
1057 717
1073 1225
1129 933
1135 1386
1140 1305
1149 1411
1154 1402
1166 1385
1205 1329
1211 1395
1241 1317
1242 1370
1249 1233
1266 1475
1271 1393
1274 1077
1286 1273
1318 1513
1349 1532
1371 1373
1397 1644
1403 1339
1404 1439
1424 1804
1449 1699
1473 1825
1475 1841
1546 1655
1548 1846
1607 1574
1620 1824
1637 1972
1685 2009
1701 1914
1703 2015
1704 2021
1713 2045
1718 1872
1757 1771
1785 2014
1801 1615
1812 1750
1819 2038
1871 1801
