f_0082868.png f_0082492.png
4 1726
6 2187
7 2248
12 546
26 408
46 440
56 409
89 685
112 1760
117 613
161 1980
173 1103
197 277
212 309
248 869
260 449
271 2116
351 221
380 929
386 356
420 142
451 1564
461 942
475 1645
491 138
506 131
566 124
592 1698
625 310
652 1800
719 211
729 1521
732 2352
738 1880
750 1700
757 1094
777 1097
797 1754
799 451
800 709
801 1794
837 59
937 1842
947 445
978 2157
979 1785
986 1525
994 468
1007 218
1039 1362
1045 1143
1049 1472
1057 630
1076 485
1079 256
1099 1780
1113 694
1129 1328
1135 1329
1140 229
1143 1387
1159 350
1181 1436
1184 1030
1189 1185
1218 1817
1223 1279
1275 635
1294 2214
1348 158
1359 1230
1392 1626
1465 570
1499 1178
1501 799
1540 1044
1548 265
1584 1497
1657 2062
1668 865
1683 1578
1696 1632
1786 692
1787 853
1790 1481
1798 1770
1808 1045
1828 1742
1831 254
1851 953
1921 729
1993 758
2020 1878
2024 1086
2067 689
2070 837
2091 2115
2121 411
2131 1037
2134 1679
2179 632
2192 294
2203 1386
2205 376
2238 785
2243 1008
2308 1139
2349 260
2407 1124
2427 1903
2508 730
2530 1552
2537 1052
2607 227
2675 715
2692 1049
2694 1452
2748 1704
2781 102
2819 1798
2824 1285
2836 933
2838 219
2907 1182
2914 121
2915 1728
2916 1702
2939 372
2947 81
2993 212
