f_0082558.png f_0082928.png
1 1186
6 1182
15 1502
48 331
50 386
69 1163
73 1112
77 1692
92 217
99 593
111 1260
121 1656
124 368
130 1213
142 1700
156 627
158 1072
169 1508
173 220
215 319
222 1405
234 1686
237 936
242 902
244 1389
248 23
254 266
279 763
283 1621
289 1793
309 1542
313 496
327 464
352 1281
373 1361
378 975
382 463
398 1675
404 1726
410 78
432 1463
452 253
479 444
492 339
494 939
500 1224
518 1664
523 434
524 901
545 584
555 580
557 1702
568 571
572 1198
585 1515
617 636
625 1682
640 348
655 913
658 826
662 1090
665 678
667 869
669 1245
672 1004
680 1108
704 1818
729 461
731 352
733 209
746 1191
747 407
749 708
766 1766
778 926
781 741
782 1956
786 651
812 804
825 15
827 932
833 79
834 919
846 1422
877 820
883 523
886 1033
904 794
914 849
918 757
922 809
935 1438
956 1219
957 1226
966 605
995 607
1034 1264
1039 1585
1054 1207
1058 349
1078 1001
1095 1470
1105 680
1111 371
1118 163
1132 888
1136 1187
1142 589
1151 459
1175 252
1192 1010
1195 1622
1207 260
1227 931
1243 1111
1298 428
1301 920
1307 759
1314 1018
1323 134
1331 172
1334 813
1352 1648
1359 1492
1366 1107
1386 650
1389 1038
1395 1020
1437 1428
1442 107
1449 421
1453 143
1462 1087
1478 681
1489 1658
1494 1088
1511 1716
1513 1989
1538 744
1572 1126
1581 679
1600 562
1603 197
1633 471
1634 764
1661 321
1693 19
1701 1510
1708 390
1739 1190
1744 1750
1758 288
1769 129
1781 481
1810 1633
1848 676
1860 542
1869 884
1881 940
1902 935
1931 674
1934 311
1949 219
1955 1057
1956 1414
1966 1581
1981 672
1994 1098
2000 688
2038 955
2045 998
2047 657
2050 1052
2060 1936
2081 1655
2084 1063
2088 1645
2093 772
2099 1927
2103 835
2127 1134
2136 259
2167 1500
2201 848
2204 1435
2219 573
2220 1598
2239 1643
2241 1727
2255 1476
2256 91
2281 942
2292 780
2309 1449
2327 898
2336 1699
2348 934
2356 795
2367 1576
2374 1554
2382 381
2390 524
2391 330
2410 1610
2416 748
2422 1177
2428 1468
2433 1769
2461 720
2463 1410
2476 422
2515 322
2521 776
2532 516
2552 1349
2622 699
2629 1631
2648 187
2650 800
2660 1305
2661 500
2677 886
2684 656
2685 1593
2708 529
2711 838
2717 873
2783 701
2785 631
2793 250
2811 1659
2814 1243
2823 1220
2849 377
2868 533
2871 1286
2875 1983
2877 675
2886 1311
2930 1416
2955 864
2970 637
2975 953
2978 353
2987 655
