f_0082620.png f_0082952.png
0 77
28 343
30 289
34 283
57 421
67 100
71 357
78 428
87 454
89 465
111 518
115 396
117 269
134 562
143 849
146 582
171 678
186 516
195 907
197 555
203 951
225 956
228 775
239 788
256 3
258 313
265 848
274 817
277 1149
280 342
309 543
315 1018
341 367
342 542
360 366
368 1002
373 1264
376 304
382 926
384 1073
389 244
400 730
401 868
411 515
416 770
423 374
424 865
425 957
431 650
441 857
442 699
448 531
449 1147
452 711
458 1340
472 1338
475 767
486 710
490 1195
497 1415
504 1331
505 1389
519 504
521 636
523 1463
525 969
554 1489
560 1481
576 1030
587 851
592 1526
593 1551
601 1318
603 829
604 1029
609 1273
612 1380
618 983
629 1409
634 1061
640 1028
642 1690
660 917
663 1510
667 1305
672 1268
674 1717
686 909
687 1261
691 971
704 1012
706 1387
718 1670
724 1194
744 1578
746 1516
753 1140
754 1568
764 1352
766 1351
771 1418
772 1629
774 1424
798 1438
807 1209
819 1641
842 1486
846 1292
847 903
850 1444
859 1122
865 1628
867 1868
869 1256
879 1733
888 1648
891 1114
899 1304
902 1555
909 1236
911 1665
912 1715
927 1732
928 1858
934 1226
948 1405
953 1204
961 1181
962 1808
963 1809
969 1529
973 1225
974 1617
975 1959
978 1795
987 1373
989 1224
994 1730
1005 1350
1010 1546
1012 1749
1026 1379
1031 1793
1042 1713
1053 1964
1061 1708
1062 1787
1083 1366
1110 2047
1121 1999
1148 1652
1162 2153
1164 2038
1169 1925
1198 2046
1204 1980
1216 2167
1229 2232
1230 2261
1236 2088
1247 1610
1252 2294
1285 1684
1372 2075
1380 1841
1383 2143
1398 1921
1408 2401
1411 2277
1479 2319
1490 2337
1520 2051
1542 2055
1559 2219
1562 2223
1564 2447
1583 2214
1677 1998
1679 2388
