f_0082620.png f_0082670.png
0 236
28 261
30 260
31 275
37 281
44 249
51 238
55 243
57 273
60 287
64 285
67 282
71 310
76 312
83 286
96 316
98 311
109 299
115 334
119 353
120 364
133 317
138 371
147 382
159 402
168 385
192 401
199 320
209 436
234 415
241 452
244 432
260 471
277 503
281 470
282 481
306 502
309 467
314 477
324 535
329 494
331 508
343 531
344 522
348 538
356 555
358 534
360 530
370 556
374 548
375 562
378 570
380 559
382 569
383 586
384 593
386 567
391 561
398 566
400 599
401 573
407 624
417 603
430 626
431 606
436 584
442 620
443 642
447 652
448 619
449 669
455 675
457 695
460 684
464 694
475 659
486 648
504 726
507 658
522 722
529 738
541 740
544 744
545 750
561 760
588 789
589 791
605 807
613 798
619 813
622 782
646 823
668 831
672 834
679 856
698 871
700 855
709 876
710 848
713 879
719 896
727 888
740 866
746 906
749 890
754 925
761 909
762 892
764 911
772 940
777 953
790 938
791 946
798 945
803 915
809 988
815 923
822 944
825 998
834 980
837 987
838 964
846 974
848 1001
850 997
855 1030
861 1000
862 1009
863 1033
874 1036
881 1022
882 1052
883 1053
892 993
897 1051
901 1015
903 1046
909 1061
912 1078
913 1076
915 1040
920 1098
927 1084
937 1100
940 1081
942 1109
951 1121
955 1133
957 1108
959 1110
962 1120
966 1095
968 1069
970 1130
984 1128
985 1147
986 1144
987 1093
994 1166
995 1167
996 1164
998 1174
999 1168
1000 1159
1004 1094
1006 1182
1010 1072
1026 1136
1027 1116
1029 1185
1034 1156
1038 1137
1043 1218
1048 1142
1049 1191
1050 1201
1053 1230
1062 1211
1063 1247
1073 1207
1076 1264
1080 1246
1085 1269
1086 1265
1091 1260
1096 1261
1109 1245
1110 1280
1112 1270
1115 1276
1121 1303
1129 1283
1139 1296
1140 1295
1142 1312
1146 1308
1148 1255
1151 1318
1161 1336
1162 1325
1172 1345
1179 1343
1180 1298
1183 1356
1185 1385
1194 1331
1198 1355
1218 1335
1221 1377
1247 1305
1249 1484
1272 1432
1290 1417
1298 1448
1302 1422
1325 1527
1330 1441
1342 1412
1357 1443
1360 1498
1388 1504
1413 1510
1473 1576
1487 1567
1494 1627
1515 1615
1634 1745
1672 1668
1673 1693
1695 1781
1703 1690
