f_0082412.png f_0082958.png
13 29
53 336
83 162
201 323
213 96
220 54
227 313
258 253
282 435
290 495
302 349
324 188
410 792
428 459
429 560
432 684
446 119
456 418
541 187
545 480
547 807
548 825
554 853
574 889
586 708
637 874
646 681
659 444
663 674
689 131
752 458
761 452
873 339
906 518
991 864
1007 1037
1128 1200
1165 548
1211 1175
1219 1199
1293 1216
1298 1376
1365 1416
1437 978
1439 1291
1441 763
1459 1227
1488 1289
1547 1055
1584 1559
1594 1318
1607 1465
1675 1425
1676 1460
1724 1504
1736 1494
1816 1449
1825 1547
1844 962
1845 1226
1867 1458
1899 1322
1900 1452
1998 1846
2040 1017
2061 1036
2079 1413
2085 1447
2292 1307
2445 1529
