f_0082724.png f_0082872.png
11 490
12 538
14 796
19 537
29 706
34 569
37 256
38 483
40 622
52 544
56 874
60 749
61 809
64 556
69 375
73 692
75 1354
88 1289
92 330
93 524
98 881
102 740
105 916
108 636
113 783
114 1495
117 703
118 945
121 1333
125 1126
133 543
140 971
148 998
154 807
157 656
175 724
186 715
195 1276
196 838
200 828
201 1304
206 1553
208 162
211 733
213 161
216 452
222 595
223 1467
227 654
228 949
230 1007
234 1534
247 702
248 685
250 850
265 1146
273 1393
274 1491
275 849
277 1523
282 1322
285 1030
287 555
288 899
291 861
293 523
294 1111
301 1504
309 1240
310 567
312 1494
313 1382
325 1466
326 713
330 587
347 893
350 582
351 495
352 451
361 782
367 1729
368 1185
372 1310
390 577
392 1206
394 1279
397 591
398 625
402 1687
403 747
407 816
408 1124
411 517
414 1154
420 768
432 1628
443 1464
450 711
462 1181
465 1455
469 889
473 1302
476 1718
477 1913
481 806
489 1387
490 1645
491 1765
492 903
495 684
496 1826
497 1908
512 1551
519 1733
531 788
532 1092
544 1595
550 737
556 1087
559 1875
563 2049
565 1638
570 970
584 878
585 1071
587 1819
593 1000
594 1134
600 1679
604 1011
605 1022
608 1802
609 1834
622 813
625 1710
638 1570
655 1386
662 1481
667 1116
669 982
672 2009
676 1879
678 1207
679 1614
683 1866
684 1901
688 987
694 852
704 1807
718 1829
719 1921
726 1912
738 2127
740 1865
747 1949
757 2161
758 1702
762 1964
770 1839
771 1898
774 2250
775 1301
778 1888
790 1981
797 1939
807 1961
809 2011
810 2181
811 2314
812 1924
821 2032
825 1640
829 1594
843 2038
847 1777
851 2174
858 1605
863 2315
867 2267
878 1757
883 2025
884 2090
891 1932
902 2044
904 2139
913 2220
915 1906
916 2055
918 2234
919 2054
927 2114
929 1609
935 2435
936 1979
938 1486
942 2113
947 2370
950 2266
957 2077
958 2347
967 2199
975 2449
981 2087
987 1271
990 1987
993 2236
997 1536
1033 2207
1043 2437
1048 2523
1051 2155
1059 2491
1065 2408
1066 2490
1067 2204
1076 2202
1078 2074
1080 2631
1085 2185
1086 2255
1088 2296
1089 2355
1098 2163
1099 2167
1105 1689
1111 2619
1113 2162
1123 2230
1130 2312
1150 2275
1152 2311
1171 1810
1178 1809
1193 2604
1202 2436
1213 2522
1223 2374
1229 2634
1236 2420
1260 2451
1266 1976
1276 2480
1295 2521
1308 2774
1310 2035
1324 2589
1335 2318
1345 2098
1346 2672
1354 2534
1363 2618
1377 2671
1401 2617
1407 2599
1409 2288
1445 2059
1462 2677
1509 2710
1510 2714
1563 2283
1569 2667
1614 2423
1669 2517
1733 2621
1742 2538
1755 2510
1773 2509
1775 2686
1783 2741
1854 2602
1856 2751
