f_0082702.png f_0082620.png
218 9
307 95
308 55
309 28
314 109
323 96
324 67
325 123
332 27
337 284
350 26
353 167
359 115
365 87
370 376
373 98
375 75
401 138
403 99
416 170
421 221
432 258
443 175
455 297
459 161
460 243
470 261
474 287
488 286
493 291
496 319
507 260
508 299
516 447
525 374
526 345
547 382
554 411
565 381
567 500
569 401
576 416
584 424
600 428
608 421
624 507
629 470
654 533
655 495
663 525
679 559
687 681
689 576
702 582
703 542
707 540
708 536
709 461
711 492
718 587
722 479
727 604
742 621
751 545
758 618
760 561
767 631
774 612
778 583
796 667
799 672
827 700
829 694
857 727
870 746
880 822
881 754
884 774
887 838
894 779
896 798
912 781
916 813
926 834
930 860
936 850
942 1010
963 839
972 874
978 903
980 1019
992 902
1020 912
1027 966
1031 927
1032 925
1041 964
1047 1038
1048 937
1049 963
1053 957
1059 938
1067 944
1070 962
1077 983
1082 958
1115 1001
1142 1073
1143 1035
1156 1046
1162 1092
1180 1053
1181 1051
1189 1102
1194 1086
1203 1138
1218 1129
1220 1191
1224 1118
1228 1143
1240 1164
1245 1099
1246 1166
1258 1174
1311 1286
1317 1216
1369 1185
1386 1213
1401 1237
1473 1666
1533 1526
