f_0082952.png f_0082876.png
22 203
71 125
75 219
77 365
129 222
163 261
177 395
210 231
214 274
216 197
246 285
282 406
288 159
292 154
312 553
317 416
329 581
367 575
429 386
433 707
438 505
452 430
453 462
454 404
455 327
486 329
489 286
492 471
508 238
515 634
520 412
542 576
566 426
612 519
618 397
627 570
658 738
668 381
672 487
675 359
694 464
717 446
731 507
743 767
756 516
787 593
819 428
827 534
830 489
836 488
848 594
853 588
856 449
865 686
866 680
873 408
877 452
886 527
898 684
901 501
902 483
926 675
930 506
944 689
948 880
969 778
970 627
977 698
984 694
985 596
991 881
995 456
1000 690
1006 732
1007 691
1009 948
1012 876
1016 564
1024 710
1030 810
1035 565
1070 711
1071 699
1078 760
1080 670
1087 617
1093 663
1104 567
1112 676
1119 615
1120 572
1132 800
1142 872
1146 903
1149 692
1160 833
1177 651
1197 668
1200 930
1214 834
1250 783
1252 719
1260 887
1270 993
1271 943
1273 878
1280 941
1284 979
1288 934
1319 852
1324 811
1351 984
1358 862
1371 757
1375 788
1377 792
1387 946
1419 982
1438 1021
1457 791
1468 1022
1478 1120
1487 973
1491 908
1505 812
1508 1138
1512 850
1516 1003
1525 825
1535 936
1566 1058
1569 1064
1601 877
1604 1079
1605 1059
1608 883
1612 947
1619 1089
1644 911
1657 950
1673 1175
1685 1111
1692 1200
1697 1142
1700 851
1739 938
1775 1177
1781 1275
1787 1153
1798 1352
1808 1164
1809 1146
1814 1163
1824 1228
1843 1233
1846 1204
1882 1037
1902 1099
1905 1289
1907 1213
1911 1100
1919 1169
1922 1301
1996 1327
2017 1191
2048 1251
2072 1332
2081 1337
2098 1342
2116 1268
2153 1285
2168 1313
2200 1358
2235 1411
2241 1397
2300 1303
2358 1156
2420 1441
2567 1471
