f_0082868.png f_0082952.png
6 2241
9 2273
11 1702
12 387
16 848
33 2301
34 913
67 2195
75 1605
81 1993
103 1824
112 1604
136 2078
161 2057
182 1433
193 2153
202 627
248 863
270 2170
328 2016
365 1710
369 939
387 955
411 1354
475 1766
550 2516
568 1285
592 1573
639 865
640 1185
652 1808
800 336
833 2290
878 1521
936 1833
937 2017
1009 2156
1033 2033
1037 1930
1039 1160
1078 1142
1140 43
1149 1300
1189 1075
1212 2356
1244 1259
1350 1721
1359 1153
1378 1171
1407 637
1421 1193
1424 927
1428 721
1445 731
1476 2168
1577 2038
1663 2019
1675 875
1696 1537
1733 1071
1790 1394
1835 295
1840 1190
1856 1924
1875 520
1876 463
1903 2171
1911 1723
1950 2173
2020 1787
2061 1235
2066 1651
2074 1080
2121 162
2134 1586
2156 2286
2225 1101
2283 734
2291 1568
2295 959
2318 994
2381 874
2430 1921
2446 1292
2450 718
2478 2024
2491 1345
2655 1134
2701 464
2734 905
2774 1638
2828 1795
2859 1251
2915 1619
2916 1587
2930 2238
2988 995
