f_0082864.png f_0082912.png
7 1920
18 1805
27 315
32 57
33 1536
66 63
90 752
116 34
121 508
123 10
131 2403
150 1883
158 30
159 2337
164 93
184 776
199 976
201 668
204 1525
207 1664
223 2719
268 62
269 1046
293 457
311 1695
324 585
342 2379
346 2720
351 2167
357 989
361 1189
428 2159
440 2347
452 2992
462 2040
502 184
556 495
568 24
569 2510
594 979
611 1579
618 1598
626 227
629 1961
632 1268
633 393
656 336
667 1162
677 244
701 685
721 1425
727 2933
732 2352
764 741
766 1713
785 1313
794 411
805 2700
809 2323
833 2361
843 262
854 1928
892 940
900 1168
907 1649
924 2228
949 2213
954 2761
958 1760
966 2789
987 1062
993 1958
996 1368
1019 1482
1043 1634
1057 2448
1076 1230
1078 1583
1093 1216
1099 182
1132 1823
1147 1091
1151 511
1190 1503
1200 2969
1233 171
1234 1140
1272 2614
1280 2084
1285 1167
1319 1241
1337 1833
1349 422
1353 584
1358 195
1371 1917
1373 932
1392 2777
1393 1851
1425 675
1426 2056
1440 216
1469 1674
1507 2002
1515 2278
1520 1197
1532 51
1533 1717
1535 2647
1561 2017
1571 1574
1623 2336
1666 1327
1705 1137
1707 969
1732 2178
1742 1199
1752 2383
1759 1889
1773 2533
1783 933
1805 2121
1807 1460
1842 1915
1893 308
1901 1685
1906 707
1918 2164
1938 1904
1953 1110
1977 6
1979 964
2020 1325
2045 1020
2056 2027
2074 2785
2078 1210
2117 2089
2202 792
2204 2095
2211 1653
2227 101
2252 1521
2260 2080
2265 2325
2272 2157
2277 202
2292 793
2312 1619
2317 1455
2318 1659
2325 2270
2363 209
2374 1979
2436 742
2464 1052
2469 885
2473 452
2477 29
2478 1109
2493 2036
2510 1489
2535 1656
2537 1074
2565 2407
2581 2255
2592 2644
2606 522
2612 1191
2621 143
2625 2221
2644 2218
2652 1562
2668 2318
2669 1084
2677 1337
2682 1575
2689 2922
2707 1318
2716 970
2757 2049
2784 2072
2797 1726
2798 2522
2799 2864
2800 2370
2815 1689
2826 2012
2848 2611
2864 444
2866 1063
2876 1234
2887 2938
2897 68
2898 2348
2968 653
2973 348
2990 322
2991 816
