f_0082724.png f_0082958.png
5 756
39 647
45 752
49 730
53 725
97 759
111 528
116 1234
131 1285
262 889
275 914
313 1302
335 1010
385 940
387 1188
424 1436
447 1255
461 1241
481 921
487 1008
489 1279
495 802
528 748
529 1396
535 1287
548 1519
564 1462
571 1592
572 902
584 936
589 1007
593 1032
655 1261
671 1578
677 1066
742 1023
787 1551
806 1954
816 1226
822 1717
858 1471
859 1720
903 1435
923 1189
944 1409
955 1708
964 1426
977 1511
978 2007
999 1369
1010 1600
1011 1609
1058 1884
1068 1970
1075 1776
1094 1863
1099 1925
1102 1838
1120 1933
1122 1894
1146 2045
1163 1689
1174 1893
1188 2044
1253 1639
1265 1706
1280 1700
1298 2084
1314 1651
1330 2064
1360 1723
1361 1920
1499 2081
1513 1994
