f_0082702.png f_0082492.png
22 98
94 91
101 105
105 51
106 38
107 138
113 145
114 197
118 174
126 181
135 122
140 141
150 270
156 219
158 255
166 188
182 296
183 229
196 277
197 206
215 385
217 227
224 386
226 414
230 340
234 220
245 460
251 459
277 501
278 474
289 492
297 607
298 374
304 445
306 622
320 572
323 691
324 655
338 675
339 546
340 493
344 740
346 708
348 723
354 729
359 648
364 709
365 656
366 570
368 676
373 649
374 541
379 592
382 797
392 787
402 598
405 799
410 863
421 880
422 838
427 854
428 734
432 898
441 925
442 909
463 711
471 855
482 1020
493 985
498 990
522 1077
525 1096
526 1000
541 1094
543 870
546 1150
554 1190
557 1178
565 1045
566 973
567 1193
570 1087
572 1046
577 1038
594 1196
595 1165
596 1053
599 1262
600 1132
604 1059
614 1179
621 1079
625 1247
626 1194
628 1287
629 1298
632 1098
639 1105
644 1145
654 1342
664 1294
670 1107
688 1400
689 1328
697 1240
702 1356
703 1253
719 1329
726 1444
737 1362
742 1457
755 1515
758 1480
763 1440
765 1502
784 1436
787 1494
818 1481
847 1417
851 1445
856 1607
876 1630
891 1792
892 1761
895 1772
903 1770
916 1643
922 1698
935 1813
936 1740
940 1728
942 1839
947 1744
950 1855
951 1783
1027 1916
1053 1905
1061 1966
1063 1830
1083 1816
1101 2089
1107 1858
1130 2202
1143 1900
1147 1979
1154 2083
1168 2147
1184 2348
1212 2008
1218 2048
1221 2038
1227 2193
1265 2178
