f_0082670.png f_0082918.png
14 1774
20 882
22 1877
24 2353
27 2434
28 2345
35 1426
44 1527
47 282
49 1841
50 1252
51 1304
55 903
57 1837
58 213
66 1442
67 165
69 2024
73 173
91 110
92 488
94 1400
96 1745
100 2861
101 942
108 1456
112 1157
114 338
115 143
123 2496
124 1849
125 2206
127 2427
129 419
135 184
139 2537
148 26
150 2050
152 1752
159 1354
163 2567
168 2566
180 247
181 1144
183 2912
186 2437
189 1136
190 5
193 388
198 2119
200 2777
203 731
204 2925
205 2253
208 27
210 1624
219 2696
222 1234
228 30
230 1950
232 35
236 102
238 1446
246 913
247 1784
260 314
264 37
268 1323
270 2960
275 1242
278 679
282 1478
283 2254
285 949
286 2192
287 236
293 1248
299 64
301 330
302 1990
305 12
306 342
309 1759
310 366
311 457
319 748
322 459
327 1126
328 2377
333 494
334 81
342 930
346 1040
349 612
350 1859
358 2859
361 1352
364 775
369 86
371 2223
374 2933
381 140
385 1952
386 1758
391 1921
393 2211
396 2112
403 448
404 747
405 1339
408 725
414 2840
417 233
443 868
445 2161
450 392
451 2251
453 124
457 1555
469 2928
470 988
473 1438
483 1085
485 919
488 1398
490 93
498 163
508 1507
519 878
524 1704
526 1053
528 2485
530 175
532 1103
535 2100
542 2855
543 211
548 1263
550 874
551 1347
553 1499
560 2638
561 468
566 1205
568 153
570 699
577 2689
578 2229
580 615
584 2406
585 900
606 936
612 2543
614 2137
616 627
622 2420
623 218
626 1540
628 1261
630 1760
632 2965
634 523
638 2415
639 271
641 2920
646 136
647 1096
655 4
656 2598
658 896
659 1968
663 1846
682 23
684 2645
688 2880
692 1972
694 1665
695 2780
696 1228
697 788
699 2997
700 1930
710 1863
714 1728
715 1706
719 411
720 2837
733 2278
735 2055
742 1004
744 1907
745 190
748 1668
749 2048
751 2424
755 820
757 1314
761 2977
762 1059
763 2322
768 1931
769 377
770 2380
771 661
773 1336
776 1874
778 2964
782 1159
783 926
791 646
793 318
800 2212
802 830
811 1290
812 360
822 266
823 1395
831 1496
833 1981
835 2430
840 2271
845 1448
846 1681
848 260
854 2799
860 643
865 2057
871 1372
874 2468
875 1531
878 2111
879 2221
885 268
896 2739
906 2878
908 939
912 1049
913 1056
914 1158
916 1041
918 1382
919 317
923 2775
928 487
929 917
930 2237
933 567
938 2998
939 1813
940 1969
941 953
946 146
947 72
949 573
951 929
956 2269
957 771
958 471
959 792
960 1646
961 592
962 103
963 2483
967 1449
970 2152
974 636
976 1422
979 2029
990 1552
993 2972
995 1394
997 1010
1002 1007
1012 424
1013 1663
1016 1089
1023 587
1026 722
1031 306
1032 1222
1033 2298
1034 1696
1035 2070
1036 2280
1041 1762
1044 2341
1047 1026
1049 1140
1052 825
1060 1324
1070 2421
1071 2435
1073 2935
1074 1599
1076 1598
1085 1034
1096 1671
1100 2592
1108 157
1111 801
1114 2792
1120 549
1126 1152
1128 1181
1130 1524
1131 2702
1142 79
1144 1153
1147 2513
1151 220
1158 2644
1159 1429
1163 1768
1164 1209
1171 941
1173 1961
1174 2646
1175 2974
1192 2860
1199 2019
1203 683
1204 1551
1208 1576
1210 799
1213 2021
1215 1786
1217 516
1219 1262
1221 1525
1226 2654
1231 2747
1232 2902
1238 2095
1244 224
1262 2813
1269 836
1270 885
1284 368
1287 2491
1295 2894
1306 1867
1307 2888
1308 221
1309 397
1310 861
1311 2356
1314 1603
1362 350
1368 493
1372 1606
1374 1899
1390 534
1440 981
1471 693
1560 789
1589 993
1643 2909
1659 117
1660 669
1676 156
1776 2402
1827 1112
