f_0082724.png f_0082492.png
29 400
45 399
74 547
78 351
95 555
106 58
118 662
130 260
133 340
140 686
154 578
192 456
205 570
209 444
211 526
213 180
222 411
227 475
228 711
245 635
268 789
285 768
294 870
297 609
304 308
309 979
342 655
344 1061
361 729
372 1112
388 1146
393 1161
397 472
400 1186
401 1215
403 715
410 1207
416 881
420 758
435 1171
438 1026
443 1269
444 990
446 1036
468 863
469 880
478 1352
492 888
512 1367
517 989
520 1101
525 1339
531 837
533 1155
546 862
551 1210
556 1094
567 992
572 807
575 1375
582 1547
586 1329
589 1065
592 1019
596 1294
605 1115
607 1511
611 840
615 1618
631 1651
643 1433
651 1248
661 1297
662 1436
679 1525
689 1374
697 1334
699 1617
725 1701
746 1719
750 1358
761 1747
779 1322
780 1746
781 1766
787 1702
812 1981
817 1829
825 1727
849 1926
858 1611
878 1887
879 1904
881 1955
892 1415
907 2102
934 1759
938 1776
942 2153
944 1785
945 2195
987 1429
989 1805
1011 1982
1016 2302
1017 1886
1050 2159
1073 2352
1077 2086
1088 2347
1188 2370
1199 2245
1203 2340
1211 2168
1357 2274
