f_0082864.png f_0082776.png
17 1108
30 1186
53 888
68 619
94 39
153 205
155 159
157 1052
158 36
182 542
209 1440
240 914
249 1775
252 490
255 1452
303 1576
321 1147
332 560
372 1724
383 369
394 398
457 252
483 363
489 482
515 524
525 974
547 566
570 643
582 297
632 591
692 614
715 228
724 572
765 692
770 1062
802 412
823 1094
851 911
854 395
855 1731
857 838
859 1407
861 268
884 1443
896 450
912 728
913 1802
920 779
949 1723
951 512
957 1638
961 434
962 1350
983 1217
1015 351
1037 897
1061 1259
1074 1228
1088 894
1092 1289
1108 510
1148 907
1150 991
1190 834
1208 232
1217 748
1222 456
1270 508
1294 1635
1305 1104
1329 1318
1331 844
1341 156
1353 679
1380 428
1398 41
1399 1269
1449 1567
1480 382
1491 1383
1495 15
1518 1098
1544 38
1561 825
1572 1388
1630 1034
1639 1771
1659 393
1662 1180
1663 1107
1669 1919
1670 1360
1673 272
1708 830
1721 865
1746 1630
1773 1491
1784 786
1805 938
1808 32
1816 477
1824 960
1853 420
1858 364
1861 979
1864 56
1897 1243
1922 814
1927 863
1962 1523
1981 644
1984 1003
1985 465
1988 288
2052 709
2065 520
2066 1000
2070 549
2084 609
2099 1070
2105 1413
2107 1714
2117 986
2180 552
2199 126
2227 1672
2229 988
2256 68
2290 130
2292 1744
2293 461
2294 44
2311 146
2315 241
2326 975
2351 1023
2438 1603
2458 1708
2461 337
2463 416
2464 1908
2483 1084
2537 629
2551 1001
2569 661
2612 963
2651 230
2656 533
2676 756
2689 1351
2701 1728
2706 310
2760 1371
2774 1349
2790 804
2877 1685
2881 442
2890 1237
2893 1497
2956 972
2968 1510
2974 757
2990 740
2992 750
