f_0082558.png f_0082492.png
7 989
8 673
18 825
25 378
30 649
33 819
34 1626
38 1979
40 1973
56 927
61 924
66 541
88 1034
90 1010
92 992
103 1280
112 984
117 829
122 2294
129 209
135 770
138 1575
145 1345
149 1740
151 710
153 1002
155 1443
156 1416
159 518
164 432
167 1283
169 1748
174 369
179 1867
190 545
198 2077
202 768
213 2348
216 748
218 487
228 591
232 1624
233 2363
235 1546
239 2230
247 1115
248 483
249 1662
253 782
263 1655
264 491
270 535
274 2324
282 879
294 2366
295 870
314 1636
317 2326
318 938
325 1971
327 553
338 1430
345 620
349 1895
350 817
354 787
356 1889
363 1606
370 1784
375 2004
380 1122
403 962
406 1065
409 877
410 562
417 496
422 1574
428 1670
429 1513
432 1694
437 2073
452 838
466 1242
467 2151
470 740
483 608
493 1615
494 1611
495 2271
500 1541
505 1123
517 561
528 1311
540 888
551 891
552 437
554 1745
557 2191
560 1374
561 534
562 273
567 1339
569 654
570 1178
575 520
584 1409
585 2369
589 947
597 1056
599 1905
605 2246
606 2025
609 503
610 686
614 626
625 2078
626 609
630 1566
641 736
654 1402
659 580
661 202
664 2244
665 1246
674 1739
684 404
687 1338
695 2315
701 1980
707 1057
708 1135
711 766
713 1247
714 1140
726 1616
737 1787
743 1814
750 1747
764 818
766 2102
774 1613
777 224
786 835
796 1914
803 440
805 906
813 245
820 451
835 676
850 2153
852 167
853 389
859 1269
861 1600
872 460
885 988
887 2043
889 1783
891 1824
893 1185
894 251
914 1060
924 1959
927 647
931 572
939 1939
940 2187
945 739
950 1356
951 1161
966 702
972 832
979 2184
985 442
995 1192
1011 1933
1014 527
1026 2206
1035 1847
1036 2327
1037 1462
1038 304
1056 228
1058 677
1059 544
1062 685
1064 1729
1074 554
1077 318
1078 1254
1085 2255
1104 1943
1111 1091
1120 1565
1130 1328
1133 1294
1154 1548
1175 799
1177 1401
1178 1910
1180 1371
1200 1640
1201 2309
1205 1362
1206 1844
1207 586
1223 777
1238 1114
1239 671
1241 1129
1246 1578
1250 1839
1251 1218
1256 1299
1257 2065
1261 1361
1268 1139
1273 1711
1277 1856
1290 1460
1293 1887
1295 2008
1296 1841
1310 359
1311 1880
1312 2051
1314 1732
1318 1511
1321 294
1330 1728
1335 607
1338 948
1339 779
1341 1698
1347 1875
1353 1860
1357 600
1360 628
1370 1473
1385 797
1400 720
1405 481
1410 1884
1425 565
1427 2251
1431 669
1439 352
1442 758
1454 880
1455 1704
1456 1036
1458 550
1462 1323
1464 1198
1471 1673
1480 473
1496 478
1518 2318
1523 1669
1527 1231
1554 334
1569 798
1572 1352
1581 1515
1584 622
1595 490
1599 1368
1600 1318
1602 1857
1610 632
1613 2291
1622 2358
1623 1633
1628 1419
1633 1093
1640 631
1646 575
1653 1781
1663 778
1664 338
1666 1497
1669 728
1675 597
1687 1005
1706 1651
1715 2104
1721 1143
1723 2160
1725 1583
1736 920
1738 2037
1739 1584
1744 2060
1753 1517
1757 717
1760 863
1774 790
1777 1104
1782 1825
1785 1442
1787 1145
1798 2295
1807 410
1829 2297
1835 862
1837 1229
1838 993
1839 1346
1847 1298
1848 795
1849 1592
1868 1742
1874 2091
1875 2300
1879 881
1883 1718
1890 841
1906 1674
1918 1730
1919 661
1922 1930
1923 506
1932 574
1944 415
1947 1625
1960 2106
2001 714
2009 850
2012 2114
2017 725
2022 949
2030 1452
2035 734
2042 1738
2050 1608
2052 1713
2061 1035
2068 788
2088 1960
2096 1788
2100 1535
2103 1080
2111 1245
2113 513
2116 2321
2121 844
2151 1563
2152 2325
2160 1967
2163 2189
2165 1329
2167 1970
2169 909
2171 1558
2172 1786
2175 1160
2201 1152
2206 636
2222 982
2223 711
2224 683
2228 1697
2241 2062
2242 1105
2256 633
2270 569
2271 1000
2290 2254
2294 239
2295 1431
2299 1678
2300 466
2305 564
2310 1009
2312 2021
2319 955
2324 789
2344 477
2349 977
2352 455
2354 1868
2361 956
2363 1006
2369 1682
2371 1727
2378 985
2400 418
2403 1100
2448 1762
2454 1632
2463 1618
2465 1025
2469 2023
2470 1990
2495 1297
2500 793
2506 2362
2519 1165
2527 2341
2528 2198
2544 905
2545 2275
2551 1516
2553 1350
2563 443
2576 1024
2599 2328
2613 2003
2616 1458
2628 1888
2644 1790
2658 1955
2660 1763
2673 943
2677 1823
2682 2176
2685 1926
2689 1494
2698 385
2720 987
2723 719
2736 1360
2746 1334
2747 1648
2751 769
2752 431
2757 479
2758 960
2765 532
2779 523
2781 1476
2793 521
2800 475
2807 1609
2813 1450
2820 1972
2830 2032
2832 715
2837 2152
2839 436
2841 1390
2870 340
2887 2307
2905 456
2911 2250
2915 1253
2921 1076
2922 581
2925 368
2947 1954
2956 1403
2958 1155
2959 1668
2963 570
2976 765
2977 1277
2982 533
2984 1031
2998 1434
