f_0082976.png f_0082642.png
40 54
81 43
132 144
142 75
150 25
444 111
485 186
536 216
555 597
605 109
692 253
697 258
700 310
714 490
718 261
755 401
795 282
806 536
832 254
838 545
848 88
899 817
924 604
929 576
963 546
985 718
1011 648
1052 345
1065 875
1084 118
1087 830
1110 1147
1113 922
1169 684
1204 1046
1210 1074
1246 1029
1255 742
1280 1231
1356 446
1395 276
1489 596
1508 1082
1525 1388
1534 963
1540 1246
1544 1399
1575 726
1582 984
1594 1143
1621 347
1627 1051
1648 1283
1649 795
1663 1630
1692 1414
1731 957
1774 898
1805 1120
1806 931
1807 919
1809 909
