f_0082642.png f_0082872.png
301 1217
371 1153
372 1298
394 1321
526 1471
569 1464
594 1317
601 1487
648 1403
710 1581
751 1537
813 1535
902 1682
908 1681
919 1710
967 1656
1033 1785
1044 1720
1061 1746
1073 1801
1120 1839
1152 1862
1167 1824
1203 1869
1209 1932
1286 1923
1334 1963
1345 2024
1365 2000
1376 2044
1407 2043
1414 2100
1416 2097
1423 2092
1435 2110
1440 2078
1468 2135
1486 2160
1492 2155
1493 2116
1531 2197
1532 2185
1538 2204
1546 2203
1556 2098
1587 2236
1598 2260
1606 2224
1617 2273
1619 2215
1647 2295
1720 2303
1731 2375
1748 2360
1772 2413
1786 2392
1905 2533
1906 2514
1908 2434
1942 2568
1948 2588
1973 2548
2106 2765
