f_0082864.png f_0082942.png
0 1285
8 467
17 1185
33 687
41 1780
44 1207
52 1134
66 1010
87 517
92 1451
101 1146
109 600
110 1465
113 1168
134 1787
135 104
138 1194
139 654
163 1287
164 1719
170 2219
180 1036
202 1507
223 933
227 634
234 557
240 1392
248 357
283 831
312 1408
358 360
365 4
367 408
375 197
379 693
390 352
393 607
394 640
400 415
406 782
409 815
421 567
425 566
451 1339
461 916
463 351
467 1171
486 2246
489 1815
495 989
516 1681
519 1551
524 1040
544 940
568 1739
570 1545
583 395
609 625
618 885
630 1856
633 537
638 1308
658 611
665 801
672 1510
685 834
687 1592
703 705
710 810
713 737
725 396
730 1209
757 1422
759 438
764 804
773 643
791 963
806 1048
809 1374
813 364
818 1312
833 745
843 305
845 1084
854 1777
859 2228
870 1174
891 510
900 896
911 323
945 92
947 33
960 1760
964 674
983 1618
992 709
996 744
998 663
1022 1012
1048 522
1056 1424
1072 1302
1096 1436
1100 1880
1110 680
1111 1378
1161 170
1169 1225
1170 2073
1183 1466
1231 711
1261 448
1273 852
1311 808
1313 1075
1316 1439
1321 1136
1357 435
1362 925
1365 161
1387 807
1389 1671
1393 797
1395 1123
1398 842
1444 2098
1452 1188
1467 35
1475 841
1481 2201
1504 59
1535 2308
1593 954
1596 926
1597 260
1645 403
1651 734
1677 163
1682 792
1687 371
1702 269
1706 581
1708 1638
1709 1521
1721 1619
1736 1020
1738 809
1740 2064
1742 1737
1775 1620
1776 570
1824 1591
1845 1768
1864 794
1879 637
1896 863
1909 865
1959 624
1974 1360
1991 770
2028 1253
2031 1019
2036 1468
2052 1543
2091 181
2111 685
2116 1370
2127 466
2139 1083
2156 1391
2157 312
2172 286
2192 1072
2199 838
2201 496
2244 1433
2248 939
2251 1642
2256 451
2260 547
2266 256
2295 899
2298 1405
2304 615
2325 263
2361 751
2377 849
2395 1479
2410 1224
2412 2106
2423 526
2428 513
2433 324
2438 1661
2440 1443
2446 380
2467 771
2473 1477
2480 1454
2485 1495
2499 676
2512 1512
2532 920
2566 1761
2569 1293
2581 447
2582 2148
2598 1428
2599 1372
2606 1781
2607 1582
2609 877
2615 2312
2621 2007
2636 1304
2655 338
2661 1584
2666 2275
2668 1482
2682 1749
2736 1250
2815 1104
2835 441
2859 1517
2868 74
2889 1691
2890 1790
2899 871
2913 787
2986 677
2989 410
