f_0082864.png f_0082886.png
8 347
18 223
27 1454
33 466
35 1224
37 1694
43 445
52 775
61 128
67 244
73 1516
74 4
80 648
89 1263
93 176
100 591
103 1365
104 778
115 1102
121 1528
124 757
129 862
132 610
134 1207
137 337
141 1186
150 396
158 503
164 1159
167 734
175 696
185 1219
189 315
196 295
210 236
211 578
215 1
217 694
218 218
227 416
238 1607
240 918
242 1605
244 100
249 1270
260 1509
275 1565
276 313
281 239
293 97
305 121
312 930
314 1637
316 1122
324 1235
327 895
332 1292
337 1074
340 742
342 1246
344 728
355 473
369 323
372 1472
376 1356
377 357
381 397
398 224
401 898
409 556
412 1675
435 841
443 730
448 1497
450 833
451 894
453 1389
458 420
459 1513
460 1284
465 1141
475 465
479 1648
484 212
485 117
498 708
502 1611
503 1536
506 1496
516 1099
517 1529
518 177
519 1044
522 777
524 704
541 555
547 1053
556 997
564 167
565 815
569 786
577 415
581 939
584 375
594 1248
607 1266
619 1135
625 1379
630 1229
638 877
639 608
641 1181
643 1194
652 42
657 270
659 1119
663 418
667 769
668 1685
670 599
674 732
679 1579
686 1678
687 1062
691 138
699 437
701 1424
703 433
704 948
708 1131
723 1055
728 551
731 173
734 1019
737 936
739 866
752 908
755 22
759 301
789 897
790 1073
791 658
799 1701
802 1004
812 549
818 856
822 474
825 627
831 736
834 1378
838 512
840 844
844 59
847 981
857 961
862 90
864 137
868 1625
876 306
896 584
910 1261
922 613
931 1343
933 229
934 484
954 1362
963 628
978 517
984 1202
993 1445
994 1638
996 482
1013 370
1041 940
1049 235
1056 954
1058 1770
1061 1221
1062 1632
1067 159
1070 691
1071 853
1083 663
1093 349
1097 1603
1102 605
1119 329
1123 61
1130 1304
1132 1394
1146 1148
1155 268
1162 1525
1169 831
1180 1067
1182 166
1183 996
1190 1108
1201 1162
1203 947
1205 277
1207 186
1226 752
1230 1037
1245 204
1246 755
1248 1168
1258 726
1264 1587
1269 1341
1273 552
1280 1258
1287 332
1290 1610
1305 977
1319 1671
1320 522
1326 662
1348 441
1351 995
1358 773
1359 1323
1368 428
1375 932
1376 183
1377 2
1379 1771
1386 149
1390 104
1397 1382
1400 561
1403 52
1404 1436
1426 1127
1428 1051
1429 1551
1437 405
1439 1547
1443 574
1475 582
1477 174
1481 1428
1491 1423
1493 692
1519 631
1524 1413
1525 464
1548 300
1553 568
1555 214
1590 810
1594 261
1606 439
1612 544
1625 385
1626 23
1632 1590
1634 477
1640 805
1641 887
1647 1056
1650 1283
1663 839
1669 1554
1670 1690
1671 782
1677 143
1679 1479
1680 1426
1687 297
1695 1330
1700 320
1707 1089
1709 1018
1715 667
1721 1090
1726 13
1730 539
1737 478
1741 279
1742 1185
1756 1038
1757 750
1764 1514
1766 1244
1775 1075
1777 1470
1784 530
1786 1239
1791 1001
1792 355
1800 1081
1810 109
1824 1072
1826 324
1833 1562
1836 764
1843 612
1852 21
1858 481
1863 390
1877 848
1878 702
1882 542
1894 262
1895 1318
1899 649
1901 377
1919 331
1921 1271
1927 1104
1930 759
1951 818
1952 968
1958 729
1966 1321
1989 197
1992 1720
1993 790
2002 1329
2004 1059
2010 792
2013 82
2026 618
2028 814
2033 1464
2034 1460
2035 1009
2047 29
2049 1040
2052 1035
2058 717
2065 492
2068 255
2069 569
2072 1193
2073 527
2077 1120
2078 958
2085 1297
2088 278
2092 762
2093 529
2099 1166
2110 751
2111 423
2117 1123
2121 330
2141 666
2149 935
2157 248
2159 1645
2171 797
2172 215
2177 1265
2178 113
2181 1294
2191 1621
2196 282
2207 1255
2214 1249
2216 1010
2217 1586
2224 1268
2227 1419
2228 528
2229 1125
2230 756
2234 1342
2235 1286
2264 573
2266 220
2282 1147
2314 520
2322 73
2326 1130
2328 303
2345 772
2346 1322
2366 685
2371 490
2390 56
2395 1007
2399 1488
2405 1260
2408 1003
2414 45
2443 641
2446 296
2457 31
2458 1522
2461 353
2464 1520
2478 499
2485 976
2491 974
2496 1110
2514 291
2517 1077
2518 165
2519 1510
2522 679
2534 1367
2535 1175
2537 1027
2549 956
2552 920
2559 1335
2584 6
2586 269
2591 1287
2592 1319
2596 1295
2607 1046
2612 1136
2615 1459
2623 96
2630 64
2638 1065
2642 532
2644 744
2645 989
2647 904
2665 1498
2682 1167
2694 518
2701 1242
2707 893
2711 326
2721 594
2732 960
2736 870
2737 1328
2738 604
2741 1049
2746 1066
2753 1465
2756 398
2764 1577
2771 1134
2772 60
2781 1596
2802 361
2809 1719
2810 507
2815 720
2819 746
2822 120
2823 339
2835 302
2836 1140
2839 966
2849 1011
2857 371
2866 919
2875 1483
2877 1489
2878 1500
2887 609
2889 1156
2892 600
2897 1336
2933 307
2938 1612
2961 846
2966 163
2975 501
2980 1434
2982 579
2988 1106
2992 816
2993 1507
