f_0082558.png f_0082924.png
9 359
12 1042
13 884
29 993
43 207
44 1385
50 422
65 1097
69 1162
76 883
103 624
110 1086
112 179
120 195
123 536
124 394
127 2546
135 281
145 1023
154 348
156 695
160 1124
163 564
175 2092
178 894
187 949
194 757
200 2446
206 734
224 299
228 18
235 1367
237 974
244 1497
247 464
263 868
264 45
288 435
313 534
317 1357
319 729
324 1248
327 494
335 1113
348 2483
351 601
370 1472
373 1416
378 1075
382 539
412 666
415 138
427 1285
428 1236
444 1019
470 170
480 353
498 312
508 906
509 222
521 1135
533 942
540 319
554 1438
577 2394
614 29
627 966
634 493
636 1298
641 62
648 1675
658 856
663 2530
670 635
672 1158
691 1050
698 870
707 305
723 1845
727 2578
743 1554
749 773
764 399
780 434
782 2381
784 1412
786 657
788 861
795 503
812 833
820 316
822 187
827 983
829 982
832 978
882 812
883 574
904 827
911 1287
914 878
918 819
925 731
932 547
951 979
956 1327
966 608
972 739
987 1977
995 656
1001 1535
1034 1355
1035 1650
1054 1328
1068 274
1072 1120
1073 1244
1075 950
1082 1199
1108 2500
1126 1952
1133 832
1166 1274
1198 797
1239 221
1246 920
1248 488
1266 1057
1268 660
1300 244
1301 923
1315 97
1319 1180
1323 200
1326 1361
1340 0
1360 17
1367 650
1371 1020
1385 70
1389 1134
1418 1006
1419 2265
1423 730
1425 92
1442 208
1443 887
1444 946
1453 227
1468 1052
1470 1331
1473 965
1475 1016
1477 1360
1478 701
1505 711
1514 552
1523 943
1526 796
1531 751
1557 1444
1564 954
1584 129
1598 136
1600 648
1610 141
1633 544
1634 800
1653 1517
1702 750
1705 632
1714 1253
1725 1165
1732 115
1736 374
1747 642
1766 2645
1776 1000
1777 760
1811 1139
1820 682
1821 1468
1833 816
1847 746
1860 588
1871 1812
1890 732
1896 1579
1901 1881
1912 157
1921 1045
1923 376
1929 2443
1949 275
1955 1146
1967 1269
1978 960
1981 774
1985 489
1994 1166
2009 575
2013 853
2030 1205
2034 927
2035 555
2042 1413
2047 651
2049 1598
2061 581
2084 1143
2093 851
2101 1015
2103 871
2106 1127
2112 1458
2115 1395
2116 1566
2185 683
2211 1064
2226 947
2242 907
2273 2481
2278 1588
2281 939
2292 802
2313 1085
2315 599
2322 1140
2331 1024
2337 1503
2341 792
2358 2021
2369 1362
2373 1278
2377 1098
2382 473
2391 405
2397 988
2401 1271
2415 1270
2416 770
2448 1323
2454 1286
2494 629
2504 1502
2515 401
2521 768
2530 519
2550 1231
2552 1418
2553 692
2566 1185
2569 847
2589 1197
2594 748
2616 1110
2619 2322
2642 807
2648 252
2668 521
2675 1247
2677 995
2679 1034
2708 505
2710 1068
2714 336
2741 1308
2755 1266
2771 787
2781 1005
2803 630
2814 1348
2823 1156
2834 1219
2841 776
2846 922
2867 131
2891 996
2895 1397
2897 778
2905 276
2915 977
2917 1181
2921 924
2934 2225
2936 952
2955 917
2956 690
2968 46
2977 710
2989 1314
2996 790
