f_0082868.png f_0082872.png
0 2260
2 1035
3 1070
4 1768
5 740
6 2254
7 2291
8 596
12 758
13 2467
15 624
16 1006
17 720
18 26
20 1271
25 1378
26 645
27 1623
28 1463
29 691
34 677
36 1730
37 1239
40 907
42 1677
43 353
46 673
48 2275
51 977
52 2242
53 748
56 656
57 802
58 1346
60 647
63 1349
64 947
72 2126
73 2286
74 889
75 1702
79 1682
80 2668
83 174
84 292
86 2618
87 794
88 1731
91 2440
95 1983
101 2670
102 560
106 2191
107 2023
108 303
109 1022
110 2313
118 1857
119 1136
122 1493
126 490
127 735
130 1551
132 1580
133 934
135 1660
138 119
141 1698
146 1188
148 183
151 1074
154 2320
156 347
158 1133
161 2024
164 474
166 448
171 2244
173 1191
176 665
187 322
188 1246
189 1327
190 918
193 2044
195 863
196 2271
197 524
202 968
204 485
210 1834
212 548
213 2589
218 7
219 2695
220 2319
221 2476
225 1679
230 2233
232 1356
237 1159
242 1359
254 328
256 1509
259 435
260 567
262 357
269 2324
272 2162
275 1608
276 2401
278 403
279 675
280 27
282 491
287 1058
293 2182
294 1519
295 2228
296 1756
298 1957
299 1520
301 1333
304 49
306 1457
307 139
319 899
320 102
321 1454
323 2673
324 1949
327 1267
328 1953
330 469
332 570
334 1546
336 1153
338 382
342 2696
343 2777
344 1345
346 401
347 2540
352 2113
355 1099
356 1862
357 167
361 839
363 591
369 704
370 1251
374 260
376 2202
379 2009
382 2630
387 1043
389 1784
390 589
391 1886
392 1067
397 2610
404 873
407 1835
408 1198
411 1440
414 2270
416 1207
417 1963
418 2120
419 1490
420 370
423 765
426 1941
431 991
432 1936
433 1164
434 2193
439 716
440 1412
441 903
443 510
447 831
448 1296
454 911
457 1295
460 1151
469 1640
470 643
472 1762
476 2041
483 364
486 319
488 1853
490 2307
495 2181
497 1116
498 1045
499 1044
503 2375
505 463
506 330
509 974
513 1032
515 2739
524 1991
526 963
527 2735
529 283
530 1132
532 976
536 146
539 1533
544 1703
552 2011
553 1961
554 796
558 2770
564 1444
565 101
568 1610
569 2548
577 954
581 906
586 44
588 1319
589 666
590 2137
595 1889
599 886
602 369
604 1088
607 1212
613 2183
614 2456
615 1371
618 2546
621 340
623 2040
624 209
626 1900
628 2105
639 1201
640 1399
643 1144
646 2488
650 2710
652 1856
654 2093
656 2001
657 604
662 1792
666 1082
670 2277
674 980
678 808
679 706
681 224
682 1599
683 2268
686 2304
687 2711
690 2186
692 1718
696 1939
698 882
699 2064
701 287
702 1921
703 372
706 1341
712 1216
713 2076
715 2498
716 717
728 840
729 1655
730 576
735 2163
738 1920
740 528
743 2515
749 392
751 529
755 326
756 2329
758 1439
764 1227
771 2505
777 1181
782 1222
788 1306
789 1487
791 1287
794 662
795 230
797 1706
802 1014
803 175
805 851
808 1722
810 532
817 1007
818 1335
824 1601
833 2092
834 1325
838 295
846 2261
850 2008
851 2493
859 1877
862 2744
864 2128
868 1407
869 1404
871 1187
873 2303
877 1031
878 1614
880 1193
881 1984
890 1899
891 2697
897 2543
898 829
899 2588
906 365
907 568
910 1844
917 1687
919 2462
927 1617
930 404
937 1898
942 2122
943 1723
944 797
945 2470
947 686
948 196
952 65
953 480
955 1882
956 2614
960 421
962 333
965 267
966 965
968 1417
969 1774
970 1911
973 1474
975 1513
982 1789
983 2338
984 1742
990 1618
995 1651
1000 395
1006 2387
1007 413
1008 1477
1011 1050
1013 828
1017 1063
1018 1448
1019 1775
1020 2311
1022 2094
1026 1629
1027 1931
1031 961
1050 2117
1054 993
1055 1205
1059 2727
1062 2201
1063 606
1064 1833
1067 2255
1073 2625
1076 724
1080 1717
1086 1203
1093 1653
1099 1818
1100 1590
1101 1381
1102 819
1103 2605
1106 973
1107 207
1115 1764
1117 1526
1122 2155
1127 2337
1130 1995
1135 1432
1140 459
1143 1508
1145 2717
1146 1455
1147 458
1148 444
1149 1358
1153 498
1155 2200
1158 1552
1167 850
1169 1725
1171 1860
1174 1616
1176 341
1181 1537
1183 1539
1193 1047
1196 2302
1202 1250
1203 1866
1207 569
1211 1038
1216 1710
1217 349
1219 1801
1221 2647
1225 1248
1227 1005
1229 948
1230 1534
1232 865
1234 1555
1237 1141
1239 1236
1254 1591
1255 1111
1256 930
1260 277
1261 1422
1262 2646
1264 83
1265 2237
1266 2091
1267 2314
1272 1108
1278 573
1285 804
1287 519
1292 1056
1294 2175
1300 1042
1305 2052
1309 1541
1312 2645
1314 789
1316 628
1321 2732
1325 1604
1333 23
1335 2246
1336 727
1337 997
1338 1235
1342 1280
1343 2121
1344 598
1346 2356
1347 938
1348 405
1350 1861
1357 554
1359 1387
1365 406
1369 752
1370 875
1371 1186
1377 281
1383 566
1386 1329
1389 1744
1391 2185
1394 861
1397 871
1398 2211
1401 496
1403 429
1405 1736
1406 1437
1410 400
1411 251
1415 2108
1416 1400
1418 2106
1421 1146
1431 1758
1433 1842
1443 2345
1444 805
1445 979
1451 2403
1452 564
1455 1633
1456 1852
1467 960
1474 937
1475 2285
1476 2078
1478 2207
1481 2779
1485 2773
1486 176
1488 2129
1489 1751
1490 1406
1491 1316
1494 1085
1496 1575
1497 2149
1498 1956
1500 533
1506 271
1507 2114
1509 2775
1510 391
1521 98
1528 2776
1531 494
1534 2772
1539 1909
1540 1071
1544 1739
1546 1871
1551 2368
1552 1697
1554 1090
1558 245
1567 393
1573 768
1575 67
1577 2077
1578 639
1579 1101
1582 1538
1583 346
1588 1915
1592 2517
1597 2343
1600 1000
1601 1311
1605 203
1607 580
1610 788
1614 609
1617 1785
1626 537
1635 1571
1636 745
1640 1143
1641 1229
1649 1812
1650 1401
1651 534
1653 1161
1655 1128
1658 21
1659 1558
1662 552
1675 949
1681 713
1688 1693
1693 739
1696 1674
1698 910
1701 508
1703 312
1704 2258
1705 2652
1708 2143
1711 946
1713 958
1714 2626
1715 2195
1720 1458
1723 34
1724 731
1728 2118
1729 2164
1743 1484
1746 1525
1752 1320
1758 1217
1764 2547
1769 749
1772 434
1779 866
1782 2398
1783 940
1787 848
1794 2224
1797 1315
1805 2115
1807 2022
1808 1172
1816 1049
1817 2355
1820 1204
1826 451
1832 186
1833 39
1836 2158
1837 1819
1840 1362
1841 2572
1843 1479
1844 922
1849 1582
1852 373
1856 2066
1858 1910
1862 1383
1869 2287
1870 921
1874 2279
1877 120
1882 2198
1890 904
1891 1123
1896 872
1901 1807
1903 2088
1916 2301
1921 782
1926 970
1928 1865
1939 2170
1943 1275
1944 2736
1948 695
1950 1802
1958 483
1965 1972
1980 500
1983 2526
1986 572
1987 2718
1988 2622
1989 1669
1990 1302
1994 2090
2000 1173
2002 890
2006 2220
2007 775
2009 1743
2012 1126
2014 133
2018 725
2019 1883
2020 1838
2022 1373
2025 721
2026 240
2031 1661
2033 2334
2036 933
2038 825
2041 2426
2046 2478
2048 670
2049 1686
2051 1062
2054 1092
2056 2552
2061 774
2062 1501
2065 249
2067 849
2073 730
2074 759
2086 1468
2089 1897
2090 1708
2094 2608
2098 520
2099 688
2102 966
2103 53
2104 56
2105 1438
2106 1395
2107 1638
2110 1221
2111 2190
2114 2656
2116 1021
2119 588
2122 126
2127 2669
2131 1192
2132 195
2134 1701
2138 269
2142 1938
2144 636
2148 556
2150 1973
2152 264
2156 2053
2162 206
2163 2531
2164 1030
2171 2218
2176 1137
2178 2130
2182 2299
2189 1950
2191 2346
2195 1464
2205 527
2207 1531
2208 20
2222 2215
2226 2328
2227 2197
2231 2257
2232 2395
2233 1472
2234 467
2236 461
2243 982
2248 2421
2249 2209
2255 1120
2256 1795
2259 270
2263 2147
2266 2592
2267 409
2268 2576
2270 2140
2276 41
2279 123
2280 1026
2286 2238
2288 327
2289 1954
2294 581
2295 728
2298 807
2303 550
2304 1310
2305 1446
2314 1459
2315 1873
2316 1574
2318 607
2320 1140
2327 2780
2330 1753
2331 920
2334 1353
2340 917
2346 2487
2348 1561
2355 897
2356 1089
2362 172
2363 2192
2364 1252
2370 2131
2381 1079
2389 684
2393 1199
2400 1078
2405 2156
2407 1237
2410 152
2412 52
2414 2110
2420 1451
2424 1119
2428 1061
2431 103
2439 1069
2440 1593
2442 1683
2443 4
2444 816
2446 1656
2448 1821
2451 462
2456 652
2459 337
2460 1532
2463 854
2464 2444
2475 1901
2476 10
2478 2051
2486 282
2488 316
2494 1318
2497 2085
2499 84
2504 0
2507 1102
2511 2509
2513 2317
2517 2070
2518 1233
2522 1382
2523 76
2528 542
2530 1671
2531 1934
2534 1427
2537 1185
2540 878
2554 2596
2556 201
2557 845
2558 1631
2561 1908
2564 2187
2567 2712
2569 1163
2577 302
2578 2680
2579 1429
2581 703
2582 1223
2587 297
2588 464
2589 1104
2593 2196
2595 1913
2596 2424
2597 2730
2599 671
2609 738
2611 1947
2612 1644
2632 407
2638 692
2639 555
2643 2446
2646 2759
2648 2020
2650 2721
2651 860
2655 1288
2656 2743
2660 63
2664 1524
2665 599
2667 1528
2672 2232
2676 837
2678 1189
2679 204
2680 1428
2681 62
2683 313
2685 1165
2686 1887
2690 935
2691 1586
2692 1174
2699 1285
2704 355
2707 1637
2708 2010
2709 1152
2714 714
2725 1414
2726 661
2727 376
2731 685
2733 2460
2734 678
2738 42
2740 1245
2748 1596
2753 1504
2754 2756
2755 1421
2758 698
2761 2774
2768 2737
2770 2397
2773 2419
2776 649
2777 1645
2779 430
2781 137
2783 242
2794 1321
2798 1692
2803 1569
2804 880
2808 1711
2815 1105
2820 2171
2822 198
2831 1778
2839 1297
2842 1420
2847 1197
2857 1850
2865 193
2873 971
2877 2457
2880 1184
2881 170
2883 2119
2892 2760
2893 166
2895 2518
2896 1109
2897 6
2904 338
2907 1180
2911 2667
2913 1234
2914 218
2915 1741
2919 1564
2920 1299
2922 1767
2924 2292
2927 2396
2931 2617
2939 563
2948 726
2949 1562
2951 2038
2954 1390
2958 479
2959 1107
2960 1338
2965 523
2969 1649
2971 944
2972 781
2973 1377
2977 1770
2978 2455
2983 2410
2987 476
2988 811
2990 2100
2991 1385
2993 535
2995 1924
2998 795
2999 2690
