f_0082412.png f_0082702.png
35 12
184 159
203 84
258 100
282 172
303 118
346 139
397 253
406 255
410 282
417 270
425 279
453 252
460 176
461 307
493 324
541 180
548 339
616 336
620 379
630 408
636 392
637 390
670 412
717 574
722 488
735 463
846 441
899 506
912 632
913 604
931 645
953 697
968 668
978 694
990 522
1001 665
1009 728
1024 554
1093 654
1104 767
1133 707
1141 636
1146 727
1157 829
1159 593
1192 795
1254 721
1266 755
1282 960
1425 893
1443 942
1444 947
1475 901
1482 1022
1544 1066
1584 950
1624 874
1695 911
1696 932
1755 1091
1759 944
1802 1018
1824 914
1830 1190
1867 1090
1894 1283
1899 1029
1911 1151
1913 1309
1936 1316
1943 1323
1973 1239
1976 1343
2028 1121
2035 1238
2042 1058
2094 1184
2206 1294
2232 1422
2277 1415
2294 1305
2312 1372
2400 1440
2426 1399
