f_0082642.png f_0082518.png
1 289
3 310
12 189
14 290
25 306
34 273
37 319
64 328
91 345
123 341
124 348
129 365
131 320
165 399
166 380
189 388
194 404
200 424
221 410
233 471
236 439
272 516
287 503
304 534
359 510
394 537
399 554
414 551
446 589
456 588
470 584
475 573
491 559
497 638
498 570
511 615
513 599
533 620
536 655
537 631
564 636
565 628
608 647
646 667
655 674
658 650
663 704
670 696
671 686
677 675
680 682
682 714
694 740
713 684
742 698
749 767
754 746
756 808
759 728
766 727
791 763
801 747
806 699
810 719
832 774
843 733
855 771
874 790
938 786
968 840
979 820
992 819
1008 838
1020 852
1046 901
1097 859
1107 867
1120 860
1140 843
1160 893
1164 894
1169 898
1207 925
1209 889
1216 917
1229 916
1235 928
1240 958
1284 968
1300 946
1323 970
1332 1023
1334 963
1375 1001
1377 1011
1382 1004
1396 1010
1397 1022
1404 1021
1424 1044
1434 1017
1439 1032
1440 1039
1450 1102
1468 1062
1470 1094
1476 1068
1499 1079
1525 1087
1559 1070
1569 1128
1581 1131
1615 1153
1625 1168
1641 1167
1642 1174
1662 1188
1689 1203
1736 1221
1828 1245
1870 1278
1896 1284
