f_0082702.png f_0082882.png
13 10
14 8
15 2
28 7
37 0
39 36
43 54
63 37
69 71
72 75
74 52
75 61
86 66
89 67
111 113
113 88
114 90
115 95
126 97
128 119
129 133
140 112
149 126
150 110
155 120
156 124
157 114
190 149
195 138
196 140
197 151
212 156
217 166
219 168
228 161
248 150
254 173
262 183
272 175
285 199
293 215
295 204
300 178
302 193
310 211
311 236
315 226
317 230
321 210
325 243
331 233
333 232
339 239
365 248
366 254
375 264
384 262
388 238
392 261
408 276
423 293
433 297
440 299
442 281
449 294
458 310
463 329
469 303
470 301
471 315
481 292
483 325
484 288
488 333
489 330
511 343
514 339
528 356
532 365
539 345
541 344
542 341
558 385
565 379
568 374
570 375
573 376
575 386
576 362
579 383
581 378
586 392
587 403
596 395
598 359
603 398
613 407
615 404
622 422
630 414
632 416
633 408
641 424
645 432
646 411
650 413
652 402
654 431
671 436
679 440
684 442
689 434
692 454
695 444
702 453
704 467
707 456
716 464
722 470
725 439
727 458
728 481
745 482
749 478
751 498
756 493
761 510
762 447
769 494
772 511
776 512
785 500
796 516
800 513
802 520
810 521
815 525
820 483
821 506
823 518
825 534
826 485
827 530
829 532
832 546
838 540
842 554
847 560
848 563
858 538
863 562
864 574
866 558
867 552
871 586
886 580
897 598
909 607
915 594
917 599
919 578
922 603
925 620
926 602
930 596
936 597
937 612
941 629
947 611
952 633
977 647
989 645
991 613
992 636
993 653
995 606
1004 657
1007 671
1008 651
1012 665
1020 660
1021 673
1028 674
1044 686
1053 678
1066 683
1069 708
1077 682
1078 696
1105 675
1107 705
1119 736
1125 716
1132 726
1148 723
1151 707
1155 735
1156 722
1158 730
1168 711
1174 733
1175 744
1180 743
1218 764
1232 749
1234 766
1245 769
1246 789
1247 776
1250 788
1262 787
1263 795
1267 785
1276 786
1300 768
1334 814
1341 845
1363 877
1372 813
1376 850
1377 842
1386 900
1393 884
1407 886
1411 919
1420 931
1422 881
1429 933
1438 946
1442 926
1448 962
1510 983
1512 966
1513 967
1521 971
1523 992
1529 982
1530 1034
1533 1026
1539 1028
1556 1043
1559 1009
1561 1002
1563 1054
1567 1008
1578 1066
1610 1089
1629 1057
1637 1036
1638 1100
1654 1115
1666 1120
