f_0082952.png f_0082872.png
42 497
137 732
161 775
168 550
169 563
214 529
246 490
248 685
250 544
254 816
255 573
299 1000
304 1011
314 656
402 927
424 616
429 724
441 648
443 617
452 841
492 891
498 1061
516 893
528 339
582 849
594 613
618 706
627 968
637 1016
638 590
639 378
644 585
655 639
734 777
750 1180
763 979
824 741
825 695
842 796
855 810
856 795
865 1201
867 1191
879 1154
886 478
901 867
952 874
955 1043
1000 1216
1001 1193
1007 1155
1026 907
1054 1104
1062 901
1078 1349
1079 1244
1086 785
1087 1026
1099 1165
1101 1259
1128 1279
1133 1373
1134 1288
1137 1063
1142 1532
1150 990
1154 1296
1156 1089
1173 1521
1191 1266
1211 1008
1237 1594
1273 1470
1279 1617
1298 1299
1340 1331
1361 1062
1363 1267
1369 1440
1393 1640
1399 1611
1423 1660
1431 1350
1436 1210
1487 1481
1488 1318
1491 1508
1502 1401
1524 1627
1549 1739
1551 1459
1563 1427
1566 1701
1605 1702
1612 1555
1630 1571
1641 1717
1649 1674
1697 1785
1703 1556
1769 1384
1793 1843
1808 1856
1809 1863
1813 1773
1847 1679
1858 1811
1939 1626
1942 1847
2022 1980
2063 2087
2085 2052
2102 2054
2147 2243
2155 2078
2173 1912
2327 2149
2343 2138
2398 2373
2401 2199
2419 2019
2451 2312
2471 2056
2497 2190
2520 2375
2521 2306
2563 2265
