f_0082868.png f_0082776.png
16 4
74 305
88 591
107 846
109 519
132 631
143 96
155 934
183 1000
189 261
193 733
202 123
230 1086
232 13
237 605
240 749
263 288
264 1435
272 1094
273 985
290 1209
296 997
298 962
305 1658
308 1023
312 1139
328 709
334 445
336 452
356 801
379 522
389 936
391 870
408 572
417 890
424 686
426 763
441 379
461 493
475 648
476 1045
480 1272
487 1312
490 1638
502 1148
507 1138
510 1119
552 626
564 847
576 56
584 1520
595 1097
606 1202
610 408
612 303
619 107
639 324
652 781
656 1064
662 663
664 306
670 1224
684 1286
695 511
705 1568
710 827
728 300
735 1076
747 679
752 761
757 467
765 533
766 320
776 1373
792 458
800 115
823 710
832 1
854 1213
861 563
869 302
873 1616
878 581
888 1371
889 370
909 1503
927 814
932 705
946 932
963 902
964 69
973 807
1020 1172
1022 865
1037 1147
1049 873
1050 912
1055 386
1067 1120
1096 1185
1117 812
1135 497
1155 570
1172 1059
1177 1717
1184 99
1188 289
1198 897
1213 540
1250 1093
1265 1468
1273 1359
1277 1082
1280 859
1306 981
1325 935
1347 122
1355 1116
1356 1446
1357 0
1374 1008
1379 681
1409 1243
1413 1405
1417 1164
1420 677
1459 1016
1478 972
1523 704
1536 778
1538 15
1540 464
1545 621
1568 1208
1573 242
1577 917
1582 33
1587 551
1594 57
1600 506
1603 649
1616 820
1617 804
1635 481
1639 211
1679 1352
1689 566
1696 684
1718 9
1728 876
1790 588
1800 756
1805 1154
1807 938
1814 1182
1822 1029
1836 1098
1845 437
1846 1695
1859 720
1864 298
1882 963
1903 765
1916 1311
1936 1195
1961 961
1974 421
1978 1497
1991 282
2001 456
2034 126
2053 565
2060 1821
2064 494
2066 764
2083 703
2095 1111
2120 727
2134 699
2139 916
2142 1122
2150 987
2180 583
2256 443
2263 1432
2264 1166
2289 521
2296 380
2323 1062
2358 928
2375 1592
2381 92
2394 1662
2395 1107
2436 809
2444 207
2478 933
2505 535
2540 492
2558 868
2574 244
2580 815
2601 911
2624 995
2659 1123
2686 694
2701 287
2703 1105
2714 71
2728 1005
2742 1982
2757 1095
2855 1521
2857 328
2879 1218
2901 419
2916 682
2919 606
2938 1081
2969 590
2984 1738
2994 967
2995 638
