f_0082912.png f_0082876.png
21 328
26 1512
36 1411
38 1716
47 671
83 258
90 240
121 405
155 1661
163 1192
195 947
223 1038
292 254
334 1506
336 1620
338 890
347 1199
368 574
383 638
412 220
440 52
463 247
468 419
476 1653
478 1458
491 121
505 1014
556 1054
592 390
623 1439
631 699
632 421
662 885
697 1726
713 211
752 849
762 1611
795 1516
853 899
855 601
897 811
923 984
960 462
969 1368
989 600
1007 1295
1023 603
1047 1722
1072 825
1080 1599
1082 175
1099 1732
1115 1403
1129 1470
1214 1536
1258 1415
1294 1734
1313 1373
1448 1356
1466 1318
1470 1504
1478 1078
1513 1340
1581 839
1590 1704
1598 753
1606 1624
1659 1023
1665 1268
1682 1049
1720 1728
1743 737
1744 1261
1805 177
1806 589
1858 906
1861 866
1870 820
1919 1312
1922 938
1935 1089
1954 312
1968 1152
1973 1655
2003 670
2012 567
2048 1071
2049 1121
2087 1456
2098 812
2116 1083
2128 779
2129 962
2159 800
2172 1530
2219 326
2224 952
2239 742
2260 602
2288 1242
2298 1438
2303 554
2388 982
2423 563
2458 536
2546 527
2547 1048
2572 1153
2578 909
2606 1020
2732 1473
2791 1139
2852 565
2860 353
2877 80
2903 1364
2942 1193
2963 441
2990 431
