f_0082924.png f_0082946.png
10 283
11 264
12 257
21 321
26 156
28 310
33 80
35 206
40 278
49 174
53 244
56 154
58 234
59 252
75 260
76 291
81 372
84 290
93 223
97 172
99 250
108 380
115 187
117 253
120 339
124 256
150 318
159 240
160 330
164 309
177 298
178 155
184 306
187 157
213 371
219 419
223 280
225 429
229 324
232 355
238 440
248 197
252 279
260 350
264 254
267 362
274 255
277 467
283 399
287 218
291 487
295 428
296 492
302 463
306 408
315 437
319 267
322 453
327 314
329 416
331 284
334 491
343 412
346 237
348 347
353 342
363 370
364 458
380 420
381 461
385 346
386 452
395 397
402 449
406 451
409 386
412 450
415 477
423 475
424 592
426 508
427 320
432 353
433 396
438 341
446 411
452 562
454 456
459 533
464 363
465 560
468 367
469 381
470 385
472 543
473 368
476 476
481 556
485 625
489 507
493 406
494 518
500 434
513 433
522 405
529 431
531 619
533 327
544 455
547 474
552 415
553 616
561 447
569 541
570 624
571 643
582 617
584 796
585 404
586 465
588 489
589 708
592 658
593 472
595 667
600 657
601 709
617 689
618 606
620 675
622 738
627 766
639 598
642 564
643 677
644 623
651 726
653 597
657 696
662 747
663 769
664 512
668 718
675 795
677 648
685 521
688 775
698 732
699 826
701 746
706 761
711 735
713 752
715 727
723 837
726 848
730 632
733 568
735 767
736 782
739 805
749 724
750 734
751 745
752 799
754 844
756 631
759 585
764 765
766 815
770 759
771 785
772 808
773 640
776 685
784 859
787 871
791 840
800 784
803 902
808 801
816 695
825 700
827 870
830 832
843 847
844 924
846 938
847 867
851 753
855 911
858 925
861 813
864 931
865 787
870 854
871 866
875 923
879 927
881 928
887 764
897 889
905 817
906 873
907 914
910 792
911 793
914 963
922 1012
924 964
926 985
928 920
929 926
930 984
934 993
935 977
938 983
945 829
946 882
947 1014
949 939
955 816
956 1028
959 811
960 913
962 967
963 1015
972 976
980 1043
981 827
983 1024
984 1019
990 996
1000 872
1004 1120
1006 1059
1008 1010
1019 876
1021 895
1029 952
1033 1023
1036 1105
1052 899
1058 1039
1060 1119
1061 1186
1063 1061
1083 1117
1089 898
1091 1042
1095 1066
1097 1096
1109 1021
1111 1108
1112 1095
1113 1100
1115 1111
1129 1004
1130 1013
1133 1201
1134 981
1135 1079
1140 1052
1143 1116
1147 1144
1148 974
1155 1136
1156 1205
1160 1115
1163 972
1168 999
1169 1041
1174 1018
1180 965
1183 1207
1185 987
1189 1092
1190 1140
1191 1167
1194 1054
1200 1165
1201 1188
1203 1064
1208 1247
1213 1200
1215 1063
1219 1094
1222 956
1223 1197
1231 1178
1232 1166
1244 1152
1246 1210
1250 1151
1261 1060
1262 1070
1265 1174
1266 1209
1268 1032
1271 1157
1272 1026
1277 1057
1278 1130
1280 1073
1287 1176
1288 1322
1292 1252
1298 1223
1299 1224
1306 1260
1314 1160
1318 1222
1326 1259
1330 1347
1331 1233
1336 1237
1342 1106
1346 1297
1347 1155
1349 1221
1354 1203
1361 1220
1362 1257
1372 1318
1374 1126
1375 1185
1386 1187
1388 1279
1390 1219
1392 1236
1394 1264
1401 1337
1403 1214
1424 1359
1426 1218
1431 1213
1435 1306
1442 1235
1445 1343
1447 1212
1448 1292
1451 1230
1456 1416
1457 1284
1475 1376
1492 1437
1499 1423
1507 1239
1510 1289
1512 1370
1513 1305
1516 1365
1520 1440
1525 1439
1526 1494
1529 1282
1535 1328
1547 1375
1548 1458
1554 1414
1558 1325
1565 1408
1572 1452
1574 1277
1577 1415
1578 1474
1580 1563
1581 1506
1593 1488
1599 1355
1603 1526
1606 1394
1608 1438
1624 1461
1625 1504
1627 1534
1630 1493
1637 1529
1639 1457
1648 1354
1649 1403
1660 1421
1663 1402
1664 1497
1667 1525
1669 1477
1674 1643
1675 1396
1676 1425
1678 1551
1679 1557
1684 1442
1685 1554
1690 1599
1694 1664
1699 1456
1700 1541
1703 1573
1704 1570
1708 1468
1713 1585
1719 1561
1720 1656
1729 1578
1730 1374
1731 1503
1733 1593
1741 1569
1742 1642
1745 1479
1746 1513
1751 1538
1752 1620
1758 1549
1760 1528
1763 1556
1764 1621
1765 1735
1771 1707
1772 1758
1773 1641
1775 1597
1777 1647
1785 1634
1787 1572
1789 1624
1790 1648
1792 1660
1799 1613
1801 1487
1803 1674
1805 1517
1807 1655
1808 1682
1810 1710
1814 1713
1822 1681
1823 1511
1826 1677
1828 1747
1832 1673
1843 1752
1852 1734
1855 1739
1861 1615
1871 1609
1872 1693
1878 1850
1879 1687
1889 1582
1891 1751
1895 1716
1898 1568
1899 1617
1903 1732
1904 1733
1908 1567
1916 1750
1925 1784
1930 1640
1939 1778
1948 1644
1950 1743
1951 1749
1953 1957
1956 1652
1962 1692
1967 1712
1976 1667
1977 1679
2004 1818
2016 1942
2019 1828
2021 1691
2031 1800
2032 1854
2037 1690
2039 1718
2040 1719
2041 1731
2051 1954
2083 1729
2089 1871
2093 1795
2094 1869
2099 1728
2104 1742
2106 1859
2111 1771
2116 2056
2128 1819
2132 1921
2137 1930
2165 1963
2169 1937
2176 2129
2177 1862
2182 2026
2185 1864
2186 1837
2205 1831
2209 1852
2219 1997
2221 2111
2227 1861
2240 1851
2252 1977
2255 1897
2260 1812
2267 1835
2278 1919
2284 1972
2302 1920
2308 2031
2310 1880
2317 1961
2324 2058
2327 2079
2329 1970
2331 2017
2352 1915
2355 1895
2358 2088
2361 1980
2362 2087
2382 1902
2390 2086
2393 2060
2394 2109
2396 2008
2397 2119
2400 1969
2409 1926
2419 1992
2421 2078
2425 2285
2433 2134
2456 2125
2457 2148
2458 2168
2474 2118
2478 2054
2487 2177
2494 2204
2506 2139
2523 2033
2528 2045
2541 2138
2547 2075
2550 2188
2562 2083
2568 2116
2569 2147
2570 2157
2579 2104
2596 2171
2601 2144
2602 2235
2611 2151
2614 2335
2625 2091
2627 2201
2629 2251
2641 2126
2657 2268
2661 2299
2664 2160
2673 2250
2698 2363
2702 2308
