f_0082926.png f_0082642.png
145 36
389 37
420 113
456 218
522 213
539 165
540 96
565 179
571 306
594 191
604 242
642 231
646 166
666 340
681 235
690 391
742 326
743 260
744 253
757 433
762 258
772 262
773 209
781 226
791 369
798 599
806 434
808 386
816 629
818 453
822 250
830 520
853 392
860 680
863 216
878 77
879 51
885 70
888 388
892 616
897 772
909 180
918 632
920 236
921 265
929 424
936 246
940 579
948 697
951 706
960 668
966 545
967 270
970 217
976 336
996 750
1003 612
1004 522
1017 720
1027 407
1031 953
1048 400
1052 1039
1060 673
1061 644
1063 691
1075 829
1083 618
1087 645
1091 249
1098 674
1112 395
1188 414
1191 1115
1199 803
1202 455
1216 476
1220 648
1223 488
1240 1284
1247 466
1255 864
1261 866
1268 787
1272 533
1273 583
1284 1221
1315 511
1316 591
1320 666
1336 813
1351 679
1366 751
1374 806
1395 800
1402 744
1404 1211
1443 1031
1446 855
1452 710
1454 1212
1455 943
1459 1088
1463 1124
1495 1070
1502 1010
1503 975
1504 937
1510 951
1520 1048
1521 963
1530 982
1541 1014
1555 886
1556 1633
1557 1234
1562 1240
1572 1488
1579 1508
1601 1241
1631 920
1632 1580
1638 1270
1660 903
1678 1605
1700 1779
1713 1246
1717 965
1723 1480
1727 1821
1734 1224
1756 1813
1788 1624
1822 1268
1826 1460
1841 1925
1852 1305
1861 2029
1876 1373
1887 1397
1890 1396
1899 1407
1916 1999
1917 1527
1942 2166
1944 2073
1996 1526
2013 1476
2024 1564
2054 1542
2099 2067
2138 2134
2242 2173
2250 1664
2262 1693
2345 1863
2648 2174
