f_0082670.png f_0082876.png
7 213
10 209
17 185
21 168
23 200
24 241
30 227
39 226
46 184
59 257
60 249
69 247
70 238
71 174
95 305
98 206
102 303
104 304
109 297
116 322
124 258
125 315
128 218
130 252
132 274
135 263
142 325
149 273
155 321
168 338
172 246
173 279
178 266
181 293
190 328
193 344
194 345
199 329
200 381
205 358
206 352
208 334
211 342
212 356
217 360
225 377
229 333
232 376
237 372
239 367
240 383
241 384
247 380
249 319
251 369
252 425
255 400
262 397
266 379
274 386
275 407
282 357
283 399
299 433
309 370
317 366
319 421
326 431
331 382
346 403
348 398
358 393
363 474
371 499
373 465
383 520
388 504
398 487
400 516
408 448
413 523
416 537
422 434
424 565
430 578
431 577
438 603
446 494
447 566
448 568
449 590
454 457
461 584
465 583
467 540
481 570
484 597
493 619
496 539
500 510
501 626
505 630
507 654
515 660
520 643
525 648
529 533
532 550
535 576
537 647
542 585
546 666
551 625
554 693
569 675
570 685
578 624
579 701
580 569
586 689
592 680
603 686
610 710
612 679
617 711
627 700
630 641
635 719
643 744
649 732
651 726
652 637
658 687
663 753
664 725
668 716
670 650
678 775
687 742
697 708
702 778
709 794
740 834
741 767
746 738
758 902
759 817
771 805
783 872
786 843
805 887
816 830
823 899
839 923
843 859
866 916
880 974
888 973
898 929
899 1027
900 1085
907 992
908 989
910 967
911 984
916 982
922 960
925 1023
928 979
935 1051
940 1044
945 1021
946 1017
955 1040
958 995
966 1022
967 1035
968 965
974 1010
976 1006
977 966
986 1057
987 1058
995 948
1009 1064
1014 1087
1023 1095
1032 1099
1047 1068
1049 1089
1056 1111
1071 1113
1084 1139
1100 1146
1117 1120
1119 1142
1120 1158
1143 1163
1158 1145
1165 1144
1174 1199
1193 1204
1196 1186
1206 1175
1216 1189
1246 1251
1292 1200
1293 1279
1298 1174
1340 1244
1350 1295
1361 1255
1368 1329
1377 1376
1388 1275
1395 1296
1404 1351
1434 1389
1445 1367
1447 1301
1459 1311
1464 1309
1471 1318
1491 1334
1526 1384
1535 1347
1564 1368
1571 1381
1593 1372
1594 1371
1627 1423
1643 1474
1675 1477
1676 1479
1684 1548
1692 1415
1696 1538
1719 1431
1751 1586
1772 1504
1840 1520
1869 1530
1881 1607
1894 1550
1908 1660
1927 1669
