f_0082558.png f_0082702.png
7 473
11 1053
25 253
26 566
27 388
30 373
46 887
48 349
62 758
71 822
80 884
95 1010
97 294
120 265
132 829
151 390
158 785
173 309
179 1124
188 1066
206 569
232 798
235 917
240 922
247 531
268 338
269 411
272 858
300 538
302 672
313 469
316 288
349 1147
354 392
356 1148
382 423
389 971
396 1115
402 380
428 875
438 775
452 422
456 254
499 665
531 770
532 1305
552 310
616 454
624 485
644 1304
658 621
684 223
706 1262
743 1048
755 506
767 353
798 452
820 304
835 368
857 432
859 760
883 590
887 1202
915 1143
919 850
922 664
927 329
936 224
939 1180
940 1230
948 260
959 1043
971 578
986 1216
1011 970
1020 981
1027 1041
1034 912
1035 1098
1062 416
1064 957
1068 330
1072 774
1078 751
1084 1110
1093 1021
1096 171
1097 333
1110 262
1111 512
1120 941
1133 675
1136 920
1147 526
1170 464
1177 847
1178 1114
1180 650
1182 483
1200 994
1239 344
1249 449
1261 636
1268 576
1278 1318
1284 877
1298 408
1308 915
1361 207
1381 832
1398 710
1424 953
1442 362
1447 497
1454 421
1462 788
1470 916
1490 718
1524 600
1527 728
1535 163
1561 364
1563 459
1572 815
1578 1326
1579 946
1602 1077
1609 740
1611 1257
1633 525
1635 1155
1636 727
1692 1562
1695 474
1702 570
1706 1007
1714 862
1730 427
1757 395
1760 410
1777 581
1815 976
1829 1309
1860 541
1863 955
1872 840
1881 699
1900 624
1913 1223
1920 1327
1922 1164
1954 110
1974 314
1979 433
2009 470
2033 1059
2043 320
2088 1179
2103 632
2131 585
2155 522
2169 442
2236 1019
2242 645
2244 895
2256 324
2269 856
2287 923
2292 574
2331 738
2334 568
2335 215
2352 251
2357 799
2369 931
2378 493
2381 1237
2390 554
2401 870
2416 572
2422 876
2427 767
2430 1156
2434 1166
2454 908
2463 977
2467 513
2498 886
2515 481
2527 1391
2532 498
2543 567
2547 608
2548 765
2616 823
2629 1188
2648 302
2650 604
2654 1174
2681 255
2689 787
2695 742
2699 443
2713 982
2741 888
2746 638
2748 1181
2750 688
2756 1221
2779 276
2783 629
2785 628
2810 1162
2838 1256
2845 777
2856 1332
2857 867
2883 182
2888 796
2897 577
2912 355
2917 904
2922 365
2941 1205
2962 854
2963 366
2965 385
2967 1070
2969 375
2978 492
2991 684
2996 625
