f_0082412.png f_0082968.png
24 487
67 569
193 234
221 606
245 661
303 476
304 556
428 508
453 592
487 842
582 882
592 869
596 850
615 377
619 773
630 749
640 605
660 542
674 881
705 354
707 1095
722 1227
733 469
745 1104
794 1248
795 1330
846 964
855 963
879 255
910 701
911 860
943 756
950 1051
957 591
972 501
1004 796
1007 1168
1051 1346
1093 1475
1125 1614
1128 1385
1181 1474
1209 943
1215 1647
1222 1363
1294 1414
1299 1541
1301 411
1313 1463
1315 1290
1326 1233
1336 1128
1340 776
1351 1149
1363 1462
1377 1786
1394 1416
1410 901
1424 1392
1438 1085
1439 1450
1459 1401
1475 1538
1533 1232
1544 1791
1547 1077
1583 1105
1601 1009
1628 343
1633 1114
1634 1753
1636 817
1641 495
1667 1735
1683 1212
1685 1532
1691 783
1693 1751
1695 1295
1698 2012
1707 1705
1718 1756
1727 939
1729 1761
1733 1586
1737 1443
1747 1781
1759 1331
1763 1406
1766 1606
1771 552
1786 1803
1803 1638
1814 852
1825 1697
1827 896
1828 1073
1861 1521
1865 1556
1871 1441
1876 1488
1890 1999
1894 1990
1901 1834
1903 1944
1911 1588
1929 1885
1934 1901
1958 1391
2006 1876
2033 1910
2035 1709
2081 1814
2088 1860
2166 1427
2183 1783
2312 1788
2356 1635
2377 1611
2426 1789
