f_0082952.png f_0082918.png
7 282
60 2038
66 800
78 1511
119 353
129 1841
142 2502
151 1400
163 1134
167 703
178 2244
179 1877
185 1729
187 1527
191 459
198 451
213 59
219 2912
228 2459
230 1401
231 2016
254 990
255 2360
259 1507
261 2383
269 1217
270 27
275 560
278 2880
279 790
281 1157
283 314
289 2701
295 400
296 2875
297 178
313 2346
323 66
330 2137
336 416
342 600
343 2746
345 267
357 366
361 1882
362 2791
363 2079
366 175
383 2887
391 196
392 2499
399 1360
402 1203
411 2196
427 2413
429 2109
432 1442
438 558
441 557
444 2863
451 809
452 81
453 138
465 1150
466 565
467 129
469 73
472 2255
475 373
482 1159
489 1020
499 919
500 2412
509 35
515 1685
517 70
523 2727
524 1263
526 1356
529 318
530 617
540 172
548 1913
551 2066
554 874
556 1284
560 523
562 12
565 1137
567 876
568 1597
580 606
582 2475
588 2452
593 886
599 2510
613 272
615 1109
616 895
617 2546
619 2155
620 1036
621 530
625 1273
627 283
628 2709
636 206
642 1822
652 1240
663 675
671 2766
676 101
693 1664
698 98
699 2195
734 113
736 323
737 383
741 640
748 1434
749 550
751 2774
761 1887
770 1652
786 2835
791 2822
807 1370
808 627
813 76
814 1124
820 2960
825 2514
832 2234
835 1497
836 659
843 907
848 87
857 2224
860 201
863 2315
864 1072
869 2848
874 2862
875 908
882 645
885 36
887 2800
893 661
900 564
907 1338
909 992
911 1858
914 2651
918 1381
924 2468
926 1173
927 57
948 531
955 316
968 2530
969 1668
970 356
972 360
977 974
978 1471
996 2619
1006 1820
1007 1490
1008 1891
1018 1958
1023 1846
1026 2112
1051 828
1064 926
1069 1619
1073 164
1074 774
1077 2048
1079 901
1080 1143
1093 168
1097 2911
1103 1734
1104 650
1105 1625
1108 918
1115 2533
1122 2580
1123 63
1128 1383
1130 771
1134 2293
1139 966
1143 1885
1144 2381
1147 972
1153 2080
1154 906
1161 1254
1165 1050
1170 838
1173 2775
1183 1850
1195 2645
1199 471
1205 1673
1209 1366
1210 2522
1216 1380
1229 2675
1234 2035
1240 1983
1247 935
1251 2101
1260 570
1267 1979
1271 2487
1274 1930
1285 45
1286 1907
1288 2626
1293 1038
1297 1089
1306 1665
1309 2963
1310 1711
1318 1949
1320 385
1330 715
1333 1753
1336 438
1353 2474
1354 381
1358 1387
1363 920
1369 776
1384 1200
1387 2629
1388 1081
1389 859
1395 230
1400 2640
1405 1558
1427 2634
1429 563
1439 1448
1441 2259
1468 146
1473 166
1474 1386
1481 1974
1487 2436
1491 454
1492 25
1496 1496
1501 40
1504 105
1509 1324
1510 1660
1516 938
1517 1327
1518 305
1523 2878
1530 855
1535 2477
1536 2916
1545 718
1561 554
1568 1027
1588 2271
1596 1802
1600 1179
1607 2364
1610 1603
1618 2935
1619 1644
1620 538
1623 1294
1627 646
1630 1230
1636 89
1640 760
1653 424
1654 19
1657 1474
1661 2227
1668 1916
1673 1851
1684 1970
1696 1931
1704 2520
1707 62
1709 1160
1715 2421
1726 2388
1731 157
1732 1821
1742 1431
1743 1609
1753 2906
1759 2739
1772 248
1776 571
1781 2687
1783 2988
1790 2305
1800 1867
1801 2
1806 1180
1808 2592
1812 829
1823 1135
1854 1104
1862 2026
1867 1427
1868 768
1869 1397
1872 245
1876 1552
1878 998
1885 2257
1891 467
1894 187
1897 2087
1911 1099
1917 2134
1919 2443
1922 2242
1923 825
1928 1425
1931 2891
1935 1371
1942 1701
1943 1598
1959 801
1966 116
1968 409
1979 960
1980 2894
1992 833
2001 746
2009 1415
2012 1365
2014 1169
2029 475
2030 2394
2089 1163
2107 1457
2140 2454
2165 28
2201 2554
2214 539
2231 447
2233 979
2239 350
2297 1978
2299 1281
2304 2232
2334 1373
2337 2063
2345 1348
2353 2895
2354 2130
2355 2347
2359 1857
2360 1903
2367 2010
2375 1676
2393 1726
2408 1714
2437 2400
2438 1601
2451 1645
2458 742
2488 43
2499 144
2502 141
2530 134
2533 2812
2546 1997
2547 47
2551 435
2570 2027
2572 1616
2574 403
2575 669
2576 1674
2580 1063
