f_0082492.png f_0082872.png
9 177
40 262
48 268
56 260
77 253
78 288
84 372
103 406
106 302
107 325
125 398
127 392
128 381
146 308
155 345
178 337
183 461
188 434
189 454
199 453
218 413
220 530
226 459
240 561
260 496
264 565
270 445
275 482
277 524
282 544
288 528
296 476
306 543
309 548
310 573
369 497
377 615
397 655
398 694
401 583
404 523
406 555
408 645
409 657
416 656
419 554
422 706
450 629
460 593
468 759
490 646
519 689
526 733
535 783
546 758
547 809
552 748
573 770
586 757
589 777
607 727
621 717
656 842
676 776
677 799
691 747
740 768
761 806
768 939
786 816
800 1031
829 840
850 978
880 889
924 926
945 1146
980 1175
999 1076
1003 1231
1008 1034
1020 1092
1029 1154
1036 1160
1045 1173
1046 1184
1049 1208
1052 1216
1053 1217
1065 1000
1076 1299
1087 1168
1097 1182
1098 1279
1100 1130
1103 1181
1107 1292
1131 1134
1139 1180
1149 1020
1152 1302
1171 1327
1206 1159
1210 1307
1218 1152
1224 1404
1277 1317
1298 1325
1326 1389
1327 1397
1328 1398
1344 1421
1362 1439
1365 1444
1410 1475
1443 1537
1458 1542
1477 1573
1486 1580
1575 1682
1617 1715
1625 1596
1632 1674
1633 1702
1698 1727
1702 1750
1704 1624
1728 1741
1745 1770
1770 1675
1800 1856
1815 1863
1823 1755
1841 1768
1844 1886
1852 1906
1857 1911
1879 1926
1884 1869
1903 1915
1910 1969
1919 1889
1942 1904
1970 2002
2007 1971
2169 2228
2291 2288
