f_0082776.png f_0082518.png
28 261
35 134
45 593
110 204
145 433
154 426
155 476
163 319
221 461
224 445
234 313
242 269
254 329
261 498
262 291
269 521
281 474
282 588
318 675
340 632
351 654
364 423
368 678
400 722
414 696
423 807
434 585
440 559
444 573
452 516
463 729
476 404
493 390
495 544
500 590
511 773
514 611
520 509
552 539
553 755
556 719
577 324
583 825
588 687
591 733
594 570
596 674
600 656
611 667
615 766
623 486
628 660
635 802
636 759
640 899
678 955
680 613
684 771
687 618
720 754
729 541
734 992
736 673
741 718
756 815
761 689
768 736
774 726
782 549
785 1020
794 642
795 622
804 872
807 760
814 737
820 785
822 791
829 850
831 568
848 787
852 1047
861 1038
865 1057
868 843
876 1068
877 1086
913 839
933 1013
936 901
938 1048
941 906
961 874
964 1199
984 1011
986 1128
1022 1159
1034 1178
1044 1186
1054 834
1055 838
1060 991
1067 973
1108 1045
1110 1131
1142 1151
1183 1184
1207 1262
1212 1072
1216 1237
1221 1189
1230 1225
1231 1256
