f_0082620.png f_0082518.png
55 204
87 221
90 214
96 207
103 196
111 223
148 259
150 200
156 283
167 290
176 246
179 264
224 292
249 299
256 282
261 345
299 285
315 349
353 391
363 395
375 389
383 408
418 451
422 396
436 368
445 452
460 462
487 502
502 540
503 523
510 531
529 537
536 535
540 554
541 562
570 600
572 588
581 499
602 596
617 599
619 620
626 623
657 636
663 626
673 658
683 654
688 659
691 644
702 632
706 687
713 667
721 649
722 688
728 665
736 709
737 673
744 706
745 684
751 682
779 746
786 808
797 705
800 724
802 697
808 737
820 765
829 760
833 795
868 745
871 813
891 790
904 804
908 825
928 841
937 859
943 863
954 884
958 870
965 905
969 853
970 880
985 893
986 887
994 872
995 925
998 894
999 890
1007 930
1008 856
1037 882
1040 915
1053 933
1059 903
1065 944
1106 987
1108 968
1112 992
1121 979
1122 960
1124 1010
1129 1018
1131 986
1134 1041
1142 1033
1143 1021
1146 1043
1148 1017
1149 988
1164 1049
1165 1038
1170 1046
1174 1060
1183 1040
1188 1091
1209 1082
1214 1079
1216 1124
1219 1085
1229 1126
1235 1113
1255 1135
1265 1129
1281 1166
1285 1151
1289 1157
1293 1155
1294 1167
1301 1165
1325 1189
1332 1187
1353 1216
1360 1242
1396 1234
1419 1249
1426 1257
1444 1271
1451 1276
1459 1284
