f_0082776.png f_0082928.png
4 548
6 585
9 746
10 906
12 840
33 1168
46 1209
54 43
67 63
81 118
105 1220
106 951
130 534
139 142
143 107
159 940
166 169
173 912
179 1355
191 163
215 1005
220 1001
233 1040
235 496
238 230
257 243
276 161
288 639
293 1395
298 1444
305 444
307 1260
316 1225
317 1299
320 616
350 394
351 1278
368 1325
381 699
403 856
414 1365
432 1754
435 1401
446 1603
452 720
454 1431
457 809
458 1036
481 1120
487 1463
498 1270
507 991
524 1327
528 996
529 1223
531 1523
544 1184
546 1541
563 723
576 1375
580 1039
581 1207
583 1640
587 1060
588 1136
590 1191
596 1085
601 1454
604 1601
611 1079
613 1382
614 1259
624 1393
625 1415
629 1634
631 1135
635 1487
655 930
658 887
661 1318
662 1561
678 1680
684 1272
693 1467
700 1819
711 1537
725 1158
729 615
743 1517
752 1631
756 1305
763 1611
777 895
827 900
842 2127
847 855
851 1885
878 2068
888 886
897 1237
903 1044
905 1219
911 1298
924 1951
929 988
930 1893
938 1616
941 1055
944 1790
952 1470
999 1648
1025 1465
1042 2087
1045 1610
1050 1133
1051 1491
1052 1668
1075 1992
1086 1891
1107 1276
1114 1407
1120 1914
1122 1456
1133 1341
1134 1527
1138 1933
1147 1572
1154 1618
1157 1473
1158 1662
1161 1615
1162 1805
1163 2351
1171 1996
1173 2212
1175 1654
1177 2119
1178 1496
1179 1995
1185 1731
1192 2093
1204 2269
1207 2045
1209 1773
1213 1453
1219 2034
1228 1788
1231 1988
1235 2051
1244 1804
1246 1595
1248 1881
1255 1808
1257 1864
1258 1947
1259 1978
1260 2149
1262 2118
1271 1886
1272 1822
1283 1859
1285 2021
1301 1968
1304 1429
1305 2062
1317 1803
1330 1509
1342 2079
1343 2229
1352 2002
1355 2181
1368 1562
1369 1685
1381 2071
1383 2398
1385 1845
1401 1647
1405 1938
1406 2318
1418 1739
1419 2029
1434 1964
1439 1609
1462 1963
1500 1718
1520 1557
1578 2342
1583 2016
1584 2355
1604 2165
1606 1836
1618 2138
1629 2070
1640 2283
1653 2401
1696 2041
1699 2101
1744 2358
1753 2453
1791 2132
1795 1932
1821 2131
1836 2365
1889 2425
1944 2433
