f_0082702.png f_0082872.png
0 71
1 66
2 12
3 24
9 30
11 28
12 63
13 76
15 51
16 43
17 82
19 62
21 53
22 100
23 58
28 69
34 79
38 149
39 115
44 141
47 125
49 162
50 133
54 113
55 165
57 156
58 167
60 140
63 194
66 170
75 208
76 315
78 197
81 268
85 267
87 247
89 288
91 274
92 236
95 221
102 260
104 325
110 344
111 284
112 304
115 330
120 264
125 368
126 408
135 382
136 388
140 405
147 358
151 398
152 425
157 403
161 365
163 430
166 434
167 447
168 386
169 383
171 444
175 464
176 505
177 436
178 437
182 476
183 459
187 411
190 454
193 495
194 458
195 497
196 524
198 450
202 460
209 506
212 568
215 555
217 564
219 491
220 462
221 609
223 554
225 544
226 542
228 548
230 588
231 531
235 494
239 485
241 577
242 610
243 592
246 557
247 546
248 560
249 541
251 606
252 628
254 654
255 621
256 612
258 586
259 539
263 657
265 645
268 605
271 751
274 558
276 644
283 598
284 647
285 661
287 571
289 685
294 690
295 658
298 694
300 669
304 686
305 599
306 718
309 720
311 640
313 705
314 716
315 706
322 699
323 747
324 732
325 725
331 749
333 754
336 760
338 762
339 777
345 695
350 752
353 769
354 782
362 768
363 791
368 776
369 763
377 809
378 722
379 833
383 779
384 774
394 841
395 842
396 766
404 786
406 785
407 864
408 893
411 879
413 881
417 800
418 830
419 811
421 889
422 890
423 913
425 787
429 802
430 872
433 862
438 827
440 835
441 926
442 927
443 924
444 854
445 818
448 892
452 826
453 836
455 960
459 907
462 851
464 868
465 882
467 936
468 937
470 978
471 962
477 997
485 1005
486 887
489 911
490 912
491 1021
493 1001
494 920
498 1041
506 1012
507 1057
508 1025
510 956
513 942
514 946
515 951
518 1040
519 989
523 1079
525 1071
528 957
529 950
533 1103
535 1091
537 969
542 1140
551 1089
558 1106
560 1116
561 1172
562 1065
564 1159
565 1173
567 1153
569 1182
570 1168
572 1184
576 1180
577 1192
578 1098
579 1085
581 1181
584 1191
585 1193
590 1171
596 1217
600 1237
603 1199
604 1239
605 1108
606 1198
609 1107
610 1213
612 1266
614 1248
615 1244
616 1203
620 1287
621 1279
622 1298
623 1241
624 1257
627 1288
628 1319
632 1296
634 1143
636 1300
637 1302
638 1306
639 1309
644 1327
645 1321
655 1368
661 1234
664 1352
666 1355
668 1337
670 1292
671 1250
673 1331
677 1225
681 1251
683 1313
684 1276
690 1374
696 1245
700 1249
702 1389
704 1281
707 1408
712 1409
713 1304
716 1280
720 1294
721 1405
722 1343
726 1407
729 1315
740 1470
741 1413
742 1421
745 1334
746 1345
747 1320
748 1354
753 1444
760 1464
765 1479
769 1475
771 1487
772 1395
773 1447
776 1391
777 1503
781 1394
783 1486
784 1481
788 1508
790 1420
791 1410
802 1515
810 1417
815 1533
816 1528
817 1477
822 1535
823 1542
826 1536
830 1498
833 1540
838 1500
844 1559
847 1595
850 1593
851 1589
853 1502
863 1614
864 1606
865 1585
869 1617
871 1622
878 1501
880 1621
881 1657
887 1634
897 1638
898 1590
904 1656
913 1575
915 1673
917 1652
920 1651
929 1675
930 1690
936 1706
939 1615
940 1685
942 1713
952 1632
953 1707
954 1616
978 1749
980 1746
994 1758
996 1768
999 1668
1012 1658
1016 1728
1017 1754
1023 1807
1027 1833
1028 1812
1037 1737
1040 1753
1043 1828
1044 1829
1047 1832
1055 1776
1057 1726
1064 1734
1070 1856
1074 1780
1076 1855
1077 1862
1081 1864
1085 1796
1087 1845
1090 1842
1097 1849
1101 1881
1105 1880
1112 1858
1119 1921
1120 1835
1132 1912
1143 1924
1144 1882
1145 1867
1157 1934
1164 1939
1167 1901
1168 1982
1171 1909
1174 2006
1175 1983
1183 2000
1186 1935
1191 2030
1193 1959
1200 1950
1201 1913
1207 1981
1209 2051
1211 2042
1220 2063
1222 2052
1224 2053
1228 2055
1232 2062
1238 2061
1242 2008
1247 2086
1250 2088
1251 2111
1253 2108
1254 2078
1258 2094
1263 2093
1266 2009
1267 2112
1270 2125
1276 2148
1285 2065
1290 2137
1291 2118
1292 2129
1295 2119
1298 2083
1299 2046
1300 2134
1310 2114
1314 2131
1326 2168
1327 2147
1328 2215
1330 2221
1336 2197
1351 2235
1359 2169
1360 2157
1365 2277
1366 2236
1371 2247
1373 2226
1375 2219
1378 2289
1386 2248
1390 2275
1397 2257
1403 2265
1407 2318
1410 2360
1411 2373
1416 2268
1438 2342
1446 2397
1453 2423
1454 2433
1458 2410
1461 2422
1465 2457
1471 2396
1482 2478
1488 2469
1490 2480
1494 2390
1504 2518
1515 2498
1518 2561
1522 2501
1526 2521
1529 2510
1531 2515
1534 2566
1557 2589
1559 2603
1566 2570
1567 2564
1578 2600
1582 2612
1591 2618
1595 2672
1608 2604
1609 2630
1629 2692
1645 2734
1647 2765
1653 2702
1684 2782
1685 2729
