f_0082928.png f_0082942.png
5 149
6 152
15 145
19 175
20 190
21 171
23 180
24 177
25 224
27 114
32 265
37 140
38 187
40 257
46 203
65 241
71 195
83 236
84 274
93 223
99 264
103 260
104 237
114 231
120 235
126 305
127 306
129 205
146 286
148 293
151 250
153 229
167 352
171 246
177 347
178 346
181 324
184 312
192 292
193 303
201 390
231 310
237 384
238 351
240 261
257 308
258 442
261 350
262 360
263 375
264 432
267 329
268 356
271 357
275 431
279 389
285 476
288 326
293 411
297 340
303 499
308 481
319 344
321 383
324 387
325 388
326 436
327 426
328 507
330 363
333 410
343 496
344 446
362 414
363 479
369 435
373 447
377 378
378 457
380 557
386 430
389 423
396 475
400 466
401 510
404 524
406 497
408 474
411 523
412 454
420 342
426 537
429 578
431 542
440 556
447 509
451 564
460 555
462 570
466 563
473 545
476 565
482 574
492 644
495 478
496 533
498 611
501 587
507 593
509 629
514 624
520 608
529 607
530 619
534 580
542 548
546 538
549 631
554 669
555 637
557 649
558 477
559 604
560 643
561 670
565 603
572 626
575 685
576 673
578 678
581 656
588 665
591 692
592 724
593 577
597 705
601 668
604 683
608 689
609 618
621 754
630 682
632 640
634 680
635 706
638 745
641 735
643 725
648 722
649 704
661 753
664 703
674 720
677 752
679 653
681 721
688 679
694 778
695 786
702 747
704 769
709 728
710 738
712 772
713 761
714 777
715 751
716 782
717 795
722 675
726 790
729 794
738 810
739 828
744 713
748 767
751 797
755 771
758 784
764 787
765 868
766 726
770 880
774 801
776 840
780 852
782 839
785 733
789 776
791 848
792 872
793 802
795 842
796 834
798 866
799 775
800 815
801 865
802 809
805 838
808 905
809 799
815 805
816 830
826 841
828 887
833 919
835 858
840 914
844 870
846 906
847 955
848 890
849 899
850 910
852 940
854 888
857 946
860 886
864 891
865 939
866 927
867 925
871 909
873 883
876 959
878 954
879 853
882 913
885 885
890 950
891 991
897 964
898 957
899 990
901 874
902 944
904 968
906 960
910 884
912 933
913 979
920 995
923 996
927 1011
934 855
936 989
938 911
942 965
943 966
945 1016
946 1036
948 1030
951 1001
952 974
953 1003
956 1054
960 1060
969 994
971 1044
978 1034
980 1053
985 1023
986 1000
987 1009
991 1041
992 1031
996 1014
998 1008
1001 1028
1003 1063
1007 1092
1010 988
1013 1093
1016 1027
1028 1049
1030 1058
1033 1033
1037 1109
1040 1077
1041 1103
1043 961
1044 1013
1045 1056
1046 1048
1047 1111
1050 977
1052 1020
1055 1005
1056 1006
1058 1087
1059 1136
1060 1040
1063 1098
1064 1131
1065 1086
1066 1151
1072 1115
1074 1150
1075 1153
1076 1196
1086 1114
1087 1104
1088 1118
1089 1140
1090 1156
1094 1125
1101 1076
1102 1068
1103 1097
1107 1089
1109 1195
1113 1144
1121 1123
1126 1138
1128 1172
1130 1193
1132 1069
1138 1194
1145 1132
1146 1229
1149 1179
1150 1155
1158 1117
1161 1182
1171 1149
1173 1214
1180 1073
1185 1202
1189 1164
1190 1165
1191 1166
1192 1192
1193 1245
1203 1120
1208 1189
1210 1079
1211 1163
1212 1216
1222 1191
1223 1212
1225 1235
1226 1177
1243 1152
1244 1170
1247 1253
1248 1258
1249 1186
1250 1199
1254 1275
1258 1162
1259 1238
1265 1284
1271 1270
1272 1225
1275 1316
1278 1279
1283 1201
1286 1233
1292 1259
1299 1249
1310 1347
1314 1315
1317 1231
1328 1218
1339 1384
1341 1255
1346 1350
1352 1311
1360 1328
1365 1353
1366 1349
1370 1293
1373 1356
1374 1319
1379 1411
1381 1372
1382 1348
1383 1374
1386 1412
1388 1302
1392 1310
1395 1375
1396 1280
1397 1317
1400 1373
1407 1281
1408 1332
1414 1339
1419 1314
1421 1393
1428 1399
1438 1371
1441 1342
1442 1322
1443 1402
1446 1405
1448 1355
1449 1367
1453 1354
1457 1395
1463 1438
1477 1381
1479 1389
1484 1422
1497 1414
1500 1441
1505 1467
1506 1410
1512 1472
1515 1407
1517 1428
1520 1416
1521 1431
1522 1481
1523 1460
1524 1480
1527 1439
1551 1499
1552 1508
1559 1471
1564 1447
1571 1465
1576 1511
1588 1461
1594 1550
1600 1479
1601 1525
1604 1497
1606 1492
1612 1549
1620 1533
1628 1521
1630 1516
1634 1545
1643 1510
1655 1540
1664 1522
1669 1532
1672 1582
1676 1515
1686 1570
1687 1569
1688 1603
1692 1597
1693 1584
1695 1571
1700 1600
1706 1614
1718 1537
1722 1587
1723 1588
1727 1621
1732 1591
1736 1616
1747 1599
1752 1579
1763 1619
1771 1652
1774 1615
1775 1638
1777 1618
1783 1698
1786 1577
1788 1617
1789 1623
1809 1651
1813 1676
1816 1607
1823 1654
1825 1722
1831 1596
1835 1687
1838 1692
1839 1720
1846 1674
1847 1761
1855 1662
1857 1704
1858 1624
1863 1656
1865 1694
1868 1707
1880 1776
1883 1811
1884 1633
1891 1719
1892 1763
1893 1759
1896 1754
1909 1714
1912 1773
1914 1738
1917 1724
1919 1829
1922 1725
1923 1683
1931 1758
1932 1682
1940 1801
1942 1764
1946 1751
1949 1779
1950 1817
1952 1950
1959 1888
1964 1769
1974 1806
1976 1848
1979 1836
1981 1819
1985 1854
1999 1917
2004 1792
2005 1847
2009 1839
2017 1835
2021 1886
2023 1878
2029 1879
2038 1877
2040 1910
2047 1970
2050 1921
2052 1955
2056 1890
2059 1924
2060 1870
2062 1903
2065 1906
2069 1858
2070 1885
2073 1952
2074 1965
2086 1930
2087 1964
2097 1949
2104 1927
2105 1960
2112 1980
2131 1902
2138 1951
2153 2023
2155 1937
2157 1972
2163 1943
2166 1999
2171 2146
2174 2036
2182 2034
2190 2055
2195 2098
2197 2032
2200 2049
2205 2074
2221 2048
2236 2129
2239 2095
2247 2094
2251 2020
2261 2060
2265 2101
2268 2103
2270 2164
2280 2145
2319 2124
2325 2167
2333 2230
2339 2166
2351 2261
2360 2205
2372 2269
2381 2210
2383 2226
2385 2156
2389 2314
2390 2170
2403 2241
2405 2254
2408 2235
2414 2240
2422 2308
2424 2223
2426 2295
2430 2307
2433 2245
2434 2274
2442 2303
2449 2293
2452 2289
2457 2221
