f_0082946.png f_0082724.png
68 310
71 330
167 680
197 682
340 40
381 482
453 29
555 24
619 6
635 95
670 378
682 228
685 659
693 23
712 460
734 414
748 56
768 118
809 148
812 426
883 511
893 421
894 217
923 305
946 489
958 309
967 406
975 524
993 345
1006 404
1021 643
1022 430
1051 670
1052 647
1059 401
1074 214
1078 977
1082 1257
1094 735
1095 428
1131 504
1141 478
1167 458
1174 606
1209 564
1223 590
1230 1178
1232 698
1251 871
1253 334
1271 544
1273 284
1285 253
1286 558
1307 274
1333 380
1357 1293
1362 784
1371 454
1409 751
1415 830
1417 455
1443 770
1451 840
1462 539
1508 1141
1518 859
1526 609
1535 949
1537 683
1546 507
1557 733
1560 1214
1569 924
1573 797
1583 1230
1612 981
1620 860
1640 1249
1641 883
1647 902
1656 785
1658 1405
1660 916
1675 930
1697 1029
1710 705
1722 884
1735 610
1743 1143
1746 927
1756 991
1775 998
1778 1020
1799 1567
1802 1035
1811 967
1821 1086
1848 738
1905 918
1929 1219
1982 1019
1993 870
2000 1290
2041 1321
2079 1189
2111 901
2117 1533
2127 1733
2128 1451
2148 1365
2149 1205
2152 1316
2156 1553
2169 1231
2205 1232
2253 1262
2266 1670
2273 1324
2285 1091
2304 1003
