f_0082558.png f_0082976.png
50 186
92 294
125 1530
190 170
304 1373
311 1407
324 1415
333 421
364 1242
394 859
467 1532
482 954
500 1435
553 1728
563 1744
567 1050
578 1605
620 515
669 1496
677 1288
747 190
757 632
794 1442
861 1579
862 1030
911 1613
986 1778
1016 978
1027 1687
1037 1401
1045 705
1078 1015
1151 700
1166 1274
1203 174
1207 97
1225 1265
1259 321
1268 719
1287 1665
1333 275
1341 1405
1366 1604
1414 1138
1517 484
1566 1184
1573 1282
1636 801
1660 1773
1673 444
1718 583
1723 1663
1747 316
1839 1188
1841 969
1842 1179
1898 418
1912 226
1937 1454
1967 1228
1988 305
1990 235
2009 293
2012 1430
2016 1235
2056 274
2091 1743
2123 141
2154 25
2190 457
2245 1165
2376 1491
2391 129
2393 79
2460 745
2465 328
2548 854
2574 1543
2720 460
2722 1233
2796 1581
2817 1229
2825 1729
2895 1476
2907 541
2917 1281
2971 1650
