f_0082928.png f_0082918.png
3 949
23 2119
24 2244
27 2277
37 102
38 2099
44 1446
45 2128
46 110
53 1837
61 1639
63 1475
66 882
70 2414
73 399
74 814
75 262
76 2845
77 2192
78 982
83 184
91 1478
99 2353
102 597
105 2541
109 2360
113 2455
114 31
118 1612
120 92
129 673
135 679
144 1990
147 1031
148 903
150 1388
151 2517
152 7
153 1052
155 1745
156 1453
158 2459
166 1426
170 2551
174 2437
176 1818
178 1483
180 1849
182 2078
183 942
184 905
186 1709
188 2383
190 27
193 338
195 2616
198 1729
199 421
200 968
201 44
204 995
205 2749
206 520
210 2429
211 263
213 314
214 1292
215 2901
216 2369
219 1248
226 2499
227 962
229 1020
231 2565
241 243
244 1217
249 572
250 2746
254 247
259 2458
260 366
261 2569
262 73
263 595
266 2256
267 1360
274 218
277 777
279 60
281 2161
288 1529
289 2811
295 48
296 380
297 1048
300 2524
303 1379
304 267
305 2412
307 1364
312 2109
313 2757
321 172
322 1507
324 2066
325 413
326 32
327 2709
330 81
335 2415
336 451
340 1788
341 98
349 517
351 751
356 2863
359 1356
360 1240
361 1332
362 565
367 185
368 1086
371 1103
376 988
377 277
378 272
379 540
380 2882
381 1587
382 2207
384 1544
386 269
387 53
388 600
389 2683
390 1352
392 2742
394 170
395 1792
400 2254
403 1284
405 1214
407 2069
408 1986
409 12
410 147
411 581
412 1470
415 70
416 1952
418 2754
423 315
424 363
426 127
430 1242
435 2351
440 295
453 2475
454 470
457 2871
459 1678
462 1124
463 1137
464 2546
466 265
468 1631
471 878
481 1636
483 2960
484 1498
492 1046
493 2295
496 817
497 895
498 2234
499 927
501 2379
502 809
504 1595
507 22
508 2147
510 288
516 919
517 1228
519 969
520 1932
524 1685
531 342
534 283
542 874
543 2380
548 113
549 1664
551 1597
553 237
554 1951
555 2589
557 2007
558 1159
562 617
563 523
564 2774
565 692
566 51
569 886
571 2688
575 2651
579 936
581 2275
582 2711
584 509
585 71
587 1291
590 2808
592 128
594 1497
597 2230
599 1167
600 1748
601 1743
603 834
605 358
611 1273
614 1573
616 584
621 270
624 2476
627 2290
628 383
630 87
636 1545
637 2627
638 2112
649 123
650 2471
652 2617
658 36
659 308
662 455
663 588
665 1618
666 604
671 550
672 2195
677 1338
678 752
681 1080
682 2693
688 2304
690 907
693 316
695 1536
697 954
702 109
704 356
705 124
706 1420
709 1221
713 2064
716 2624
717 104
720 1649
725 1958
727 2594
728 1244
729 33
736 1265
738 2470
742 57
751 1210
752 2522
754 1143
755 699
756 2619
757 2612
760 850
763 1118
764 1145
768 791
770 2211
772 1370
774 744
776 2805
779 1888
780 1625
783 2846
786 2593
787 1455
793 2658
794 918
795 164
796 1437
798 568
801 2635
802 1825
803 2983
804 1740
807 329
810 2089
812 2931
816 219
817 72
819 1522
822 2451
823 195
824 201
825 2564
828 2899
832 1850
835 2245
838 1050
839 1778
840 910
842 1635
844 1383
845 2922
849 1593
850 958
851 1979
853 970
854 285
855 1306
857 1127
865 347
866 657
867 2675
869 2530
870 906
872 1008
873 926
876 1037
879 1465
880 2518
885 1885
887 2854
889 1673
890 255
892 1839
893 838
899 920
901 461
903 1906
905 1017
908 1912
910 980
911 2080
912 1380
913 706
917 2193
920 1458
921 965
923 685
926 385
927 1207
931 357
935 344
936 795
939 1869
940 1665
944 533
948 2370
952 1038
953 1196
955 2058
956 2548
964 772
965 2874
970 2581
971 2780
972 2324
975 771
985 1907
989 68
993 1670
996 1395
997 653
998 935
1000 1917
1001 381
1009 2712
1010 1297
1014 1661
1017 1028
1021 820
1023 1883
1026 959
1028 776
1030 715
1034 1387
1039 266
1040 1200
1042 2019
1044 1422
1047 464
1050 1309
1055 1696
1056 2199
1057 2626
1058 414
1060 2430
1062 487
1068 69
1071 1319
1072 25
1075 729
1076 273
1078 45
1081 423
1084 2487
1085 432
1086 230
1087 1840
1090 305
1091 2055
1092 941
1095 2457
1096 1525
1099 2972
1102 1692
1103 2629
1106 553
1119 497
1120 2259
1125 1294
1126 454
1131 210
1135 1051
1138 1534
1139 1089
1141 1496
1147 1023
1149 2477
1150 94
1151 1078
1152 1806
1154 463
1155 1179
1158 705
1162 2807
1163 1905
1165 2927
1166 2552
1170 1617
1172 1931
1173 1474
1175 431
1176 2998
1179 2725
1181 1956
1185 1295
1186 2364
1188 797
1190 386
1197 1327
1198 2153
1206 1646
1208 2843
1210 786
1212 2271
1213 760
1214 1772
1215 2980
1216 146
1219 2640
1220 1916
1222 2916
1225 1710
1228 2160
1232 2354
1238 2266
1240 2531
1249 1010
1259 1227
1260 1194
1265 2520
1269 3
1273 2463
1275 709
1283 1654
1284 1005
1285 2392
1286 1644
1292 1789
1296 2306
1307 1583
1310 2305
1311 2342
1312 2785
1317 1326
1319 1230
1324 1002
1332 239
1335 2154
1339 1493
1340 718
1342 2935
1346 2011
1350 298
1352 867
1356 2093
1366 2
1368 1340
1373 2006
1376 125
1377 1603
1381 984
1383 132
1388 18
1389 424
1390 2350
1391 1181
1397 1786
1402 787
1405 1480
1407 976
1410 376
1414 1128
1415 1007
1417 1334
1421 1854
1423 999
1424 1860
1425 1671
1426 2025
1430 2993
1433 1239
1440 209
1442 2167
1446 1552
1447 450
1454 2194
1457 2435
1459 2932
1463 187
1467 598
1468 2087
1469 1691
1473 1389
1475 2820
1478 937
1482 1768
1487 1599
1492 1868
1494 1156
1497 2327
1499 843
1508 825
1510 2860
1515 2687
1516 1317
1519 2578
1527 1899
1534 1152
1537 1285
1540 387
1551 1775
1553 542
1554 516
1555 1062
1561 2443
1564 2257
1565 1463
1566 311
1568 2657
1570 2083
1575 1141
1581 2108
1598 1033
1601 746
1603 2323
1606 960
1608 2495
1620 1429
1623 1865
1626 2761
1628 2498
1629 2894
1638 2942
1643 1365
1649 2482
1650 2021
1661 630
1663 2012
1668 1791
1670 2001
1672 2095
1673 1047
1680 1262
1683 151
1684 2857
1688 2813
1693 1742
1694 2394
1696 1672
1697 812
1702 736
1707 409
1708 687
1709 2708
1716 171
1731 2270
1734 41
1743 1055
1747 1675
1753 397
1765 445
1770 1469
1777 865
1780 1094
1781 1620
1784 1857
1788 475
1789 350
1792 446
1798 1623
1806 755
1808 1120
1809 603
1814 2009
1815 534
1818 1251
1819 1777
1827 1615
1828 1592
1833 1543
1837 541
1838 1750
1839 2558
1844 1781
1850 225
1852 2232
1853 28
1862 1787
1865 49
1881 993
1883 2686
1887 628
1888 2605
1908 2400
1915 155
1919 2191
1921 1515
1933 652
1934 519
1940 1115
1943 1715
1944 1162
1951 1211
1953 1645
1956 1738
1958 789
1959 2146
1961 719
1965 43
1975 1677
1997 369
2003 2735
2005 1102
2009 2588
2019 2060
2024 1063
2040 1404
2045 2075
2061 29
2063 1343
2067 2776
2074 2909
2075 2039
2084 499
2087 2320
2112 1761
2116 2873
2117 2544
2152 216
2193 2731
2194 2782
2195 2404
2230 1213
2237 2283
2241 134
2259 845
2269 1940
2270 1489
2285 1393
2293 1378
2314 2450
2324 1016
2340 2076
2348 819
2350 2844
2351 537
2361 2005
2373 2864
2388 1747
2421 1054
2435 1794
2450 2465
2452 1817
2454 2582
2464 2203
