f_0082946.png f_0082942.png
20 2
24 3
27 4
28 12
29 6
37 29
39 28
40 8
41 23
43 32
46 25
47 24
62 33
65 51
72 50
83 57
88 34
97 63
101 69
105 47
108 66
109 61
111 79
116 98
117 64
121 88
123 96
133 101
134 100
144 92
146 89
147 93
150 105
152 107
154 128
161 133
162 137
163 142
164 109
166 97
170 149
174 168
178 170
186 143
187 180
192 187
193 184
194 162
199 190
204 197
214 212
221 200
223 195
224 203
231 204
232 202
244 224
245 179
248 235
253 251
254 230
257 225
260 240
261 221
262 246
263 237
269 257
270 288
272 260
280 279
283 264
284 268
286 305
288 277
292 243
304 269
305 291
309 280
310 258
313 314
317 312
319 316
320 317
324 289
325 313
326 281
329 318
330 304
335 330
336 271
339 321
340 336
341 348
344 347
346 337
347 344
349 355
350 335
353 370
354 341
359 350
361 340
363 368
365 393
367 374
368 376
369 371
370 363
375 360
377 352
380 309
382 369
384 356
385 407
386 378
390 391
392 389
398 359
399 402
402 366
409 375
412 392
413 411
415 422
416 424
418 420
419 384
420 387
422 444
423 412
424 428
428 436
429 398
432 425
437 441
449 452
451 467
452 468
455 463
456 445
459 499
461 454
466 465
468 485
469 503
471 520
473 494
475 506
476 451
479 492
481 480
483 487
485 496
486 504
487 481
489 548
492 476
495 534
496 540
500 533
504 510
509 525
511 519
513 560
522 567
530 559
532 524
533 569
536 556
537 570
541 580
542 552
552 579
556 582
557 584
560 593
561 574
562 564
570 563
579 604
585 633
588 605
591 608
592 589
598 615
601 616
602 607
603 628
611 624
616 634
617 631
621 650
624 649
628 654
633 656
637 642
642 659
646 676
655 681
657 683
658 667
659 673
664 678
671 689
677 687
682 686
687 695
690 723
693 669
694 700
696 703
701 708
702 704
705 729
718 720
719 692
722 741
727 739
729 727
730 730
732 738
734 728
736 722
740 760
745 746
752 747
756 744
760 768
761 762
765 767
766 724
769 753
775 778
778 769
779 751
781 771
782 788
784 787
788 792
789 777
793 804
799 794
801 801
809 807
812 818
813 819
814 809
818 815
821 829
822 808
824 825
832 830
836 839
839 843
841 822
847 841
848 832
853 834
854 857
859 849
866 858
871 871
872 875
874 870
875 864
879 859
882 895
884 884
887 891
888 892
890 872
894 889
895 903
898 923
910 913
911 896
918 904
923 909
924 910
925 879
926 931
928 925
931 927
937 942
938 938
939 952
946 944
952 962
956 986
957 967
960 985
963 968
964 964
965 977
967 974
970 972
972 1004
974 1005
982 1014
985 995
986 996
988 994
992 1006
993 1019
996 1009
997 1012
999 1038
1004 1021
1010 1028
1012 1030
1014 1034
1015 1036
1017 1031
1023 1049
1028 1050
1035 1054
1038 1059
1042 1058
1046 1077
1048 1078
1052 1075
1054 1074
1058 1086
1061 1102
1067 1093
1076 1098
1079 1114
1084 1123
1092 1134
1095 1130
1096 1140
1100 1141
1107 1143
1108 1138
1109 1144
1116 1139
1118 1136
1120 1153
1130 1171
1133 1170
1138 1155
1145 1183
1150 1199
1151 1164
1154 1182
1156 1176
1161 1186
1164 1191
1165 1202
1166 1193
1168 1196
1173 1209
1175 1178
1177 1188
1178 1192
1179 1204
1185 1206
1186 1208
1192 1230
1194 1210
1197 1216
1210 1235
1213 1255
1215 1238
1216 1239
1221 1233
1227 1245
1229 1229
1236 1250
1241 1281
1245 1298
1252 1258
1257 1277
1263 1293
1266 1306
1267 1296
1280 1274
1285 1287
1286 1315
1295 1332
1297 1334
1299 1355
1301 1362
1306 1343
1307 1336
1314 1340
1318 1353
1335 1406
1337 1377
1341 1370
1347 1378
1355 1409
1358 1410
1359 1394
1360 1356
1362 1401
1369 1408
1378 1383
1404 1440
1413 1437
1423 1438
1429 1423
1439 1445
1441 1425
1444 1463
1446 1452
1454 1464
1456 1466
1458 1460
1468 1479
1473 1485
1476 1504
1487 1496
1488 1484
1492 1494
1493 1471
1494 1482
1497 1497
1499 1505
1500 1506
1504 1498
1509 1521
1525 1523
1528 1529
1529 1511
1535 1527
1539 1559
1552 1546
1553 1543
1554 1533
1560 1548
1562 1531
1570 1563
1572 1551
1573 1545
1577 1569
1578 1542
1579 1544
1581 1574
1582 1577
1584 1567
1585 1557
1592 1575
1596 1601
1597 1585
1598 1581
1602 1595
1603 1578
1608 1604
1612 1570
1613 1588
1620 1597
1623 1599
1631 1610
1638 1611
1641 1621
1644 1626
1647 1620
1650 1616
1652 1639
1654 1648
1655 1619
1667 1662
1668 1643
1673 1627
1677 1635
1680 1657
1681 1636
1682 1640
1693 1675
1697 1667
1699 1664
1701 1658
1711 1694
1712 1702
1718 1714
1720 1707
1721 1719
1725 1659
1732 1710
1736 1745
1744 1729
1749 1727
1751 1734
1757 1757
1760 1750
1768 1771
1772 1720
1773 1779
1774 1746
1783 1780
1784 1763
1791 1793
1792 1785
1795 1794
1796 1799
1797 1781
1801 1797
1806 1801
1814 1834
1816 1768
1819 1847
1820 1854
1827 1844
1831 1868
1832 1872
1833 1864
1835 1875
1837 1877
1845 1871
1846 1838
1849 1829
1854 1840
1856 1831
1860 1776
1864 1891
1874 1863
1875 1883
1877 1795
1879 1908
1885 1896
1886 1882
1888 1904
1889 1923
1899 1927
1903 1888
1912 1959
1919 1971
1922 1933
1924 1957
1927 1982
1936 2004
1938 1953
1940 1972
1942 1950
1943 1967
1958 1962
1961 2010
1962 1964
1963 1986
1964 1984
1968 1992
1972 2035
1977 1980
1979 2001
1980 2032
1983 2063
1984 2053
1985 2072
1988 1966
1993 1970
1994 2062
1997 2013
1999 2055
2000 2033
2001 1993
2014 2130
2016 2099
2017 2074
2020 2045
2021 2095
2030 2102
2033 2108
2039 2104
2041 2083
2046 2161
2047 2127
2050 2144
2052 2066
2056 2091
2065 2159
2076 2213
2088 2164
2093 2215
2097 2143
2099 2222
2101 2252
2108 2246
2118 2228
2123 2165
2144 2275
2145 2303
2157 2295
2158 2261
2164 2232
2168 2257
2174 2308
2177 2287
2179 2248
2205 2288
2256 2199
