f_0082924.png f_0082958.png
1 134
2 74
8 270
9 307
20 235
35 114
40 258
49 99
64 82
83 160
89 4
93 51
115 25
159 232
164 223
167 90
168 106
180 16
227 41
250 87
251 40
264 77
274 158
282 361
303 487
311 54
312 246
331 156
336 229
337 343
348 319
353 299
354 336
368 194
369 314
374 132
375 366
376 401
377 469
382 589
384 188
386 484
390 152
394 340
398 556
399 244
407 507
429 193
431 571
446 312
452 614
460 216
465 510
469 204
475 435
480 580
482 335
494 496
498 434
502 672
515 442
525 321
532 709
538 603
541 192
547 399
548 727
550 201
553 565
558 454
562 715
565 743
567 433
569 481
570 671
583 746
587 339
588 423
589 779
594 444
596 785
598 385
600 626
608 651
609 689
616 622
619 647
621 798
625 384
626 784
637 308
639 569
644 568
649 432
650 522
651 644
657 657
658 901
660 524
663 841
674 879
675 919
678 906
697 562
699 942
700 539
701 822
706 759
710 545
711 732
712 946
721 905
722 927
726 979
737 530
741 909
744 964
749 674
750 681
760 678
762 991
764 717
766 908
767 935
769 677
770 722
771 795
772 880
776 572
779 835
781 855
786 751
787 984
788 989
792 953
793 985
797 625
800 778
807 807
808 825
816 499
819 638
824 595
825 502
830 853
833 952
834 968
843 889
856 904
862 980
864 1053
868 590
870 885
871 922
876 1106
881 1087
884 1090
890 937
897 951
898 1181
902 932
907 967
911 615
915 1112
916 911
917 993
922 1157
925 665
927 973
931 838
938 1069
949 1039
950 803
951 940
953 1123
954 1230
956 1197
957 1270
962 1056
965 748
974 1196
977 1010
978 1037
983 1122
986 1038
990 1099
991 1136
997 1137
998 1153
1001 805
1002 1071
1008 1108
1014 1231
1020 819
1022 884
1024 1050
1029 1046
1033 1119
1034 1269
1042 1263
1047 1249
1055 1271
1060 1303
1069 1224
1072 949
1074 1149
1078 1118
1082 1316
1095 1180
1101 1062
1103 1144
1105 910
1107 983
1108 1314
1109 1081
1111 1223
1112 1243
1115 1302
1116 1373
1124 1391
1126 943
1127 957
1128 982
1129 1005
1130 1061
1137 1242
1139 971
1140 1105
1146 1080
1149 1202
1153 970
1154 1188
1155 1262
1159 1033
1161 1372
1166 1200
1168 1004
1169 1051
1174 1026
1177 1407
1182 1213
1187 1431
1189 1160
1191 1252
1199 1117
1200 1319
1204 1092
1206 1282
1215 1079
1223 1350
1233 1365
1241 1023
1242 1218
1248 1479
1252 1148
1261 1003
1263 1371
1266 1299
1274 1114
1278 1169
1285 1185
1287 1274
1292 1419
1301 1474
1304 1096
1305 1184
1315 1198
1316 1518
1319 1438
1323 1201
1324 1193
1325 1245
1329 1485
1334 1550
1336 1308
1339 1496
1340 1506
1346 1467
1347 1155
1348 1159
1355 1414
1359 1298
1360 1507
1366 1088
1368 1376
1376 1207
1380 1549
1382 1328
1384 1517
1385 1521
1387 1226
1390 1192
1391 1210
1397 1463
1401 1493
1408 1273
1409 1294
1419 1333
1421 1541
1424 1510
1429 1450
1436 1444
1443 1296
1445 1462
1447 1145
1449 1466
1450 1530
1454 1487
1458 1322
1460 1459
1473 1542
1475 1544
1479 1475
1481 1627
1489 1258
1494 1759
1496 1428
1499 1557
1511 1669
1517 1460
1523 1411
1524 1458
1525 1576
1528 1635
1531 1481
1540 1525
1543 1742
1547 1471
1562 1709
1566 1381
1578 1615
1593 1624
1600 1508
1603 1764
1613 1551
1625 1647
1628 1512
1636 1386
1646 1733
1653 1817
1656 1338
1658 1687
1666 1520
1672 1746
1673 1833
1676 1526
1677 1523
1678 1698
1679 1714
1685 1703
1689 1622
1692 1897
1703 1724
1704 1721
1708 1583
1713 1731
1719 1697
1746 1553
1752 1771
1758 1596
1766 1601
1768 1866
1773 1777
1775 1641
1777 1786
1798 1757
1808 1811
1809 1807
1811 2042
1819 1735
1821 1593
1830 1616
1846 2050
1850 1719
1852 1945
1900 1998
1917 1987
1923 1736
1924 1913
1938 1996
1945 1769
1966 1756
1968 2038
2021 1705
2029 1979
2041 1850
2105 1936
2112 1939
2270 1989
2293 2027
