f_0082928.png f_0082670.png
5 149
6 85
7 49
23 198
38 94
44 244
45 89
47 14
50 498
65 35
71 156
76 390
77 286
78 259
86 132
91 309
102 370
103 123
107 358
108 147
111 41
118 401
134 352
135 278
143 324
144 302
148 55
149 559
152 150
153 348
156 623
160 96
162 425
170 345
171 339
175 72
181 24
182 269
198 408
205 596
219 293
224 260
230 434
235 555
237 70
240 597
241 211
244 346
248 679
249 632
252 391
253 418
261 214
266 340
268 231
288 405
298 8
299 9
310 577
323 266
329 28
337 578
343 195
349 327
352 566
353 532
363 246
371 543
376 487
377 397
393 688
394 614
406 201
416 385
420 719
427 714
468 251
470 790
471 534
484 598
485 602
487 270
498 281
500 568
502 630
513 535
522 657
533 633
542 550
543 781
556 743
558 775
567 242
571 620
579 551
596 380
600 674
606 648
607 606
612 386
627 715
632 599
679 780
716 475
733 843
734 816
766 954
767 668
776 503
781 435
796 490
798 514
808 495
812 892
820 854
829 564
837 786
869 833
873 783
879 984
892 968
895 891
905 635
908 590
929 963
930 839
934 1131
957 1146
966 919
996 823
1015 957
1036 806
1038 910
1039 822
1042 1185
1051 964
1056 875
1061 958
1062 928
1070 959
1072 745
1087 760
1091 762
1092 1116
1099 993
1100 849
1106 1221
1107 860
1114 799
1126 797
1135 879
1139 1016
1140 950
1145 844
1151 798
1159 924
1160 893
1165 795
1170 951
1177 931
1179 1235
1185 830
1187 1013
1188 945
1189 939
1190 888
1191 903
1193 825
1199 756
1203 1195
1211 906
1215 1040
1216 966
1223 871
1226 981
1241 1202
1242 856
1243 1094
1249 997
1262 1045
1263 1010
1276 1210
1279 801
1285 1059
1293 847
1305 1046
1317 1005
1319 935
1321 1137
1324 1081
1342 1073
1344 969
1349 1095
1351 1165
1352 971
1354 850
1365 929
1370 1053
1382 1002
1389 1012
1399 1227
1407 1292
1408 1158
1409 998
1410 972
1425 1096
1431 990
1433 1019
1435 991
1443 1024
1458 1025
1462 1373
1463 1033
1475 1192
1487 1074
1494 1331
1510 1211
1517 1147
1526 1409
1536 1164
1538 1098
1541 1110
1555 1130
1558 1431
1565 1457
1574 1251
1578 1194
1581 1149
1585 1169
1592 1256
1611 1218
1619 1246
1622 1249
1629 1307
1644 1265
1649 1293
1650 1213
1663 1344
1675 1273
1676 1627
1687 1296
1688 1238
1692 1248
1695 1301
1726 1283
1751 1308
1761 1648
1766 1383
1787 1355
1789 1360
1791 1240
1795 1370
1803 1577
1807 1697
1816 1692
1854 1414
1862 1658
1878 1445
1888 1581
1897 1429
1962 1718
1966 1675
1967 1830
1976 1629
1992 1605
2004 1884
2021 1659
2029 1766
2031 1682
2037 1752
2061 1726
2084 1844
2166 1780
2167 1647
2190 1856
2208 1734
2217 1745
2233 1779
2237 1709
2254 1803
2330 1918
2394 1847
2398 1846
