f_0082864.png f_0082918.png
2 23
3 129
8 1242
12 13
14 1910
19 260
21 2471
43 383
44 2807
46 2893
47 2578
51 1342
63 128
66 40
67 1388
68 1410
89 2776
96 592
100 2293
105 2609
108 136
113 105
115 1281
117 1821
124 1089
125 1668
138 1374
143 125
144 161
150 1636
164 34
189 2161
191 237
192 27
201 1438
209 1615
213 657
216 1816
217 776
226 1774
227 1664
229 2686
234 1631
254 84
258 297
259 2271
269 908
274 455
280 1340
285 2260
288 1152
301 2985
304 2845
319 344
321 693
323 1822
327 1206
331 1319
334 445
337 1675
341 2643
347 2478
352 715
359 1254
361 236
362 1691
368 64
373 2373
374 158
383 1881
406 2624
409 219
421 76
423 2937
442 591
448 2762
451 1128
454 876
459 2744
461 1979
467 146
490 2336
492 352
494 542
508 2823
511 274
516 1251
519 2043
524 2430
530 1292
539 2136
541 91
542 223
544 890
548 49
551 754
556 746
561 1241
568 155
569 1010
570 971
574 1956
579 807
592 1248
599 1252
632 433
633 127
645 2233
646 2318
648 2062
650 154
655 26
665 744
667 1772
669 1247
676 1775
679 832
680 157
687 885
688 1305
697 663
703 2230
711 134
724 647
726 2441
734 630
744 2259
746 1132
754 1852
765 317
766 1716
771 1658
773 2808
777 894
791 304
802 1186
803 2175
813 1086
823 1333
830 1623
833 2112
843 942
854 2081
857 2929
861 2904
868 1647
888 1569
897 2514
898 1924
900 202
903 2055
905 1464
907 1184
912 1368
928 2825
935 420
939 540
961 2538
966 253
967 2216
970 2580
972 2879
974 2780
984 477
988 1764
989 1482
993 2034
996 1381
1006 1053
1016 991
1029 792
1031 81
1042 781
1071 1823
1074 2017
1077 2518
1089 1466
1090 2799
1095 2101
1096 924
1100 1582
1107 2505
1108 2612
1116 2048
1122 254
1127 430
1135 831
1137 1568
1153 1585
1164 2205
1166 2262
1180 1486
1184 2123
1190 2961
1203 1762
1207 1400
1208 1846
1213 453
1217 1804
1218 852
1221 873
1232 603
1233 2675
1234 2113
1236 103
1237 973
1238 582
1257 272
1266 1635
1268 953
1283 849
1287 1986
1300 47
1301 385
1320 2914
1330 1844
1332 2155
1340 1734
1361 2899
1362 198
1368 912
1370 220
1371 2865
1372 704
1376 1770
1398 164
1406 2375
1410 181
1426 623
1428 1055
1431 928
1432 1290
1433 2093
1439 246
1445 745
1455 360
1477 667
1480 848
1482 1490
1495 474
1503 2746
1515 1512
1544 856
1550 2891
1552 2533
1555 668
1556 2398
1562 1386
1567 2419
1574 2810
1579 631
1596 1912
1610 2054
1611 640
1617 692
1620 195
1638 888
1641 376
1646 1832
1676 168
1693 1439
1702 1329
1706 1985
1709 2637
1727 533
1732 938
1741 557
1742 156
1751 526
1755 1492
1759 431
1762 932
1767 2915
1775 221
1790 2964
1791 1680
1792 1284
1795 2736
1799 2665
1812 1457
1816 2163
1819 1933
1843 1673
1854 2309
1861 2347
1863 878
1864 2619
1879 2589
1916 765
1930 1041
1946 1157
1950 1576
1958 45
1969 2253
1973 2939
1981 2607
1982 30
1985 842
1986 541
1988 1773
1991 1072
2008 1266
2010 2152
2030 2025
2033 2410
2048 1751
2049 2539
2051 1502
2066 833
2084 1228
2091 2360
2099 2184
2101 116
2128 1395
2135 2206
2149 1868
2156 1108
2161 1638
2186 1579
2188 1362
2190 1063
2199 972
2202 2615
2209 1586
2219 1545
2222 2135
2226 2108
2227 2602
2233 229
2244 844
2254 1574
2286 405
2295 2186
2301 979
2314 1118
2316 1056
2324 677
2328 2188
2330 2688
2345 797
2363 1726
2386 342
2396 1029
2403 1976
2405 2039
2410 2225
2417 2468
2423 1456
2425 572
2432 635
2443 2958
2454 355
2467 699
2468 819
2472 1179
2473 2313
2484 2707
2492 67
2498 1268
2505 461
2514 366
2515 2474
2516 1858
2526 525
2532 2994
2537 1444
2545 1837
2563 1534
2566 1238
2581 1788
2586 1
2596 2407
2598 549
2606 652
2612 1785
2614 1417
2616 171
2625 1043
2628 1366
2644 2553
2662 187
2696 2332
2703 1925
2706 2826
2712 760
2715 1553
2719 169
2741 2910
2744 303
2747 801
2775 809
2823 12
2835 1188
2857 2855
2859 1169
2860 817
2866 1987
2869 1341
2888 999
2889 2179
2890 106
2898 2087
2913 791
2924 210
2946 314
2947 2283
2965 1602
2983 802
2986 1724
2990 2237
2993 1450
