f_0082702.png f_0082912.png
13 575
17 1038
52 935
67 4
81 1805
156 2434
175 1189
180 363
188 1608
190 23
201 592
202 1874
205 2839
216 193
222 2344
225 1685
248 1240
249 2001
255 2120
262 2244
270 49
279 46
307 30
310 2909
334 646
342 1738
349 984
400 2372
406 2361
431 1090
433 1301
437 2304
440 427
449 1614
471 620
563 2093
573 57
574 1438
642 1628
670 34
699 1877
725 791
730 2689
744 2565
749 2543
760 2946
763 351
776 1870
777 1148
794 2506
802 2578
825 823
829 1659
837 1039
841 2507
845 1178
859 2784
871 1183
891 1565
894 2388
926 730
934 2686
958 1268
981 2271
994 625
1044 1350
1083 1192
1115 1420
1128 957
1146 2815
1152 1605
1164 1074
1206 2636
1232 1641
1270 445
1274 954
1298 1269
1327 2594
1336 2630
1344 1313
1345 969
1347 1802
1354 1191
1377 2524
1392 1100
1394 1290
1403 1492
1408 91
1454 2640
1479 2577
1504 758
1521 240
1528 2764
1598 2601
1670 67
