f_0082620.png f_0082942.png
66 663
103 706
147 596
174 348
177 610
182 326
183 591
201 634
202 659
218 645
244 300
247 672
261 580
265 682
266 721
273 739
282 602
288 560
298 369
324 450
339 681
345 680
352 877
367 548
371 892
374 494
381 746
383 787
384 842
393 630
400 640
405 373
406 639
417 716
446 939
450 1187
453 980
464 937
476 1019
484 1031
490 908
501 994
526 654
587 776
594 1207
615 854
640 861
646 1014
653 1033
656 1275
667 1040
668 1057
672 1007
676 1227
678 1048
686 775
687 1039
705 1095
713 1096
722 1269
741 1074
754 1188
759 1369
789 875
790 1117
794 903
813 1238
817 1263
818 853
829 912
833 1226
834 1177
837 1163
860 1176
883 1293
887 942
897 1310
902 1250
907 1481
911 1327
925 1395
930 987
942 1408
975 1391
979 1487
995 1437
1007 1568
1019 1332
1050 1432
1053 1469
1063 1530
1071 1414
1091 1524
1122 1160
1143 1605
1157 1563
1192 1600
1199 1628
1205 1341
1212 1357
1216 1635
1224 1281
1243 1765
1254 1299
1255 1782
1269 1306
1302 1364
1381 1451
1398 1466
1422 1510
1465 1496
1468 1560
1471 1680
1487 1505
1503 1587
1513 1615
1548 1735
1556 1732
1568 1520
1586 1742
1594 1856
1640 1786
1708 1850
