f_0082412.png f_0082642.png
67 5
91 114
351 60
414 3
442 417
471 266
479 403
519 173
565 254
595 155
630 232
663 227
700 237
784 264
804 321
826 294
850 250
882 269
900 528
911 333
951 454
980 235
981 307
991 405
1020 626
1055 181
1056 231
1070 483
1104 563
1114 764
1119 619
1182 744
1192 775
1204 614
1209 517
1214 790
1240 507
1256 958
1266 613
1313 759
1315 683
1330 701
1351 655
1383 913
1389 443
1438 648
1454 318
1464 308
1465 651
1482 1006
1486 418
1496 636
1506 1005
1545 499
1552 537
1553 586
1555 934
1563 339
1592 606
1593 754
1594 867
1596 1083
1602 900
1607 983
1658 612
1659 617
1681 644
1695 780
1696 822
1697 839
1712 833
1713 860
1732 789
1736 1067
1737 937
1755 1097
1762 736
1765 894
1773 862
1779 972
1787 1160
1788 1164
1795 1182
1802 876
1838 691
1840 1218
1842 571
1856 1288
1857 1044
1861 905
1864 1207
1865 944
1894 1412
1910 1026
1913 1423
1918 1312
1924 611
1927 906
1933 1031
1945 925
1958 962
1959 1389
1973 1267
1983 797
1984 1061
1990 1419
1997 783
2017 721
2036 1463
2048 753
2051 1116
2053 1076
2067 661
2079 1129
2084 1030
2094 1102
2103 732
2107 1311
2116 1415
2134 1461
2137 935
2152 1066
2181 1012
2182 1208
2189 1054
2243 1234
2251 1185
2276 1140
2337 1450
2340 1058
2352 874
2356 1413
2383 1018
2394 1232
2401 1178
2405 1411
2426 1460
2427 1191
2457 1227
2486 1230
2499 1273
