f_0082492.png f_0082928.png
274 120
350 192
378 214
420 245
440 19
445 290
483 23
492 158
496 219
513 231
521 250
565 51
574 377
581 357
589 383
596 289
606 77
608 288
610 320
613 438
633 91
634 338
635 409
675 143
691 76
692 266
694 422
708 171
717 437
720 124
725 179
745 648
780 681
799 252
800 737
843 163
856 746
862 82
920 281
942 322
990 569
996 495
1000 634
1018 256
1025 195
1027 673
1061 710
1067 728
1077 352
1088 727
1091 371
1092 381
1094 542
1096 471
1112 742
1115 399
1131 551
1136 488
1139 632
1144 436
1177 485
1178 650
1192 607
1195 874
1214 678
1223 550
1239 600
1287 631
1297 611
1335 654
1359 687
1368 1072
1372 744
1373 786
1375 1121
1399 521
1402 1118
1405 1112
1433 996
1443 1039
1452 1101
1458 1060
1459 1145
1476 990
1481 1136
1486 1085
1488 1130
1497 1191
1502 837
1548 1212
1579 1084
1592 958
1600 1314
1608 1071
1614 686
1615 1038
1625 788
1630 1158
1640 1365
1656 1018
1670 1181
1671 1259
1679 1313
1682 1306
1693 1216
1744 1175
1762 1249
1763 1305
1779 1238
1802 1231
1816 1421
1846 1360
1857 1483
1875 1356
1879 1517
1885 1349
1920 1414
1921 1438
1937 1498
1939 1644
1943 1451
1970 1500
1977 1687
2005 1704
2021 1589
2037 1700
2043 1619
2070 1713
2072 1813
2134 1573
2286 1998
