f_0082724.png f_0082926.png
133 124
186 353
209 210
244 393
257 224
294 859
307 1442
317 1417
322 945
342 162
344 1011
359 1157
369 936
370 967
394 1019
395 1595
403 110
407 306
410 1202
413 706
414 823
421 981
427 1223
428 1247
442 822
443 1244
456 545
458 1326
460 832
461 1027
472 919
474 1383
475 199
478 1351
487 539
489 1077
490 1592
511 1005
515 744
530 1452
532 704
546 144
556 642
560 522
567 341
569 580
576 809
598 1182
599 1304
609 1762
623 1325
625 1599
628 1771
631 1615
637 617
639 1594
643 1195
646 2050
651 703
670 1232
675 1194
678 747
683 1775
684 1836
697 757
701 2031
703 1295
715 1566
733 1810
743 1087
750 737
751 1644
756 1456
769 918
775 783
782 1851
784 1614
787 1490
789 1815
799 1843
804 1778
845 2173
850 1880
860 1860
878 1541
886 1258
887 1576
902 1890
903 1132
904 2027
911 1181
913 2197
919 1889
924 1847
925 1520
927 2001
939 1009
945 2111
962 2013
970 1895
977 1253
981 1864
990 1744
998 2042
1000 2130
1010 1465
1020 2054
1025 2235
1028 1907
1031 2125
1033 2040
1035 2085
1042 1414
1051 1906
1068 2025
1073 2179
1085 1976
1089 2302
1098 1916
1099 1922
1102 1800
1108 2088
1121 2368
1123 2019
1125 2124
1146 2109
1205 2557
1215 2428
1255 2518
1258 2149
1294 2198
1295 2582
1329 1607
1330 2029
1331 2081
1335 2060
1343 2677
1363 2698
1391 2350
1396 2248
1433 2304
1434 2590
1445 1667
1457 2145
1463 2768
1472 2222
1493 2189
1537 2762
1576 2533
1580 2469
1585 2574
1645 2282
1709 2485
1750 2549
1751 2555
