f_0082776.png f_0082670.png
11 686
13 629
18 111
22 40
30 171
35 164
41 468
48 170
51 119
52 192
54 138
71 238
75 644
81 173
83 178
87 340
91 259
93 184
97 71
101 937
109 243
120 286
129 302
136 671
158 624
162 322
163 339
167 249
170 324
173 700
183 292
184 345
191 253
192 285
194 684
195 726
199 348
201 738
206 213
211 317
213 279
217 1134
219 277
220 750
227 352
234 404
236 734
241 228
242 331
246 391
250 378
255 1240
257 315
262 358
285 1175
287 485
299 224
305 423
314 408
318 932
323 401
327 985
356 446
363 473
365 787
369 544
379 445
385 952
400 1151
402 487
413 432
414 972
418 519
426 351
435 990
443 1188
456 609
464 534
476 530
485 433
486 482
491 815
504 606
524 935
525 1076
526 422
527 620
532 457
533 615
535 560
537 1254
539 709
541 500
545 863
546 1144
547 553
550 749
557 469
562 585
574 1297
579 699
580 822
585 748
589 1122
591 998
592 1203
594 658
601 1088
602 903
609 630
612 555
613 1002
621 885
622 1397
623 577
631 879
635 1057
642 875
648 1031
665 683
666 654
669 1138
672 696
681 715
682 1030
684 961
702 632
703 721
708 1036
709 1213
720 950
727 1056
732 933
739 778
748 1586
758 1565
759 743
788 989
794 746
795 753
798 1167
799 776
800 827
806 719
828 816
830 1345
845 1081
848 854
865 1351
871 1684
879 782
897 1094
900 892
910 883
911 1077
921 1137
923 1257
932 1207
939 848
941 977
946 809
962 1211
977 858
984 1295
993 984
1002 1165
1027 956
1034 1432
1054 918
1061 1206
1063 1360
1067 1200
1069 943
1089 1116
1103 1331
1106 1778
1108 1171
1115 1311
1132 1135
1141 1733
1145 1818
1152 1814
1175 1382
1185 1516
1191 1124
1209 1548
1223 1788
1228 1555
1244 1563
1257 1610
1259 1640
1266 1743
1281 1235
1327 1675
1329 1346
1332 1391
1334 1229
1340 1242
1348 1837
1349 1490
1372 1827
1377 1604
1390 1310
1399 1874
1414 1708
1419 1749
1443 1540
1444 1567
1518 1558
1535 1825
1583 1830
1590 1627
1671 1833
1676 1794
1688 1869
