f_0082958.png f_0082518.png
67 161
165 100
183 186
230 127
240 134
286 221
306 141
329 112
331 152
399 230
453 380
475 237
521 422
563 227
644 353
679 464
687 569
712 356
716 591
722 405
751 432
846 488
902 644
920 673
947 686
951 511
983 660
1015 704
1025 740
1055 718
1073 737
1152 566
1187 687
1243 636
1245 795
1248 771
1254 684
1300 685
1319 671
1350 696
1376 765
1382 981
1411 901
1426 989
1440 1179
1452 872
1464 748
1473 821
1491 763
1497 767
1509 915
1516 792
1517 808
1519 788
1532 893
1538 954
1544 807
1546 1113
1547 907
1548 836
1573 832
1589 868
1598 887
1602 963
1620 971
1652 1271
1657 930
1675 920
1698 992
1703 1010
1714 949
1717 977
1731 1018
1734 966
1749 1119
