f_0082924.png f_0082492.png
1 198
4 152
6 128
18 591
24 922
46 460
64 288
90 340
92 565
93 339
106 387
113 372
114 268
117 377
130 562
138 674
170 740
176 305
180 655
181 647
182 607
193 440
201 220
208 778
209 444
212 297
213 240
227 675
232 264
241 351
258 843
259 708
261 285
264 729
281 767
303 238
311 829
312 586
316 451
344 347
352 677
363 649
374 920
375 612
376 506
386 398
387 400
399 818
407 421
412 589
429 988
456 635
464 1115
478 694
480 468
484 689
489 684
492 1064
500 957
507 1044
520 554
522 1167
525 1163
526 1144
528 1189
529 1093
543 527
544 1096
552 1292
561 1136
563 700
566 1399
571 556
574 1206
582 769
587 1238
588 1131
597 1190
603 1100
605 650
609 661
614 1282
617 265
648 1305
650 1074
656 1192
682 1287
684 1334
692 1350
697 1214
700 1245
705 1111
710 1277
730 1317
746 1298
748 1103
749 1097
750 1058
769 1160
770 1046
776 1390
777 1210
778 1038
786 1047
796 1605
807 1050
812 1124
818 1372
819 1344
826 1442
831 1678
868 1625
873 1801
874 1391
891 1030
902 1152
905 1502
919 1866
920 1578
929 1134
932 1362
942 1776
950 1485
951 1329
959 1907
960 1427
970 1649
971 1553
977 1253
978 1263
986 1240
1005 1476
1020 1765
1026 1845
1039 1249
1052 1850
1098 1786
1118 2082
1127 1685
1129 1545
1145 1608
1153 1798
1174 1692
1195 1583
1203 1670
1204 1630
1210 1497
1224 1251
1230 1744
1231 1393
1256 1299
1257 1311
1262 1933
1265 1525
1274 1756
1285 1693
1286 1632
1291 1982
1302 2156
1314 1779
1323 1762
1324 1783
1344 2114
1353 1526
1356 2115
1360 1637
1412 1702
1463 2197
1470 1878
1472 1784
1486 1824
1496 1781
1514 1609
1544 2356
1559 1857
1577 1815
1600 1905
1613 1846
1624 1879
1664 1901
1668 1926
1722 1971
1799 2025
1970 2231
2148 2335
