f_0082558.png f_0082946.png
66 329
75 1778
95 1362
110 1076
121 1624
132 1135
145 943
149 1161
169 1458
195 714
220 1679
304 1268
356 1504
364 966
389 1250
416 1082
437 1681
454 992
458 1811
521 1079
530 1390
566 1526
578 1176
623 1068
624 510
635 1054
658 851
682 624
698 854
714 993
764 525
768 156
778 985
786 677
820 328
827 1024
832 975
882 777
910 1083
916 977
920 982
972 808
979 1185
1011 987
1020 1204
1097 198
1109 1691
1132 936
1147 548
1151 407
1155 997
1242 1233
1316 1246
1355 619
1366 1157
1397 788
1433 1633
1462 1108
1472 617
1505 754
1521 766
1527 1006
1539 1159
1541 839
1549 1216
1561 262
1563 737
1602 1405
1620 791
1726 1886
1815 991
1819 1513
1824 1788
1843 736
1846 747
1882 1756
1911 682
1918 1439
1927 878
1945 1350
1964 663
1970 1126
1994 1084
2030 1152
2034 946
2054 864
2068 656
2075 362
2087 665
2131 825
2185 654
2192 1305
2226 1014
2254 563
2271 670
2303 1655
2322 1052
2367 1488
2373 1130
2379 637
2405 1352
2434 1506
2468 1686
2478 236
2513 1315
2518 1292
2552 1093
2555 476
2613 1040
2628 1497
2637 618
2680 1685
2696 661
2703 867
2734 434
2787 650
2920 445
2922 387
2926 1659
2971 1399
2981 1535
