f_0082882.png f_0082924.png
76 6
81 28
137 47
140 79
145 68
146 308
156 26
157 93
174 164
188 209
193 252
206 381
210 312
219 403
224 414
225 417
238 157
239 412
248 402
256 217
261 342
263 449
268 368
270 477
281 432
285 433
288 156
292 401
301 575
323 524
342 578
348 711
360 421
361 631
362 660
370 566
375 750
378 738
382 693
391 808
393 898
394 807
395 821
405 680
409 856
412 894
416 890
428 861
433 727
436 1051
439 729
441 938
461 979
468 986
476 960
478 1082
487 943
489 1023
494 950
498 1074
500 1097
503 1078
505 773
518 1110
523 1001
527 1038
528 1140
532 1175
541 1026
542 1189
545 959
554 1266
559 1245
561 1242
562 1244
570 1320
573 1253
574 1292
577 1067
582 1228
583 1229
585 1252
586 1319
592 1339
596 1236
601 1274
603 1308
605 1331
607 1372
611 1282
619 1401
625 1335
626 1506
627 1414
628 1405
629 1424
635 1260
636 1361
641 1450
642 1394
643 1413
650 1460
652 1409
653 1480
654 1279
656 1491
671 1525
680 1442
682 1559
683 1485
696 1637
705 1658
707 1466
710 1679
716 1685
723 1703
727 1720
734 1670
742 1632
743 1719
746 1771
752 1712
754 1741
762 1708
766 1828
770 1746
771 1866
772 1799
775 1770
777 1807
780 1842
788 1822
791 1826
797 1787
798 1854
814 1820
817 1840
818 1850
827 1879
831 1895
839 1890
845 2069
856 1950
861 1886
865 1964
866 1974
867 1945
872 1978
874 1931
875 2097
876 1928
884 1948
885 2014
886 1980
894 2102
906 2017
908 2026
912 1943
916 2040
923 2118
926 2080
929 2162
938 2110
941 2152
949 2241
958 2330
985 2538
998 2521
1006 2551
1008 2334
1013 2245
1080 2682
1092 2675
1093 2666
1102 2552
1109 2593
1130 2664
1136 2705
1141 2706
