f_0082958.png f_0082670.png
3 149
101 321
106 139
124 582
149 230
245 214
291 310
314 311
315 334
320 254
378 361
382 199
383 640
386 385
397 161
433 479
483 409
509 382
511 201
519 413
525 398
562 609
570 371
578 659
594 290
622 497
632 402
644 501
661 603
674 574
680 567
681 561
690 367
699 373
700 341
704 332
722 569
723 375
729 570
735 571
746 380
751 586
754 439
774 668
780 353
787 600
795 562
806 663
834 649
841 429
853 624
857 424
906 436
932 684
937 660
947 1004
951 669
967 675
972 870
993 689
997 740
1008 855
1049 834
1056 704
1064 823
1068 744
1071 734
1076 644
1081 835
1084 815
1089 629
1095 1156
1108 738
1112 635
1119 750
1122 703
1123 681
1130 938
1131 787
1135 849
1136 718
1146 934
1148 916
1164 1022
1169 945
1171 1013
1185 946
1193 970
1200 831
1211 888
1212 880
1223 797
1232 960
1241 871
1243 789
1245 967
1247 1010
1248 961
1254 859
1273 1081
1278 1011
1287 925
1294 1046
1298 987
1320 1165
1324 899
1331 1208
1333 1049
1334 840
1339 1051
1350 852
1351 798
1354 785
1369 1282
1375 971
1381 1305
1387 868
1389 1115
1410 1207
1411 1191
1412 1118
1425 1070
1428 1054
1431 767
1432 1002
1434 1341
1435 1216
1438 912
1444 1023
1446 1373
1447 1187
1449 1084
1450 998
1457 1119
1458 1108
1460 1085
1465 1062
1469 1152
1481 1109
1484 1388
1486 1279
1494 1120
1503 1153
1515 1088
1516 991
1522 1259
1526 1424
1539 1167
1542 1033
1544 999
1548 1097
1551 1174
1557 1052
1567 1352
1575 1168
1583 1447
1602 1232
1606 1392
1615 1110
1622 1218
1632 1149
1651 1615
1673 1355
1682 1123
1699 986
1703 1198
1707 1371
1708 1356
1710 1370
1715 1516
1716 1296
1717 1273
1722 1151
1730 1377
1739 1579
1740 1555
1750 1318
1751 1593
1753 1520
1754 1301
1762 1532
1765 1599
1774 1214
1779 1047
1781 1608
1791 1537
1795 1351
1807 1325
1810 1349
1811 1345
1822 1368
1825 1404
1834 1553
1854 1383
1905 1521
1913 1465
1921 1571
1930 1629
1934 1389
1939 1675
1947 1678
1958 1676
1960 1460
1974 1700
1984 1640
2018 1455
2063 1399
2068 1266
