f_0082620.png f_0082776.png
33 63
55 109
59 29
64 192
67 114
83 120
115 77
151 80
156 207
174 228
186 98
192 319
200 355
316 9
320 344
358 418
401 267
416 437
419 65
425 281
430 541
431 504
442 527
443 366
444 286
449 126
456 155
460 212
463 156
487 185
527 387
528 326
536 360
570 550
616 501
621 704
630 736
640 674
645 681
646 543
649 577
654 282
671 330
672 616
683 316
689 209
707 408
713 631
714 545
716 819
734 731
736 544
745 524
757 725
760 614
791 721
803 812
816 844
820 613
825 591
830 385
833 756
839 624
843 442
846 823
852 436
855 682
864 889
870 868
878 754
895 897
897 804
911 821
930 847
935 779
937 781
951 711
962 798
977 932
987 903
989 900
994 870
995 810
996 770
998 815
1035 589
1075 846
1076 771
1086 763
1097 629
1119 583
1126 432
1163 1059
1171 448
1173 1023
1217 574
1241 626
1274 945
1383 1171
1412 1243
1449 1176
1457 1154
1472 986
1476 1316
1548 1214
1556 1210
1559 1236
1566 842
1571 1177
1601 1293
1619 893
1657 1230
1691 1229
1701 1433
1704 1284
