f_0082886.png f_0082918.png
137 1144
149 1527
155 2244
166 419
169 1712
173 1252
182 1834
186 2099
188 2447
189 178
200 2050
208 215
209 92
215 1818
220 1950
221 1900
234 27
235 995
248 2369
262 1009
279 2569
283 893
289 2000
297 517
298 183
311 327
316 82
324 322
340 12
346 108
347 1242
353 1964
357 336
362 2406
364 203
365 2351
368 1103
369 615
370 1438
397 2638
398 1263
399 835
406 2978
413 2766
419 1261
422 659
423 2711
426 551
433 1315
438 1575
444 2413
465 532
473 2064
474 33
478 2112
481 1652
484 1420
498 468
508 1357
512 1173
519 318
523 404
528 2798
530 2117
531 521
533 524
536 91
551 2548
552 1625
564 881
595 2106
600 1053
607 2645
616 2366
623 911
625 1246
629 2322
635 46
638 2897
643 1630
644 2193
648 2536
649 201
658 304
670 820
694 1200
695 1810
696 1905
703 2775
704 266
708 1840
710 274
718 1247
725 2341
729 45
740 1793
743 1710
746 1696
747 1051
759 1041
763 1386
767 1089
786 1956
788 691
792 2152
802 1226
805 1449
806 1894
808 1227
810 2591
814 3
816 2266
819 1160
830 438
832 538
837 1324
850 2621
854 436
855 1405
856 2157
881 635
882 1222
895 2900
896 1805
900 536
902 768
905 2098
918 2595
934 2103
937 157
945 1184
950 2860
951 552
954 549
960 1890
961 2176
967 1033
977 1899
985 467
991 2985
1005 1429
1007 981
1008 256
1013 683
1014 1444
1018 693
1026 998
1027 2601
1033 1169
1044 1365
1057 2607
1060 2358
1064 221
1081 621
1085 475
1090 1094
1095 865
1111 2296
1119 2827
1132 1676
1135 2063
1189 601
1237 141
1261 29
1277 122
1303 8
1305 2352
1312 578
1319 2737
1325 2663
1330 2418
1341 1068
1346 2180
1357 1000
1363 38
1370 2989
1421 1277
1429 2844
1436 2590
1438 2247
1442 313
1445 2596
1452 1973
1455 1510
1459 1231
1466 343
1472 1057
1476 1321
1484 401
1485 2250
1492 2329
1496 1069
1503 961
1535 2830
1538 1757
1554 2698
1582 2053
1598 2764
1610 189
1624 2620
1637 2889
1645 2787
1657 2023
1677 1114
1680 2489
