f_0082620.png f_0082958.png
4 361
9 576
23 523
28 272
34 189
49 592
52 11
53 162
57 336
67 24
71 264
78 343
86 689
87 354
89 371
91 534
111 427
129 509
138 570
157 386
159 632
169 403
178 646
189 597
194 577
221 81
224 726
229 685
237 645
245 442
246 730
265 657
270 454
280 111
282 531
288 459
289 622
299 893
307 935
314 193
315 880
325 480
344 568
354 836
357 263
360 240
363 835
365 845
374 322
378 729
381 722
385 304
387 778
390 680
391 681
392 787
394 807
396 1220
400 524
405 202
416 573
418 889
423 152
448 353
451 290
452 513
454 339
455 993
460 963
467 1153
470 559
471 1056
496 892
500 625
507 473
508 1224
522 530
524 1119
529 1132
530 405
532 416
543 334
544 1068
547 1337
550 1313
551 278
553 608
555 1314
556 1315
562 1354
583 1353
584 1372
590 1380
594 1407
613 1365
618 749
629 1131
630 610
631 940
635 1267
640 791
650 1404
660 662
663 1254
679 1535
683 1387
687 1062
689 1436
700 1008
704 763
734 636
740 848
764 1092
765 1102
767 1454
779 1146
793 1599
801 1555
806 1516
808 1058
809 1519
813 1281
814 1612
816 1004
817 1290
820 1403
846 1041
848 1261
850 1183
860 1173
861 1156
862 1201
863 1552
871 1576
878 1023
882 1589
885 1571
886 1573
896 1554
897 1339
903 1294
911 1378
912 1427
920 1548
923 1239
925 1460
926 1615
933 1611
935 1226
939 1096
941 1305
945 1624
950 1415
956 1623
957 1458
962 1494
963 1504
965 1633
970 1675
977 1273
993 1322
994 1469
998 1539
1000 1698
1005 1082
1010 1251
1014 1327
1026 1113
1042 1443
1062 1499
1071 1435
1073 1410
1083 1098
1092 1523
1101 1745
1118 1694
1127 1409
1128 1590
1137 1338
1141 1750
1150 1841
1201 1418
1221 1741
1224 1369
1226 1809
1229 1854
1243 1823
1260 1385
1312 1388
1336 1605
1345 1546
1386 1960
1397 1670
1399 1701
1407 1895
1450 2009
1453 1696
1488 1740
1491 1594
1500 1719
1534 1652
1540 1921
1579 1706
1584 2045
1593 1765
1594 2013
1596 1700
1608 1959
1621 1705
1638 1761
1642 1693
1644 1751
1649 1850
1679 2023
1688 1872
1690 1891
1691 2069
