f_0082412.png f_0082724.png
4 164
84 68
123 113
136 267
245 129
272 179
366 146
381 160
405 297
486 354
515 389
545 390
583 370
815 550
882 570
900 426
949 605
951 551
960 595
988 680
1006 693
1020 524
1032 707
1088 613
1133 598
1137 659
1140 759
1259 745
1266 793
1276 776
1365 829
1383 825
1425 858
1460 878
1488 911
1542 871
1791 1013
1846 1042
1918 1133
1934 1159
1941 1076
1942 1067
2001 1129
2085 1158
2174 1242
2212 1330
2252 1248
2285 1280
2292 1281
2298 1289
2418 1383
2448 1427
2482 1405
2497 1430
