f_0082702.png f_0082868.png
9 1156
14 1575
43 2826
57 138
65 2162
74 1331
77 2602
80 803
88 1832
103 1038
106 226
109 410
120 84
121 1138
126 1997
131 2486
136 1005
140 1348
142 635
151 1510
157 278
161 906
167 394
175 2588
176 1024
178 2925
185 725
192 1852
195 1401
200 1195
206 1567
209 1651
220 314
221 446
222 2528
224 1740
225 751
228 212
231 179
232 1231
239 204
240 1358
247 1931
249 377
254 2939
256 1207
257 300
259 1829
263 1835
265 26
266 100
268 2894
276 2599
283 1344
295 1482
298 279
299 1170
301 470
304 947
308 2948
309 17
312 2048
316 794
317 1578
318 1648
320 1709
322 2080
325 429
331 2073
336 2945
339 12
343 325
344 1573
345 1948
348 1693
350 1369
354 1921
355 633
357 195
366 1465
370 2609
371 1516
374 2188
375 423
377 1857
380 117
383 944
397 2972
401 1057
402 285
405 1501
409 1395
410 1755
411 471
412 599
413 1819
416 89
418 2573
419 2988
422 2002
427 581
429 57
430 85
431 2396
434 2676
436 1285
439 1844
440 2885
442 1258
449 2274
451 2651
458 2357
462 805
463 1675
465 698
467 1938
468 1851
469 2625
473 1034
474 2836
475 959
478 2756
479 2851
481 461
482 1222
485 1669
488 2935
492 1600
493 2072
494 64
501 1713
504 1587
507 217
512 109
514 2350
516 802
518 2547
520 2277
521 2054
522 2986
524 1010
525 1204
527 1547
528 97
529 1402
533 2418
534 666
536 436
538 433
541 757
545 2525
551 1017
552 1687
554 765
556 498
558 2326
559 460
560 497
561 1808
564 669
565 2000
566 2589
568 777
571 2400
572 2880
574 2815
576 1845
578 392
579 1494
580 1086
581 173
584 2582
585 880
591 355
594 1003
596 1758
598 2424
599 1970
600 2407
601 2382
602 2369
603 2393
604 37
605 1554
606 416
609 450
610 1676
611 1990
615 2034
620 1189
621 2225
627 2839
628 861
632 448
633 2806
634 1640
635 607
639 1378
641 2913
642 786
645 2794
648 718
650 788
653 2083
654 1735
660 814
665 63
667 1840
673 232
676 2364
677 793
678 706
681 370
682 1762
683 631
686 157
689 1129
693 1101
710 58
711 671
717 2203
718 1906
719 1135
725 2827
726 868
728 411
729 1797
732 104
733 19
734 1862
736 25
740 2385
741 2967
742 2755
746 344
747 266
749 2944
753 564
756 2778
759 2842
761 1416
763 30
765 362
767 1039
771 789
772 1261
779 2447
782 2258
785 182
786 2324
788 1143
791 2305
792 1427
793 1008
796 2420
802 539
803 2667
804 2662
805 975
809 1108
810 1206
813 1743
816 256
817 2674
819 2086
821 1746
827 1048
829 1213
832 726
834 1863
837 1450
841 2207
847 519
848 1150
850 2440
851 1470
855 714
856 144
859 1991
863 878
868 2003
870 990
872 168
882 267
887 2139
890 1026
896 2081
898 1100
901 1683
906 275
907 1530
915 125
925 350
926 2800
933 2612
936 797
945 42
947 1198
952 223
960 544
965 1989
967 1842
970 308
975 2261
977 1591
978 1800
987 251
990 2090
995 32
996 4
1000 750
1001 2605
1004 1688
1005 1279
1012 281
1013 1257
1024 609
1030 2695
1032 2120
1033 1069
1036 2137
1037 1205
1043 488
1045 2256
1056 1243
1057 958
1061 1555
1066 353
1068 807
1069 1950
1071 1219
1078 1218
1086 595
1101 2659
1109 1456
1114 541
1119 702
1120 67
1122 1271
1127 2315
1133 2952
1148 738
1154 2150
1156 1533
1157 1185
1164 696
1166 2995
1167 2289
1184 1251
1191 656
1196 2019
1206 2430
1207 324
1213 552
1219 1266
1224 107
1229 1976
1234 175
1236 2703
1247 713
1250 1476
1251 854
1252 634
1266 379
1268 1871
1273 699
1281 1415
1291 1728
1297 747
1299 1741
1308 684
1311 206
1312 1657
1322 434
1333 413
1334 293
1341 993
1347 2185
1349 1398
1355 1941
1356 2564
1385 313
1392 773
1394 596
1398 1524
1403 2391
1405 1114
1423 2673
1434 2821
1445 1014
1455 2386
1457 1630
1484 2684
1486 1092
1493 2643
1495 1561
1497 1097
1502 2109
1510 221
1515 2046
1518 1400
1522 1776
1526 840
1531 2570
1534 2044
1542 2718
1543 1089
1544 1956
1546 616
1553 213
1568 2471
1576 86
1578 2899
1590 264
1595 1568
1598 1897
1603 2498
1609 382
1613 384
1616 255
1620 1273
1622 2560
1624 191
1627 1154
1634 69
1654 1145
1658 1393
1660 1678
1666 783
1667 1053
