f_0082926.png f_0082928.png
12 40
13 33
14 34
18 24
20 32
26 6
30 25
31 26
35 19
38 58
44 45
45 29
46 48
52 56
53 38
54 53
55 57
56 43
57 20
58 87
60 84
63 23
65 89
66 14
71 4
72 46
76 52
78 64
81 27
89 73
94 108
95 111
96 66
99 71
100 109
101 98
104 0
106 72
107 83
108 127
109 36
110 76
114 132
116 78
117 103
122 77
124 97
125 41
127 93
128 63
133 122
138 130
139 155
141 35
142 50
143 62
147 137
148 125
149 138
150 102
152 120
153 146
154 181
156 60
157 69
160 75
161 96
162 91
164 114
166 74
169 140
170 166
177 107
179 151
180 154
182 176
183 147
188 144
189 145
193 152
196 95
197 105
198 106
199 118
200 134
201 143
204 183
206 179
208 133
211 173
212 184
213 193
214 180
216 128
217 169
218 164
220 201
226 139
229 170
231 229
234 153
235 192
238 200
239 190
240 210
244 142
246 232
247 223
250 113
254 188
256 242
257 149
259 186
260 187
263 161
264 203
265 182
266 215
269 237
270 246
273 156
274 197
275 171
276 204
277 247
278 258
280 168
282 231
285 251
287 213
289 202
293 252
295 228
296 286
297 241
302 212
303 273
309 245
314 262
315 302
316 230
319 317
322 261
324 326
325 313
334 282
335 307
338 285
339 341
340 346
343 266
346 325
347 327
348 340
349 347
350 361
351 211
354 290
355 345
356 306
357 291
358 301
362 295
363 284
365 278
367 281
369 289
370 360
373 375
374 235
375 312
378 255
379 343
382 249
386 397
390 338
391 331
392 350
393 354
394 339
395 365
398 330
400 320
403 351
405 359
406 274
409 400
414 333
418 380
419 248
422 362
423 363
429 386
430 396
431 401
433 357
434 404
435 387
437 310
438 382
439 392
440 393
442 411
443 426
445 419
446 433
450 431
451 418
452 478
454 240
456 371
457 390
458 439
461 402
462 407
465 309
467 410
468 423
469 468
470 445
476 428
478 440
482 381
483 417
485 425
487 442
490 388
491 422
494 421
495 467
497 451
502 438
503 454
505 399
508 475
509 474
510 492
513 473
516 448
517 453
518 461
519 462
521 499
525 464
528 483
530 460
532 514
533 493
534 482
537 498
539 458
540 481
544 449
546 497
548 476
552 472
553 486
555 508
567 505
571 484
574 507
581 504
582 529
585 531
587 534
598 509
600 520
603 571
604 495
606 580
608 560
609 470
610 539
612 553
616 512
617 500
621 578
625 485
627 552
629 582
634 511
636 576
638 494
640 533
645 546
646 525
647 566
648 559
649 581
651 610
652 591
653 541
660 590
661 596
663 540
667 551
673 608
674 521
682 612
692 569
693 620
695 604
696 649
699 592
701 643
703 593
710 641
716 600
718 629
721 634
724 583
726 652
727 619
728 609
729 599
733 630
735 646
736 650
738 606
739 616
740 675
742 607
744 632
746 642
747 611
748 677
749 685
751 648
755 667
759 659
763 664
764 658
766 665
768 682
769 631
770 637
772 633
775 666
779 707
785 680
786 673
787 693
791 636
795 691
797 718
799 654
800 717
802 700
803 716
804 705
810 656
811 702
812 713
817 711
818 687
819 714
824 726
826 709
827 738
828 750
830 672
834 742
835 724
836 747
838 748
839 728
843 729
844 725
852 669
854 745
856 792
863 755
865 744
866 769
867 758
868 760
871 783
875 764
878 782
880 780
881 781
883 776
886 808
895 796
896 798
899 791
900 799
903 794
906 770
909 795
912 802
915 766
924 804
927 839
935 819
939 829
941 852
945 831
946 850
956 849
962 840
963 878
964 871
972 813
975 834
977 865
979 825
981 848
983 881
988 890
991 876
993 868
996 869
1003 842
1005 859
1008 897
1017 872
1020 906
1022 926
1027 874
1033 910
1034 889
1036 923
1044 885
1050 956
1054 954
1055 921
1057 912
1058 951
1060 884
1061 915
1077 959
1078 952
1080 948
1084 963
1085 976
1087 930
1089 932
1091 960
1096 973
1100 950
1107 892
1108 929
1111 1005
1112 981
1114 977
1116 958
1117 969
1120 1009
1123 992
1126 987
1132 966
1137 1016
1138 1013
1139 1003
1140 933
1145 999
1149 1074
1151 1025
1155 1001
1157 1021
1172 1080
1179 1029
1181 975
1184 938
1187 1030
1188 1028
1193 990
1202 1053
1203 1007
1204 1069
1213 1108
1218 1010
1219 1056
1224 1063
1225 1090
1226 1064
1227 1046
1229 1088
1232 1060
1234 1125
1244 1087
1245 1128
1247 1072
1251 1068
1253 1055
1257 1051
1258 1018
1262 1084
1264 1052
1265 1103
1266 1098
1268 1078
1270 1086
1273 1113
1274 1151
1275 1127
1277 1156
1278 1152
1279 1157
1282 1100
1283 1138
1284 1077
1288 1044
1290 1167
1293 1144
1299 1070
1301 1146
1306 1136
1307 1141
1309 1173
1311 1172
1315 1118
1325 1148
1326 1130
1328 1155
1329 1097
1334 1095
1336 1123
1338 1200
1343 1150
1344 1194
1346 1171
1348 1182
1349 1193
1350 1195
1351 1185
1355 1135
1360 1235
1364 1160
1365 1190
1366 1191
1377 1212
1382 1140
1384 1240
1385 1188
1395 1206
1396 1225
1397 1234
1399 1181
1402 1224
1403 1280
1406 1216
1410 1248
1411 1293
1412 1250
1413 1260
1417 1275
1421 1271
1422 1265
1423 1226
1424 1211
1426 1266
1427 1252
1431 1307
1433 1274
1434 1335
1435 1228
1437 1278
1438 1292
1440 1221
1441 1238
1442 1242
1443 1263
1444 1287
1447 1268
1453 1322
1454 1277
1455 1249
1459 1244
1462 1296
1463 1243
1469 1332
1472 1314
1473 1326
1475 1353
1476 1315
1478 1264
1482 1376
1483 1300
1498 1319
1500 1343
1501 1290
1503 1312
1504 1317
1505 1276
1507 1395
1509 1324
1512 1298
1516 1381
1517 1367
1518 1372
1520 1356
1521 1344
1524 1366
1526 1365
1527 1394
1532 1426
1533 1328
1536 1349
1537 1384
1542 1402
1546 1371
1547 1401
1556 1341
1567 1424
1569 1435
1570 1447
1571 1363
1574 1359
1576 1370
1577 1404
1578 1410
1580 1347
1581 1409
1589 1454
1594 1421
1595 1436
1599 1431
1601 1390
1602 1459
1614 1467
1615 1446
1630 1430
1631 1463
1634 1464
1635 1419
1639 1492
1643 1499
1645 1502
1647 1455
1650 1462
1654 1518
1663 1485
1664 1460
1665 1508
1668 1441
1669 1483
1672 1469
1683 1542
1688 1494
1689 1470
1691 1536
1692 1525
1694 1523
1695 1540
1702 1528
1704 1498
1709 1533
1710 1546
1713 1531
1715 1561
1717 1541
1727 1515
1729 1490
1730 1530
1735 1555
1736 1582
1737 1551
1741 1520
1750 1560
1751 1585
1756 1532
1758 1575
1764 1576
1765 1577
1766 1590
1767 1568
1770 1593
1771 1603
1772 1567
1774 1597
1779 1601
1780 1563
1783 1594
1785 1569
1796 1570
1797 1589
1799 1638
1800 1588
1802 1557
1803 1596
1807 1626
1809 1661
1810 1607
1812 1620
1814 1606
1819 1630
1820 1636
1822 1670
1823 1644
1824 1609
1826 1610
1828 1615
1829 1622
1832 1618
1835 1645
1838 1628
1842 1642
1846 1639
1848 1664
1849 1660
1851 1640
1852 1671
1853 1643
1857 1658
1860 1680
1862 1659
1864 1669
1874 1662
1877 1692
1882 1647
1884 1668
1889 1701
1890 1705
1893 1699
1894 1686
1895 1732
1900 1713
1902 1708
1905 1709
1908 1737
1909 1751
1912 1731
1914 1715
1916 1716
1917 1733
1918 1734
1920 1698
1921 1730
1922 1722
1923 1724
1925 1685
1927 1748
1930 1763
1931 1757
1934 1756
1935 1758
1944 1707
1947 1718
1948 1780
1951 1774
1952 1798
1959 1769
1961 1773
1962 1779
1964 1755
1966 1826
1968 1789
1973 1777
1974 1778
1976 1795
1981 1818
1984 1849
1988 1813
1995 1807
2001 1841
2006 1808
2009 1803
2011 1833
2012 1845
2013 1839
2014 1895
2016 1834
2018 1851
2029 1863
2032 1905
2033 1855
2036 1859
2038 1890
2048 1872
2055 1908
2056 1882
2058 1853
2059 1856
2061 1866
2064 1893
2068 1870
2073 1877
2076 1876
2079 1927
2083 1886
2085 1899
2087 1887
2091 1925
2093 1903
2103 1918
2109 1912
2114 1926
2118 1915
2129 1953
2131 1956
2152 1933
2153 1941
2156 2025
2157 1946
2160 1950
2164 1949
2165 1955
2177 1965
2181 1932
2182 1963
2186 1979
2188 1975
2194 1966
2195 1977
2198 1978
2204 1962
2213 1985
2218 1997
2223 1964
2225 2001
2227 1996
2228 1992
2231 2002
2233 1995
2234 2032
2237 2040
2242 2021
2247 1971
2250 2024
2252 2028
2257 1988
2259 2031
2263 2017
2272 2030
2275 2086
2276 2059
2277 2008
2279 2050
2281 2046
2286 2037
2289 2004
2293 2061
2298 2072
2301 2058
2304 2071
2305 2066
2306 2105
2307 2096
2309 2087
2314 2085
2319 2057
2324 2083
2326 2079
2328 2092
2330 2080
2335 2098
2337 2095
2338 2118
2339 2112
2342 2099
2344 2084
2346 2123
2349 2103
2355 2149
2360 2110
2361 2117
2362 2109
2363 2152
2371 2107
2376 2135
2380 2131
2384 2130
2385 2129
2386 2126
2398 2141
2400 2148
2403 2140
2407 2166
2408 2170
2415 2173
2419 2178
2425 2165
2427 2182
2429 2183
2430 2213
2436 2225
2439 2199
2441 2218
2451 2205
2453 2190
2455 2263
2460 2236
2466 2193
2467 2227
2468 2243
2471 2269
2472 2241
2473 2221
2477 2280
2478 2281
2482 2268
2497 2248
2500 2279
2501 2254
2504 2252
2505 2295
2506 2283
2507 2276
2508 2285
2514 2302
2517 2284
2518 2303
2519 2260
2522 2352
2526 2297
2532 2317
2542 2298
2546 2311
2549 2320
2551 2327
2552 2329
2562 2370
2563 2326
2566 2274
2571 2306
2582 2351
2588 2366
2594 2359
2598 2368
2600 2347
2609 2341
2610 2388
2611 2395
2612 2334
2613 2371
2614 2398
2615 2378
2620 2382
2622 2373
2627 2410
2629 2397
2637 2353
2640 2383
2642 2407
2643 2357
2647 2422
2655 2392
2658 2390
2664 2403
2671 2405
2676 2426
2680 2431
2681 2385
2695 2414
2700 2441
2718 2419
2721 2466
2730 2448
2734 2433
2738 2454
2746 2457
2776 2464
