f_0082946.png f_0082926.png
129 34
132 17
154 40
157 142
160 125
161 80
172 98
187 105
193 8
196 207
197 222
203 129
210 123
213 232
214 198
223 99
225 89
232 167
238 289
254 275
258 364
260 84
266 96
268 286
269 12
272 136
284 302
285 260
291 27
298 202
299 140
302 193
309 309
310 13
330 213
333 344
338 416
351 267
353 420
359 322
362 295
366 459
367 456
369 383
370 368
371 214
376 299
384 362
387 400
389 593
390 482
391 449
397 393
400 246
402 184
405 505
406 506
408 334
409 325
413 359
416 405
420 413
422 538
424 285
425 248
431 556
432 394
436 385
441 215
447 563
448 460
453 346
456 501
458 414
462 303
463 337
471 616
472 625
476 524
480 467
490 517
497 714
499 594
503 472
508 463
509 373
511 360
518 525
524 685
534 480
541 587
544 444
548 606
551 509
553 588
556 484
561 534
562 497
565 585
572 681
579 575
582 555
583 464
592 486
596 742
597 706
599 647
600 658
605 736
610 829
611 610
613 584
617 654
619 576
626 635
628 771
632 799
633 649
638 510
643 633
647 772
648 761
649 762
650 707
654 773
655 718
656 694
658 672
668 676
670 732
674 648
677 733
678 740
680 808
690 669
696 763
700 873
706 915
708 688
712 832
719 684
724 822
727 786
732 785
734 826
735 811
737 713
742 782
743 923
744 893
745 833
746 778
747 753
752 794
753 918
759 838
760 863
761 812
762 787
764 930
765 854
766 699
770 700
773 834
775 800
781 872
782 835
783 723
786 839
788 876
790 840
794 948
798 888
799 843
800 907
805 844
811 1016
812 894
814 898
817 960
820 942
821 929
825 913
829 1032
832 920
833 754
835 1066
836 881
837 855
842 792
846 938
847 936
848 807
857 1043
860 1073
861 904
862 1081
863 1092
864 1004
866 955
867 922
868 779
870 925
871 905
875 883
877 1005
884 980
890 926
893 981
894 917
895 1093
896 939
898 1140
899 1128
906 1153
908 1033
914 982
915 927
916 1166
917 1108
923 964
926 1025
927 973
928 950
931 962
936 1067
938 984
943 1094
946 1077
952 1118
953 1023
964 1008
967 1065
970 1036
972 1239
976 1078
977 1040
978 963
985 1103
988 1117
991 1253
993 1100
998 1254
1001 1287
1004 1218
1008 1288
1010 1126
1013 1220
1015 1085
1017 1123
1021 1232
1022 1174
1025 1015
1026 1361
1027 1352
1029 1055
1032 1333
1034 1028
1039 1187
1040 1319
1041 1268
1042 1170
1043 1097
1046 1188
1056 1178
1058 1236
1060 1363
1061 1183
1063 1303
1065 1228
1066 1216
1073 1362
1076 1224
1083 1306
1084 1266
1091 1394
1095 1247
1096 1230
1100 1275
1106 1414
1107 1404
1108 1244
1115 1271
1120 1115
1124 1274
1135 1330
1136 1296
1137 1409
1140 1347
1145 1176
1151 1365
1152 1346
1154 1293
1165 1322
1166 1326
1173 1423
1177 1368
1179 1315
1180 1348
1183 1204
1185 1465
1187 1480
1188 1343
1198 1539
1203 1467
1205 1279
1207 1349
1208 1443
1209 1402
1218 1525
1219 1501
1221 1460
1222 1446
1223 1425
1224 1401
1227 1372
1228 1324
1235 1533
1236 1503
1248 1607
1249 1534
1252 1410
1255 1448
1257 1490
1259 1449
1260 1422
1263 1496
1264 1504
1266 1596
1270 1579
1271 1452
1278 1617
1279 1513
1284 1573
1290 1498
1297 1491
1299 1622
1304 1667
1305 1604
1307 1388
1311 1677
1327 1469
1336 1606
1337 1547
1340 1577
1344 1517
1347 1487
1349 1729
1350 1678
1351 1681
1352 1638
1354 1705
1355 1673
1359 1559
1362 1614
1368 1636
1369 1641
1371 1531
1375 1648
1378 1550
1386 1570
1389 1754
1403 1727
1405 1669
1409 1644
1410 1615
1415 1675
1422 1719
1423 1631
1425 1756
1427 1793
1437 1639
1439 1649
1445 1704
1446 1699
1448 1748
1449 1665
1451 1691
1452 1660
1455 1824
1468 1803
1469 1734
1470 1646
1476 1868
1479 1817
1482 1733
1489 1695
1492 1825
1497 1773
1503 1828
1504 1735
1514 1770
1518 1774
1523 1783
1526 1762
1529 1764
1530 1737
1534 1745
1539 1972
1542 1778
1549 1849
1551 1779
1553 1798
1554 1794
1557 1765
1561 1823
1562 1771
1565 1712
1569 1847
1572 1883
1573 1812
1575 1943
1581 1995
1584 1893
1588 1979
1592 1902
1594 1763
1596 1986
1597 1864
1598 1905
1602 2037
1603 1949
1604 1954
1608 2005
1610 1916
1612 1894
1613 1865
1617 1970
1618 1922
1619 1907
1620 1860
1623 1929
1633 1974
1638 1938
1641 1890
1643 1799
1645 1975
1648 1836
1651 2057
1653 2062
1656 1840
1660 1900
1664 1844
1673 1934
1679 2017
1681 1931
1685 1935
1687 1996
1692 2046
1700 2019
1702 1910
1719 2102
1720 2092
1721 2038
1722 1952
1724 1971
1736 2202
1742 2220
1744 2007
1761 2176
1762 1984
1768 2145
1772 2013
1775 2042
1786 2139
1790 2027
1803 2282
1806 2109
1815 2002
1818 2117
1819 2225
1823 2224
1832 2270
1836 2296
1838 2048
1843 2392
1854 2125
1858 2278
1859 2213
1864 2272
1868 2358
1869 2185
1871 2227
1875 2234
1888 2143
1889 2314
1891 2249
1898 2228
1903 2156
1913 2304
1916 2320
1919 2421
1926 2498
1929 2280
1931 2373
1934 2377
1941 2376
1943 2409
1963 2302
1976 2415
1982 2324
1999 2444
2016 2446
2017 2451
2020 2308
2030 2482
2048 2608
2053 2548
2060 2534
2061 2441
2065 2526
2071 2429
2072 2432
2076 2663
2079 2456
2086 2502
2089 2609
2091 2712
2097 2484
2102 2596
2105 2573
2107 2483
2111 2430
2112 2704
2121 2750
2127 2695
2139 2595
2143 2783
2152 2601
2157 2676
2158 2602
2168 2603
2174 2665
2175 2636
2185 2775
2189 2653
2205 2674
2208 2790
2227 2684
2234 2752
2245 2685
2268 2780
2288 2757
2328 2771
2335 2782
2336 2793
2354 2756
