f_0082558.png f_0082670.png
10 266
11 1108
27 432
39 231
45 1111
46 964
61 446
76 629
77 1270
84 98
95 1062
99 658
100 400
108 211
118 376
120 208
124 325
129 97
132 844
133 457
134 841
135 384
141 556
149 997
151 385
155 822
157 677
164 177
179 1177
181 1375
193 282
197 919
198 1304
204 1331
208 1703
209 452
216 339
218 228
240 960
247 543
248 198
258 342
267 689
272 871
313 485
325 1232
330 110
332 1415
336 1276
349 1197
353 1115
363 827
370 1065
375 1265
389 1046
392 763
397 332
401 333
410 259
412 715
414 166
415 317
422 770
427 966
432 1052
452 418
455 892
466 582
470 358
475 1352
480 311
482 744
490 308
493 870
505 538
507 1146
513 1291
524 866
528 798
530 1245
532 1339
554 1051
563 1097
568 620
571 1396
593 1273
602 1125
603 868
607 693
618 341
628 1324
630 829
635 855
636 902
639 355
650 1345
666 523
674 858
677 845
682 386
683 1640
684 170
689 1139
690 167
707 500
710 968
713 698
726 837
730 425
731 566
736 265
737 1049
738 1636
742 1819
743 1100
750 1088
761 787
765 373
767 352
774 955
778 690
787 229
793 597
796 977
801 891
823 1416
828 800
830 274
843 289
859 760
863 395
864 578
878 1439
887 1268
893 663
895 438
902 1035
911 939
921 1409
926 1373
927 322
945 344
955 149
956 1048
957 981
960 1246
971 552
972 518
985 184
987 1594
1011 1034
1013 189
1024 923
1029 817
1035 1148
1039 1169
1051 692
1056 43
1063 145
1064 1001
1072 806
1077 111
1080 1779
1082 908
1087 1488
1097 280
1098 1127
1104 1166
1108 1582
1111 532
1120 952
1121 288
1124 1301
1127 1248
1136 1013
1147 524
1154 936
1173 1411
1175 415
1178 1180
1180 716
1184 1181
1188 707
1196 1668
1207 310
1227 1044
1235 1157
1236 996
1239 285
1242 925
1243 950
1248 626
1250 1040
1251 630
1264 279
1265 1156
1272 1834
1273 1066
1280 628
1285 1437
1308 970
1311 1178
1324 1007
1330 994
1336 1201
1338 488
1345 789
1377 181
1378 138
1381 830
1385 351
1403 1350
1418 732
1420 652
1431 315
1458 243
1462 797
1464 723
1467 824
1473 862
1478 468
1537 1090
1538 699
1539 1000
1543 1724
1552 963
1554 128
1569 378
1581 780
1584 292
1598 331
1602 1143
1605 918
1608 1490
1611 1355
1614 928
1617 1098
1620 436
1627 754
1633 548
1635 1209
1645 535
1650 1735
1655 849
1656 476
1666 880
1671 475
1674 497
1675 371
1684 398
1689 946
1692 1866
1702 567
1706 1033
1708 361
1714 888
1725 875
1732 210
1744 1312
1752 1646
1753 929
1762 1404
1777 603
1782 1132
1787 684
1796 479
1799 610
1807 163
1815 1061
1821 1031
1827 1280
1838 494
1854 1158
1860 550
1869 812
1879 467
1890 502
1895 1663
1898 570
1913 1287
1916 126
1918 1076
1920 1514
1922 1203
1929 1655
1940 1808
1944 171
1946 147
1947 816
1952 804
1956 1118
1962 1457
1971 1383
1973 758
2007 571
2008 146
2022 522
2025 338
2026 1210
2034 740
2042 1036
2055 586
2056 290
2066 1483
2086 1213
2096 1053
2100 810
2104 553
2117 913
2121 539
2126 305
2135 788
2148 993
2158 156
2161 979
2162 973
2169 455
2172 949
2175 642
2178 1063
2187 281
2188 1282
2214 1259
2242 669
2248 1590
2256 286
2278 1101
2283 1192
2287 935
2294 79
2298 207
2303 1318
2309 1187
2321 117
2334 574
2335 165
2338 1725
2354 1168
2357 834
2367 1159
2373 945
2377 915
2378 496
2390 615
2394 984
2415 917
2416 569
2420 1407
2423 270
2427 805
2435 1405
2448 1009
2463 1003
2475 1117
2478 555
2501 1616
2508 1403
2511 1444
2512 703
2513 1026
2514 976
2516 188
2521 536
2528 1202
2532 533
2533 478
2539 32
2541 1504
2543 599
2548 786
2552 1095
2557 287
2566 1039
2571 445
2588 772
2590 273
2593 542
2594 573
2616 835
2628 1174
2632 306
2639 696
2642 600
2644 1130
2650 624
2660 1011
2661 568
2680 1336
2694 775
2702 1225
2731 1378
2741 920
2746 697
2750 741
2757 203
2773 1236
2774 480
2795 530
2799 477
2814 1072
2822 1370
2829 1069
2831 220
2834 879
2855 595
2856 1297
2857 893
2862 1290
2864 1455
2868 633
2869 345
2888 823
2896 442
2917 974
2919 612
2921 681
2939 294
2955 675
2967 1120
2978 508
2981 1293
