f_0082776.png f_0082942.png
31 363
49 371
66 1474
78 971
92 681
94 445
100 975
106 968
121 378
130 580
134 602
136 934
137 980
138 1495
159 984
208 1029
221 746
223 767
238 160
247 533
251 464
261 890
271 191
282 1204
304 1138
316 1203
318 1304
320 630
324 734
340 1202
346 1374
347 1768
349 136
355 278
359 885
384 1033
385 1279
393 944
398 640
411 1085
445 1123
448 1722
459 1283
491 1076
501 962
534 1043
541 332
542 895
543 1014
545 1149
582 1188
591 1348
600 1007
603 1234
606 1097
617 1525
636 1219
637 1328
661 1263
697 1541
705 1231
720 1020
721 1171
726 1277
727 1368
728 1681
741 982
742 1272
743 1433
750 1177
764 1318
770 1471
779 1018
781 1428
785 1621
792 1571
804 1310
810 1437
811 1530
815 1452
821 1327
829 1215
862 732
868 1059
890 1486
891 1600
906 804
914 1392
917 1554
918 1704
933 1514
944 1616
945 1965
952 1366
956 1969
960 1591
969 850
1002 1302
1020 1414
1030 1540
1059 1101
1062 1507
1064 1440
1071 1804
1084 1431
1086 1744
1089 1120
1092 1218
1093 1201
1095 1925
1104 1447
1112 2013
1115 1409
1117 855
1119 1230
1124 1265
1138 1801
1143 1280
1148 2052
1149 2001
1151 1407
1158 1529
1160 1322
1162 1654
1172 1910
1194 1674
1226 2007
1243 1429
1256 1161
1259 1849
1274 1848
1280 1968
1282 1416
1291 1892
1300 1742
1301 1800
1313 1656
1314 1741
1336 1960
1348 2073
1355 1995
1372 1979
1374 1314
1381 1906
1382 1923
1393 1577
1399 2099
1403 1714
1404 1731
1409 1973
1413 1396
1443 1512
1444 1560
1446 2227
1450 1771
1457 1861
1481 1537
1507 2226
1534 1693
1556 2276
1569 2118
1584 2159
1650 1463
1678 1922
1696 1885
1700 2053
1716 1519
1780 1796
1808 1868
1817 1682
1836 2237
1862 2200
1973 1812
2028 2038
