f_0082864.png f_0082928.png
6 1506
7 1993
26 897
33 651
39 475
43 628
63 592
87 386
88 752
90 991
122 29
129 1431
150 481
159 749
166 1712
185 2053
188 579
191 553
202 1544
205 829
212 165
216 2372
222 1020
254 1233
280 1459
283 782
286 312
288 1605
289 1122
302 2023
311 1735
317 2351
322 1573
331 1071
337 1747
340 1173
355 691
357 827
358 282
361 330
362 1494
368 605
398 159
406 716
409 800
423 596
436 1260
443 1200
467 1206
476 721
487 754
530 214
531 1397
541 688
542 939
543 1285
545 283
548 1888
556 1620
576 1568
609 450
618 885
633 426
659 1864
665 774
667 1355
670 864
680 1451
694 192
710 738
723 1684
724 593
757 1484
759 344
765 895
767 726
776 1670
812 819
813 368
819 744
860 1500
861 767
886 1034
888 603
889 694
900 877
901 1953
912 1797
972 667
977 671
1029 1018
1041 1551
1045 1537
1053 1316
1061 1977
1070 995
1072 1321
1082 1558
1105 1571
1106 699
1137 643
1183 1580
1190 1857
1206 735
1207 38
1210 373
1218 1140
1220 158
1234 1415
1257 378
1258 1137
1262 876
1270 1232
1276 1438
1287 387
1299 106
1312 1478
1342 417
1361 828
1369 1992
1376 15
1380 195
1400 805
1406 1470
1408 867
1431 1841
1437 509
1475 816
1485 1589
1495 463
1518 1699
1533 1271
1534 1509
1550 1540
1553 759
1586 750
1598 326
1606 589
1609 908
1619 2011
1620 801
1639 2137
1673 376
1674 191
1684 1663
1706 465
1708 1775
1709 1618
1712 1527
1718 1364
1731 821
1745 1150
1748 1390
1749 495
1757 1160
1759 1175
1762 861
1775 1750
1782 560
1792 403
1800 1700
1807 1040
1824 1736
1831 1908
1836 1227
1843 882
1863 471
1866 1482
1872 1833
1877 1344
1879 555
1912 1458
1941 820
1943 652
1949 476
1959 557
1975 734
1983 584
2007 1130
2009 2232
2010 1177
2053 612
2061 351
2066 1669
2084 517
2087 324
2099 1912
2116 1437
2121 406
2172 146
2186 542
2213 855
2229 1893
2243 2083
2274 1439
2283 1148
2290 534
2294 51
2295 849
2327 1430
2369 554
2386 531
2395 1587
2421 25
2467 755
2473 1560
2483 1521
2516 712
2523 2181
2546 2312
2565 1942
2588 747
2616 1722
2631 357
2676 1356
2681 911
2682 1915
2683 1707
2709 564
2711 350
2731 581
2735 520
2736 1342
2775 502
2789 898
2805 838
2823 402
2848 843
2856 841
2859 1675
2881 1400
2890 1935
2913 764
2947 2183
2949 81
2979 1420
2989 333
2995 657
