f_0082620.png f_0082928.png
2 189
7 360
28 250
34 213
52 115
67 70
71 260
96 76
99 587
101 410
110 652
115 330
116 596
123 509
140 102
146 453
168 415
173 236
178 581
182 288
183 518
192 118
197 459
203 649
205 311
212 640
214 572
224 648
260 715
265 630
266 681
269 372
270 504
286 625
287 481
289 629
291 435
299 791
305 792
311 712
315 746
334 444
339 689
342 513
358 471
375 769
379 890
382 748
384 828
385 480
393 616
394 774
402 800
410 906
418 826
419 827
422 394
428 767
431 607
442 571
449 864
452 650
453 896
455 882
458 898
470 671
477 953
478 1008
489 1014
504 967
519 556
527 910
536 911
538 1059
545 1028
552 672
553 786
558 1094
564 1020
588 1072
594 1138
600 1118
617 1112
619 1126
621 772
638 1193
640 915
646 996
656 1234
690 1275
692 1354
696 735
704 837
706 1103
719 1326
789 929
795 1394
801 1405
808 1111
813 1259
829 975
843 1421
893 1004
902 1312
915 1215
919 938
922 1054
923 1285
929 1523
930 1093
936 1391
940 1324
961 1043
994 1438
1014 1390
1016 1117
1018 1320
1019 1408
1022 1331
1035 1656
1040 1554
1046 1480
1054 1634
1064 1650
1098 1688
1108 1261
1112 1692
1148 1420
1161 1717
1187 1445
1192 1724
1194 1506
1198 1787
1202 1789
1212 1473
1265 1441
1268 1289
1387 1617
1493 1953
1494 1676
1497 1802
1584 1992
1655 1933
1666 1988
