f_0082912.png f_0082858.png
47 934
49 585
51 1896
57 712
115 341
119 392
122 1303
124 1760
138 2309
148 1016
152 2371
183 2139
188 2022
219 1224
260 1694
277 1470
280 2243
285 1968
294 1389
298 2836
357 2602
371 559
393 216
425 1181
428 1676
451 1631
452 1651
504 748
508 2442
514 1000
524 1360
534 617
540 1060
608 2278
633 1492
670 1422
689 2390
696 1391
731 2677
752 1237
775 2580
798 1453
825 1596
829 2676
878 1460
885 1371
954 1913
958 1044
988 260
996 1030
1016 2831
1039 1094
1043 2372
1049 1755
1127 772
1131 2120
1148 1364
1190 2326
1196 1958
1223 2373
1234 1536
1235 990
1285 1178
1318 1832
1329 2374
1357 1883
1427 1272
1433 1681
1436 1203
1478 1442
1492 2014
1496 1279
1505 2073
1547 1344
1558 1867
1566 1309
1570 2397
1585 1515
1593 1143
1633 1686
1653 1904
1682 1340
1689 1204
1715 1029
1719 2088
1726 795
1731 1356
1734 591
1771 902
1822 1308
1834 1075
1839 2116
1842 1346
1870 857
1871 775
1877 1071
1900 645
1912 1275
1914 1341
1926 404
1928 1327
1931 1653
1989 2289
2018 917
2033 2512
2072 1248
2075 2335
2079 1812
2099 1412
2142 2670
2159 1230
2171 1388
2186 532
2203 1083
2271 1595
2297 2482
2311 1210
2371 1835
2381 2516
2397 1756
2398 2682
2464 2828
2476 848
2479 1479
2514 2767
2594 2065
2711 2172
2775 1866
2840 1954
2843 2437
2887 2265
2978 1794
