f_0082620.png f_0082724.png
6 13
11 83
21 35
24 61
35 49
98 185
132 202
160 168
214 250
229 230
339 331
344 378
345 354
360 475
383 365
390 409
391 414
401 442
402 348
425 451
428 472
449 371
455 376
487 417
501 418
510 567
527 511
564 464
588 428
608 695
612 547
619 453
677 854
707 552
739 530
745 619
747 538
750 852
804 756
805 565
809 548
817 758
924 879
929 634
944 781
946 591
952 587
962 830
1005 939
1026 941
1089 1092
1107 1011
1108 1032
1116 1009
1157 833
1160 1140
1169 974
1201 1010
1204 990
1230 790
1265 1105
1268 1117
1300 1050
1399 1038
1417 1312
1441 1285
1447 1230
1460 1245
1478 1122
1508 1313
1523 1135
1527 1119
1567 1395
1575 1068
1580 1222
1583 1180
1584 1096
1586 1197
1645 1241
1647 1086
1656 1125
1657 1130
1666 1201
