f_0082702.png f_0082642.png
91 52
139 103
142 108
181 60
281 202
284 203
285 69
395 290
398 660
410 404
439 482
466 459
469 425
478 575
487 753
497 507
503 631
520 690
541 576
558 373
623 477
630 462
665 577
739 881
755 803
764 813
827 855
831 867
904 1283
923 872
934 1212
953 938
958 990
963 957
978 1082
991 1292
1000 1083
1005 1147
1006 1241
1018 1338
1019 985
1028 1019
1029 1333
1039 1120
1063 1099
1143 1200
1164 1225
1168 1395
1174 1349
1184 1262
1191 1357
1229 1370
1231 1609
1253 1407
1268 1216
1313 1397
1324 1492
1344 1526
1345 1532
1380 1586
1390 1773
1400 1561
1429 1693
1453 1891
1472 1913
1495 1870
1526 1887
1564 2131
