f_0082620.png f_0082876.png
2 379
41 412
123 477
171 537
182 498
184 500
193 519
209 614
265 594
266 623
278 526
282 570
286 593
327 670
378 685
381 674
382 675
391 684
398 624
402 691
406 669
428 713
438 788
441 678
444 731
456 769
464 774
503 795
513 828
525 778
551 738
553 767
559 794
565 866
576 810
587 805
598 894
604 818
615 833
625 925
628 937
632 882
633 921
646 899
650 950
672 934
687 905
716 876
727 973
735 982
741 943
743 859
746 1003
772 1044
791 1022
798 1021
813 1060
819 1070
822 983
832 948
846 1010
853 1096
862 1064
876 1078
897 1105
903 1091
916 1103
920 1082
924 1142
925 1146
954 1163
956 1099
963 1113
972 1053
985 1186
995 1204
998 1199
1035 1154
1042 1183
1060 1175
1073 1198
1075 1261
1077 1178
1085 1272
1098 1226
1213 1348
1236 1343
1303 1276
1345 1290
1351 1430
1401 1308
1436 1363
1532 1373
1547 1399
1647 1640
