f_0082702.png f_0082876.png
0 11
2 5
3 30
4 18
13 28
15 41
16 24
17 36
22 33
23 37
29 63
38 51
45 79
48 85
51 72
54 82
55 88
57 81
58 86
63 94
72 100
78 104
80 120
85 124
86 113
88 118
90 139
93 133
94 127
97 101
100 140
104 150
113 177
115 178
116 194
117 190
118 158
119 179
120 162
122 184
126 166
132 180
135 200
144 204
156 236
157 203
159 207
161 209
171 228
172 230
175 237
177 232
179 224
186 217
192 227
193 218
194 246
195 252
196 261
197 255
198 249
200 265
201 240
202 231
206 242
209 269
215 287
217 295
222 266
230 294
234 296
235 305
237 304
239 297
245 311
247 301
249 316
250 310
254 313
256 327
262 342
263 343
265 334
268 322
272 306
273 344
278 333
280 338
283 330
286 355
287 325
295 356
296 364
298 373
302 371
304 367
305 346
306 366
307 396
308 365
309 379
310 387
311 361
314 378
315 384
322 392
324 370
325 391
332 404
336 413
338 395
339 417
344 382
350 442
355 427
357 402
358 422
362 393
369 428
370 439
371 432
374 446
375 438
377 423
388 454
390 469
392 495
401 499
411 507
412 488
415 460
418 484
419 497
422 505
423 519
428 523
429 475
432 514
433 501
438 503
440 473
441 494
442 515
443 543
444 508
448 486
449 542
452 513
454 524
459 528
464 530
465 535
467 541
470 570
471 571
482 540
489 566
493 586
504 585
509 556
519 614
525 587
528 583
529 604
536 615
537 597
542 645
544 630
547 675
549 636
551 647
554 634
555 619
558 659
561 682
565 674
568 681
573 670
575 648
576 669
579 643
581 680
583 621
584 686
587 653
588 666
591 654
593 624
600 713
612 709
613 673
617 693
628 743
631 720
633 712
636 696
637 732
639 756
640 781
642 745
644 779
645 768
666 761
667 783
669 774
675 778
677 752
681 747
682 788
687 786
689 810
692 794
693 811
696 758
698 762
702 806
704 771
709 792
716 801
718 805
722 807
727 818
731 813
737 833
742 824
743 850
745 802
746 814
747 808
753 830
755 823
756 820
760 870
761 858
765 843
767 844
770 892
771 889
774 893
776 841
777 887
778 894
783 859
785 882
788 908
791 846
801 902
802 909
812 896
813 879
814 923
815 936
816 921
818 935
822 881
824 930
827 924
831 943
838 938
842 971
844 913
847 962
851 952
853 914
855 959
859 953
862 973
866 984
869 979
871 999
878 954
880 960
882 968
886 987
895 993
898 980
899 1002
904 1010
907 1006
909 1052
912 1027
916 1023
917 1040
918 1001
919 1005
922 1048
927 1014
935 1039
936 1054
938 1038
939 1030
941 1074
951 1064
952 1034
953 1060
954 1050
959 1056
961 1078
977 1097
986 1068
989 1069
1001 1096
1004 1081
1011 1093
1020 1111
1023 1119
1035 1106
1048 1146
1050 1116
1054 1115
1062 1144
1069 1124
1070 1164
1072 1126
1077 1163
1084 1149
1085 1140
1087 1178
1095 1169
1096 1179
1102 1180
1104 1162
1119 1212
1125 1191
1132 1218
1148 1211
1150 1184
1156 1213
1162 1228
1164 1229
1170 1201
1174 1244
1175 1245
1176 1160
1180 1241
1182 1247
1183 1251
1184 1185
1186 1239
1189 1248
1195 1236
1196 1246
1204 1254
1218 1268
1222 1279
1224 1283
1228 1285
1231 1224
1232 1277
1241 1274
1243 1281
1246 1302
1250 1305
1252 1280
1253 1295
1258 1304
1265 1310
1267 1312
1270 1320
1271 1307
1279 1319
1281 1321
1290 1328
1291 1329
1292 1324
1302 1330
1322 1352
1330 1372
1334 1360
1336 1355
1363 1413
1367 1411
1372 1395
1381 1419
1387 1435
1389 1417
1402 1433
1422 1466
1425 1450
1439 1471
1453 1515
1454 1499
1456 1505
1458 1519
1459 1517
1482 1566
1486 1540
1493 1554
1501 1549
1536 1638
1538 1605
1545 1640
1563 1642
1569 1669
1573 1647
1574 1652
1592 1657
1601 1692
1630 1679
1632 1684
1641 1713
1645 1709
1649 1719
1650 1721
