f_0082886.png f_0082928.png
170 5
174 17
183 15
186 38
187 45
188 160
209 120
210 99
220 108
248 210
259 359
263 199
268 357
277 207
279 261
284 272
287 90
288 385
302 194
318 447
325 338
326 354
332 387
335 382
339 402
347 430
355 403
361 149
371 399
375 643
384 483
390 471
405 509
416 537
423 582
432 640
441 792
446 614
464 702
478 638
481 633
484 762
489 627
493 709
502 746
506 628
507 752
512 748
524 719
537 800
538 803
539 868
550 802
582 836
584 671
589 670
590 875
591 860
592 870
593 862
599 864
607 903
608 766
609 889
616 888
623 905
630 912
641 942
691 1019
692 1057
694 1001
708 1087
716 1018
725 931
750 1135
757 1061
763 1171
773 1248
775 1189
777 1055
783 1346
792 1177
794 1130
803 1278
804 1117
806 1250
814 1291
816 1238
819 1314
832 1268
842 1418
849 1365
850 1202
852 1290
862 1401
869 1241
870 1312
878 1393
881 1374
882 1421
887 1410
889 1400
902 1507
912 1443
916 1390
917 1470
919 1551
924 1331
929 1347
940 1523
954 1517
959 1555
960 1408
972 1531
974 1576
984 1442
986 1554
995 1496
1001 1589
1005 1620
1007 1567
1008 1572
1013 1645
1014 1634
1017 1596
1018 1600
1033 1644
1034 1670
1039 1849
1044 1658
1050 1678
1051 1743
1061 1723
1062 1766
1064 1751
1067 1683
1082 1725
1096 1763
1099 1824
1154 1975
1168 1885
1178 1816
1180 2063
1201 1858
1218 1936
1225 2043
1242 1932
1244 2030
1261 2061
1275 2004
1284 2117
1294 2113
1315 2106
1326 2076
1347 2173
1357 2351
1389 2250
1390 2298
1423 2330
1456 2407
