f_0082912.png f_0082918.png
0 269
1 1134
2 42
3 192
4 1470
5 229
8 21
10 2492
12 16
13 2088
16 1767
21 1650
22 869
23 76
26 2352
30 1484
34 13
35 1102
36 539
37 284
39 1903
43 358
46 71
50 389
52 1827
53 2338
55 25
57 1096
65 1177
68 2301
71 1278
72 2071
73 2631
74 1463
81 644
87 46
90 1356
96 86
98 2710
100 117
101 364
105 1794
116 141
117 58
118 26
123 2671
127 4
129 2572
138 1997
143 75
146 2882
147 2281
152 29
157 2953
160 959
161 480
162 2146
181 307
186 1640
188 28
191 786
194 2358
205 1829
206 149
208 1303
210 2894
214 1659
220 960
232 5
234 6
237 527
239 122
240 9
241 2549
242 102
247 1057
250 37
261 1928
268 879
269 1567
277 2087
282 72
292 129
297 1863
299 101
311 2494
312 1243
315 589
320 2079
322 2634
328 2826
330 2222
338 88
339 186
344 1042
353 421
354 622
361 2306
362 2812
368 160
381 1816
383 1668
391 993
393 479
401 2076
403 865
407 1373
412 60
418 187
419 1858
423 896
426 1361
427 1085
430 1560
441 1404
446 2853
450 18
459 2364
471 2067
472 2699
475 955
481 1709
482 743
492 585
495 1524
508 1509
518 2729
520 352
527 1987
535 1264
540 1604
543 785
545 145
548 2164
549 388
551 154
552 2437
557 281
567 937
573 1214
580 1063
584 240
586 315
595 1784
608 815
609 1077
610 2077
619 2250
621 1269
622 350
624 2202
628 1420
633 79
636 1491
643 2425
644 2334
649 314
652 2454
656 398
658 2090
662 1359
665 2648
668 1347
680 779
684 996
696 768
697 500
701 1745
702 1696
707 725
709 2762
710 823
712 780
718 2682
729 208
730 1326
743 1366
744 2512
747 2803
756 2264
758 2748
772 131
778 716
779 789
783 49
788 927
790 1782
795 2544
797 2140
798 1415
801 482
803 2500
808 2208
810 516
812 1970
813 905
817 1488
820 1091
822 2870
825 1701
826 1165
831 1088
839 1969
840 849
842 2537
844 1529
846 1130
849 254
864 2231
866 2962
867 2923
868 1325
870 1354
878 2781
880 629
886 1116
890 1374
896 410
897 381
898 47
899 1016
903 346
916 2329
920 2317
925 2764
927 2350
928 689
935 73
954 1791
957 2083
984 2248
993 63
1008 1598
1011 1440
1032 1548
1034 1569
1038 581
1045 612
1047 1174
1049 2327
1052 2951
1053 2633
1054 1095
1058 1772
1059 2228
1063 1826
1082 555
1084 1175
1094 2064
1095 601
1109 430
1120 441
1122 1612
1124 2465
1128 1562
1136 2256
1146 2509
1148 166
1156 1547
1157 1726
1160 1961
1163 2051
1164 1002
1165 2614
1171 120
1172 1622
1173 2666
1175 1922
1186 908
1189 2262
1191 1785
1195 1224
1202 961
1205 416
1212 2557
1214 1213
1215 1856
1221 1715
1231 529
1236 1884
1239 1621
1250 275
1261 727
1265 259
1280 2347
1285 929
1295 1617
1306 2424
1307 1846
1310 484
1314 2827
1316 146
1317 2472
1320 2291
1324 390
1331 2818
1343 2359
1344 2295
1349 933
1351 2846
1353 1645
1359 1870
1360 506
1362 1157
1368 316
1371 1635
1372 766
1386 1908
1388 2735
1390 312
1404 1006
1406 1124
1409 665
1410 1451
1419 2782
1425 387
1428 1329
1435 431
1437 531
1439 1796
1445 907
1447 1991
1449 1920
1456 1008
1460 1038
1462 1117
1466 687
1467 579
1477 81
1478 2508
1481 456
1488 2967
1504 1218
1514 1122
1518 1629
1521 1554
1524 67
1530 1749
1531 2914
1532 755
1535 2484
1538 2036
1541 2639
1557 287
1567 2966
1568 1171
1569 744
1571 179
1579 1442
1581 464
1589 801
1591 2972
1595 48
1602 1018
1605 1365
1606 234
1611 1510
1616 2193
1622 1201
1624 2315
1625 2605
1631 910
1635 2234
1636 1594
1638 1795
1641 2012
1646 1756
1656 2831
1665 221
1666 1064
1668 2784
1669 1973
1670 1479
1671 1983
1682 1687
1694 1811
1695 1762
1697 1665
1701 1960
1703 413
1712 1692
1714 366
1715 820
1717 1216
1719 2309
1723 486
1730 767
1743 2483
1745 1198
1755 40
1760 2283
1761 1614
1762 2121
1765 1583
1794 1412
1799 1923
1800 400
1802 623
1803 1888
1805 1286
1806 104
1810 1039
1819 2109
1822 2580
1824 884
1831 24
1837 2240
1838 923
1846 1450
1853 654
1865 797
1872 1505
1873 1632
1883 2766
1891 2779
1893 2305
1898 1000
1904 422
1917 1342
1923 1467
1926 197
1930 1150
1931 2021
1942 1889
1948 2344
1955 1886
1960 1353
1970 989
1983 22
1997 2300
2003 1139
2004 1616
2012 93
2018 842
2020 587
2025 106
2026 925
2033 537
2036 2074
2044 497
2045 2832
2048 1786
2049 2025
2053 802
2054 2034
2056 2063
2069 2888
2082 646
2087 1582
2089 2130
2091 1976
2095 99
2102 2906
2109 2797
2116 2865
2120 2378
2121 833
2123 1070
2136 1027
2139 1643
2141 2044
2145 1545
2154 1209
2156 188
2161 835
2164 697
2172 1322
2175 1573
2176 2010
2178 1802
2180 1700
2189 2891
2191 2487
2197 2958
2201 1737
2210 2618
2216 2664
2224 2852
2229 2686
2230 658
2234 2197
2240 2548
2250 2755
2251 1140
2256 1637
2260 2899
2271 1671
2276 2065
2277 1160
2294 1191
2298 379
2304 735
2313 1152
2324 888
2327 2847
2336 1120
2344 1652
2351 732
2352 1033
2365 2495
2367 1489
2368 2209
2369 293
2381 624
2383 39
2388 2763
2405 2607
2406 1817
2411 2706
2413 2266
2418 885
2420 586
2421 331
2423 2624
2425 737
2441 1927
2448 1307
2451 2031
2458 1233
2460 1478
2467 2323
2492 1444
2503 210
2509 1911
2511 967
2512 2823
2513 252
2515 2575
2525 2996
2526 2765
2546 123
2547 635
2549 2299
2562 1939
2587 770
2592 1462
2596 757
2604 681
2617 1945
2626 710
2636 1521
2657 299
2658 514
2659 1981
2663 218
2670 2189
2671 2872
2673 2981
2686 976
2690 2904
2695 1248
2700 2737
2728 334
2730 2297
2736 1788
2738 2190
2741 83
2742 2114
2746 2470
2756 844
2771 2947
2774 144
2782 1885
2784 1710
2786 1105
2789 1115
2791 2611
2796 2399
2806 2136
2811 170
2832 2363
2833 452
2839 714
2845 2843
2848 36
2849 778
2852 1618
2854 1332
2858 2110
2860 895
2866 1178
2867 2935
2877 59
2881 453
2888 220
2908 2731
2909 2594
2917 1675
2933 77
2939 608
2947 2414
2953 2506
2955 1910
2958 2443
2964 2280
2980 2811
2987 1676
2988 1517
2989 1279
