f_0082886.png f_0082670.png
52 71
57 56
60 21
87 83
90 74
119 224
136 258
142 213
151 294
159 106
166 146
176 44
182 351
183 166
186 94
187 89
200 76
208 277
209 132
210 24
211 414
223 185
233 230
234 186
238 282
241 454
243 394
253 433
255 220
263 339
264 231
272 469
277 115
282 457
284 157
289 104
290 425
291 310
292 499
295 217
297 327
303 102
305 215
312 434
325 334
326 325
329 423
330 212
332 241
343 463
347 262
353 508
357 538
365 478
368 532
384 270
397 560
399 474
404 652
420 416
421 402
422 386
437 307
440 336
444 654
482 468
488 721
494 573
496 603
497 567
498 561
499 456
504 472
506 612
512 569
537 610
539 515
547 857
553 448
556 624
582 643
584 709
596 905
607 684
610 576
617 588
626 589
627 954
665 685
674 1007
692 834
694 760
695 661
697 730
704 835
729 928
732 751
736 767
750 879
756 1039
758 911
763 880
771 938
775 906
792 970
793 1058
806 997
807 832
822 1204
832 940
839 1116
841 872
852 1117
857 1157
869 1202
916 1158
930 1104
951 1187
954 1147
971 1211
972 1201
975 1099
989 1372
1001 1209
1005 1203
1013 1219
1016 1420
1027 1248
1036 1270
1050 1510
1052 1273
1062 1308
1065 1224
1075 1325
1090 1364
1091 1349
1096 1368
1104 1343
1132 1404
1145 1598
1164 1608
1188 1467
1195 1640
1304 1766
1363 1894
1367 1856
1405 1877
1433 1926
