f_0082558.png f_0082942.png
37 707
44 1374
77 1545
132 1132
143 1663
149 1186
155 1040
166 1571
173 329
178 950
202 672
211 1480
215 344
224 310
228 83
231 308
247 368
260 680
265 540
268 230
296 1313
308 1614
317 1161
325 1471
333 610
354 370
384 900
388 915
456 242
500 1253
522 1692
529 1991
541 407
552 396
575 128
608 1760
615 1434
630 874
639 624
706 1602
737 1276
748 1620
754 857
756 615
832 963
850 1637
868 602
876 1263
904 888
912 1570
919 930
920 1014
948 251
957 1209
965 1659
979 1296
985 63
1016 775
1035 1469
1054 1238
1072 1076
1074 649
1106 1727
1146 1561
1192 988
1194 655
1195 1499
1252 256
1258 1487
1268 640
1317 1146
1350 923
1361 121
1367 630
1379 628
1389 1018
1401 1715
1424 1278
1449 473
1472 661
1475 1093
1503 436
1513 1739
1514 422
1531 746
1555 1385
1562 789
1609 1043
1633 463
1645 554
1653 1395
1655 1127
1673 699
1689 1171
1693 175
1705 665
1707 1532
1714 1166
1749 1007
1777 727
1834 419
1846 751
1854 1332
1866 1439
1878 1097
1898 737
1919 688
1944 91
1946 195
1955 1055
1978 883
1980 596
1985 544
2007 771
2009 580
2034 944
2111 658
2115 1252
2130 1524
2134 666
2167 1441
2175 734
2205 689
2218 1667
2220 1535
2244 1059
2266 627
2284 848
2285 639
2292 852
2316 518
2325 466
2336 1567
2369 1277
2372 663
2379 673
2391 363
2412 1719
2414 1365
2415 1168
2426 358
2452 629
2457 795
2473 1454
2479 149
2484 1074
2489 782
2498 1124
2551 1239
2594 714
2598 1362
2660 1251
2661 508
2671 752
2678 516
2697 1785
2703 839
2729 1551
2735 1910
2819 1521
2833 643
2849 378
2888 1022
2919 716
2967 1428
2986 144
2987 721
2992 1470
