f_0082876.png f_0082942.png
22 8
24 34
62 89
102 46
104 97
113 7
125 106
126 116
131 146
138 131
151 28
152 69
163 73
167 2
169 162
172 3
175 68
177 50
179 105
186 100
188 183
195 269
198 142
199 346
207 197
211 170
222 150
228 39
230 71
237 115
238 347
241 324
255 187
263 237
267 45
272 114
273 149
275 235
288 304
295 296
296 303
299 263
310 80
317 447
319 144
320 280
321 411
322 575
326 292
330 412
338 448
344 360
355 446
356 498
357 201
358 438
359 475
360 365
361 617
362 537
368 430
377 480
379 502
383 467
389 246
390 465
391 542
392 191
395 230
398 229
400 509
404 349
405 456
412 435
413 570
415 268
426 453
428 670
430 363
435 267
441 581
445 275
449 669
451 522
456 725
463 559
465 643
472 451
474 685
484 692
485 754
487 567
488 649
490 673
497 763
500 544
507 592
508 711
510 239
514 369
517 704
523 603
526 355
534 677
548 707
550 376
562 752
565 797
567 786
570 580
572 808
575 407
587 463
589 795
593 615
595 687
608 810
611 494
614 827
617 824
622 548
624 317
626 681
627 769
634 539
639 840
641 512
642 879
646 595
651 866
659 831
663 839
668 906
670 852
674 746
676 868
679 716
681 728
691 815
692 925
697 676
710 809
714 1002
717 957
725 1063
726 1054
732 819
739 964
742 1099
744 870
745 1065
754 1012
756 891
757 1030
776 679
779 890
792 1026
795 931
796 1078
797 1241
805 776
819 973
828 1131
829 1094
832 775
839 1125
840 1009
857 1077
858 1124
860 883
864 1173
869 1023
870 1104
878 1008
882 1139
888 1085
889 1138
890 1144
915 1287
917 1006
922 1330
933 900
936 1179
937 1285
945 1043
949 1021
950 1275
967 1018
1000 1369
1006 1013
1008 1418
1016 1038
1054 1186
1057 1457
1058 1225
1062 1377
1064 1199
1067 1081
1073 1084
1074 1405
1086 998
1089 1262
1091 1252
1097 1420
1099 1393
1100 1472
1102 1438
1106 1503
1112 1458
1119 1460
1128 1201
1137 1112
1138 1218
1139 1386
1142 1371
1144 1302
1153 1392
1165 1296
1178 1564
1185 1184
1187 1237
1197 1198
1200 1357
1203 1410
1216 1292
1217 1338
1228 1448
1229 1545
1244 1440
1245 1572
1249 1628
1256 1299
1263 1429
1271 1451
1279 1527
1293 1396
1314 1638
1320 1591
1324 1627
1325 1692
1336 1561
1340 1867
1354 1575
1375 1696
1380 1634
1382 1728
1392 1961
1420 1762
1432 1988
1438 1725
1443 1969
1449 1910
1451 1932
1457 1785
1464 1892
1480 1690
1492 1891
1494 2080
1495 1948
1499 2056
1504 1979
1513 2074
1522 2164
1530 1936
1550 2097
1588 2060
1610 2019
1611 2138
1644 2201
1648 2215
1651 2133
1652 2293
