f_0082946.png f_0082952.png
105 61
106 86
125 31
134 11
135 20
146 19
162 109
166 233
170 81
172 40
178 15
180 115
182 26
192 151
203 99
211 95
213 6
215 64
221 224
223 121
230 196
244 265
246 212
248 229
252 215
255 225
262 191
269 327
279 248
280 339
285 247
288 295
295 200
298 354
306 273
319 190
324 318
325 448
330 393
331 259
334 289
342 357
344 414
351 424
355 480
356 508
363 304
365 472
367 298
368 299
375 509
384 314
387 428
391 317
392 578
401 575
416 526
419 583
423 606
424 611
431 366
436 567
439 629
452 572
456 492
457 499
458 590
463 656
468 562
471 451
472 460
473 491
474 484
475 697
478 704
483 679
486 683
498 490
503 604
509 709
511 708
526 593
527 588
528 712
532 717
534 703
536 744
542 735
546 505
553 555
555 742
556 757
557 779
561 738
563 783
566 736
579 759
592 825
601 689
609 802
611 789
616 734
617 762
627 830
628 725
635 849
642 796
646 769
647 770
657 817
665 845
671 869
674 875
690 937
696 848
697 895
702 914
709 965
713 906
719 976
723 865
724 867
726 863
729 866
730 868
731 843
734 882
742 985
744 851
745 910
746 935
756 970
759 926
769 1016
770 1048
784 960
787 893
789 958
790 1033
791 1056
799 996
801 984
804 969
805 1018
812 1013
813 1006
814 1024
815 1059
818 1045
822 1120
832 1070
838 1058
839 1099
841 1158
847 1090
853 1156
854 1069
857 998
859 1166
864 1065
866 1128
870 1161
874 1134
875 1186
876 1022
877 1097
881 1039
887 1147
888 1176
889 1154
894 1230
895 1076
896 1229
900 1067
907 1096
928 1290
936 1227
939 1250
942 1201
946 1214
963 1272
967 1274
975 1289
976 1293
983 1362
984 1338
985 1339
986 1367
992 1259
999 1257
1002 1285
1006 1331
1010 1354
1013 1288
1018 1284
1024 1389
1046 1369
1054 1352
1059 1420
1064 1351
1065 1395
1066 1414
1078 1366
1079 1413
1091 1374
1092 1425
1093 1407
1094 1418
1095 1492
1108 1491
1123 1475
1130 1438
1131 1481
1135 1474
1136 1535
1150 1486
1158 1459
1159 1529
1164 1499
1165 1561
1178 1530
1181 1643
1182 1615
1185 1508
1188 1670
1194 1667
1200 1681
1202 1700
1210 1626
1224 1575
1233 1568
1240 1726
1242 1618
1252 1709
1255 1630
1260 1742
1264 1604
1279 1625
1296 1665
1305 1673
1313 1685
1318 1776
1321 1818
1333 1883
1337 1831
1340 1716
1359 1847
1360 1895
1363 1845
1364 1852
1387 1933
1400 1902
1415 1809
1421 1850
1423 1909
1429 2019
1439 1923
1440 1920
1445 1907
1446 1846
1458 1943
1470 2003
1474 1953
1488 1970
1503 1969
1512 1974
1526 2080
1528 2012
1529 2017
1537 1975
1543 2053
1570 2064
1577 2014
1585 2067
1613 2048
1615 2106
1619 2143
1634 2144
1641 2136
1646 2200
1647 2149
1659 2224
1660 2153
1663 2228
1680 2239
1714 2296
1716 2303
1718 2250
1723 2294
1738 2287
1744 2327
1746 2328
1755 2334
1757 2280
1772 2376
1803 2291
1814 2373
1827 2512
1871 2528
1914 2535
1929 2562
1937 2501
1943 2566
1949 2530
