f_0082868.png f_0082928.png
11 1451
16 630
27 1368
37 802
42 1139
46 119
49 642
63 859
88 1404
106 2043
109 381
123 716
141 1405
144 972
162 935
167 1606
179 193
185 133
186 2059
199 1010
211 365
217 700
232 951
236 428
270 1757
286 210
288 930
305 1884
327 927
334 1121
335 513
337 126
345 873
352 1759
356 1483
359 1369
365 1193
376 1795
380 584
387 693
390 238
392 808
394 48
401 1844
404 574
408 593
413 1937
419 1162
429 417
461 322
488 1277
490 1755
497 446
510 1241
513 751
524 1494
533 1133
553 1634
564 773
567 2300
568 1083
574 2073
581 230
582 196
590 1668
595 1347
604 775
628 1596
629 1018
636 294
644 2022
656 1544
658 1019
666 629
669 485
671 989
678 514
712 768
713 1660
729 1061
733 884
753 1491
757 542
762 969
765 524
774 204
787 1678
788 562
795 12
796 904
817 681
834 701
837 9
847 770
856 356
859 1408
866 942
868 810
874 1300
878 1207
887 1768
898 602
905 520
925 913
927 1062
941 1421
947 290
964 690
973 785
975 814
994 475
1017 796
1022 1763
1027 1331
1030 2387
1032 166
1049 820
1064 1349
1076 312
1077 502
1080 1352
1113 421
1130 1473
1137 2065
1146 1001
1157 821
1168 544
1171 1425
1183 1322
1203 1542
1209 1785
1217 49
1219 1525
1232 582
1266 1509
1267 2234
1284 1700
1291 2378
1295 122
1326 650
1328 579
1344 380
1347 459
1349 1420
1369 467
1394 472
1407 504
1415 1723
1417 2123
1451 2002
1476 1725
1482 373
1483 1088
1502 481
1522 2006
1523 772
1533 1482
1536 887
1537 2298
1543 1530
1544 1219
1547 746
1549 1936
1557 2176
1577 1670
1578 379
1586 479
1601 920
1617 1392
1635 1120
1639 197
1656 1134
1673 1442
1674 2139
1681 51
1683 1004
1691 2169
1698 578
1720 1016
1729 1694
1734 555
1737 2455
1739 482
1757 615
1769 430
1779 589
1784 1594
1786 266
1805 1615
1819 576
1822 1258
1840 882
1843 837
1845 633
1847 689
1849 1084
1856 1496
1859 1052
1866 1078
1875 395
1886 2434
1903 1749
1926 311
1927 1384
1928 1538
1933 2112
1938 161
1943 946
1959 519
1961 883
1972 799
1980 176
1988 2432
1992 1187
2007 153
2020 1414
2031 1140
2035 1629
2064 488
2066 1374
2080 36
2081 1159
2093 2199
2098 160
2114 2260
2150 1516
2156 1683
2165 1011
2173 2150
2193 1208
2200 1981
2201 842
2212 869
2222 1647
2238 118
2255 545
2304 861
2307 1691
2317 1611
2318 340
2327 2451
2340 685
2345 980
2357 638
2361 1575
2381 657
2382 823
2395 1203
2396 62
2398 1082
2440 939
2441 2357
2447 1146
2457 532
2463 620
2470 229
2472 1035
2473 1370
2479 1478
2486 10
2491 1036
2500 180
2505 371
2517 1847
2522 1008
2533 1619
2540 105
2545 1068
2565 977
2568 124
2593 1562
2636 1806
2684 2374
2694 1148
2699 767
2703 1564
2708 1521
2709 512
2726 282
2770 2005
2774 1153
2827 558
2831 1454
2837 999
2861 149
2873 677
2877 2190
2890 1693
2891 1953
2918 309
2919 1057
2939 108
2944 1090
2954 1091
2969 1190
2990 1610
