f_0082558.png f_0082918.png
4 71
5 2691
11 157
29 46
34 629
38 2857
44 132
61 1507
62 1635
66 823
68 801
87 1356
90 1385
95 829
115 722
120 560
121 944
124 1086
131 573
132 1539
146 31
149 1010
173 66
186 1714
202 2774
205 1779
207 41
224 2746
235 2426
243 2988
244 2993
247 211
283 1190
301 1225
305 2645
306 1609
313 817
333 895
349 1141
354 1554
356 1153
370 635
389 2738
390 1904
394 838
414 2119
497 2749
501 2665
530 1996
545 509
552 92
595 1177
597 1453
602 2600
622 2090
626 2458
630 461
690 2202
694 1197
696 2174
724 63
731 2920
733 1292
743 2592
754 1522
774 1007
784 2763
789 519
818 1667
820 557
830 243
842 1914
864 23
876 1938
882 974
886 1387
891 2421
893 2904
908 2279
910 1081
911 2264
920 1395
922 1668
941 889
943 1325
950 1314
1006 1678
1016 2931
1024 580
1025 1704
1034 2157
1040 429
1045 881
1058 2256
1083 848
1093 1599
1133 807
1159 1812
1178 2929
1242 2105
1247 1202
1253 736
1259 868
1261 2138
1282 2310
1290 2726
1301 1855
1311 1524
1314 792
1317 105
1338 1398
1341 1449
1344 1497
1365 897
1371 1577
1386 2471
1397 1490
1401 29
1436 2655
1456 2398
1497 2192
1531 2314
1578 307
1579 2460
1584 1475
1586 2776
1589 2339
1608 1787
1666 386
1671 430
1672 1210
1684 1137
1688 2274
1702 2543
1708 1352
1725 1531
1730 2104
1739 2136
1742 2852
1748 2412
1765 2261
1778 966
1806 453
1821 306
1825 992
1854 2644
1860 874
1879 1203
1896 2187
1909 2341
1919 1724
1923 2569
1932 1783
1935 498
1950 1879
1955 2626
1982 1880
1985 12
1995 2887
2017 2704
2022 2766
2027 1888
2036 516
2042 2280
2057 1357
2072 253
2098 835
2100 1981
2111 1968
2118 1926
2119 563
2157 61
2159 1083
2164 2605
2165 842
2170 783
2185 1773
2207 329
2244 2197
2247 566
2249 1809
2252 1218
2261 1041
2269 154
2270 512
2282 2695
2284 1143
2288 1512
2315 525
2317 957
2322 1241
2330 1470
2336 2043
2354 1285
2357 2428
2362 2474
2364 1209
2371 1956
2373 797
2390 1685
2396 1227
2403 1347
2451 2972
2455 2262
2483 1045
2493 2836
2527 719
2534 1846
2537 1063
2543 2627
2554 2259
2563 2459
2580 1389
2597 2911
2613 320
2709 1506
2723 1853
2732 2075
2748 2182
2765 1421
2766 475
2769 1594
2774 919
2797 27
2821 2581
2834 1051
2888 266
2901 2483
2904 345
2922 1150
2936 779
2937 1628
2963 751
2995 980
2996 1901
