f_0082864.png f_0082882.png
0 563
4 30
8 252
11 547
23 869
33 336
39 287
41 887
44 534
48 457
57 1009
62 754
66 478
67 188
70 499
74 6
82 466
85 606
87 251
98 114
100 416
108 314
113 579
115 793
117 660
119 1022
121 1079
124 581
125 458
129 619
132 403
137 240
143 620
170 961
192 190
197 630
207 949
210 132
211 350
213 414
216 986
217 490
218 139
222 497
225 54
228 297
230 1139
235 719
244 76
246 867
255 757
256 444
259 560
270 425
271 29
279 161
293 143
300 417
308 342
311 730
312 682
321 758
336 372
337 797
341 182
355 328
358 199
363 406
381 323
395 128
399 398
400 200
401 641
405 184
407 61
426 836
442 127
448 1038
449 817
450 646
454 189
499 1120
501 71
503 1083
508 766
511 464
515 628
516 781
524 518
527 570
533 609
547 747
556 705
561 537
569 597
574 596
585 459
594 907
603 604
617 304
619 834
625 950
632 650
637 87
638 655
643 881
655 179
665 394
674 492
675 864
676 702
680 678
682 84
687 764
688 479
694 191
695 3
697 929
708 823
725 211
726 643
730 602
737 618
747 726
748 723
753 473
757 685
770 752
785 820
790 765
792 891
802 713
817 697
818 627
820 985
822 329
823 784
828 1025
833 310
839 164
852 573
856 734
881 8
885 312
886 513
888 271
890 886
891 227
894 15
900 419
909 333
910 927
933 166
936 599
945 77
948 1004
964 253
967 953
982 740
983 818
995 393
1004 349
1011 487
1015 607
1021 1019
1026 422
1028 434
1034 922
1053 675
1054 7
1057 967
1061 889
1070 536
1074 838
1076 541
1082 741
1089 552
1096 712
1100 919
1114 331
1116 476
1155 218
1160 274
1161 120
1171 959
1180 772
1182 156
1190 795
1199 411
1207 151
1210 204
1229 893
1237 835
1240 1011
1243 33
1252 193
1258 520
1259 316
1261 197
1264 1099
1271 215
1281 566
1282 530
1294 992
1295 34
1311 338
1313 528
1321 486
1342 243
1351 745
1355 878
1358 546
1360 157
1370 710
1372 625
1374 897
1389 840
1390 171
1395 538
1408 420
1418 814
1423 337
1426 826
1431 792
1432 472
1436 169
1440 732
1454 483
1458 958
1475 409
1476 296
1495 286
1525 334
1533 569
1547 913
1553 443
1559 148
1562 562
1567 658
1568 970
1573 720
1582 810
1594 280
1597 176
1615 634
1630 863
1634 402
1640 603
1641 629
1643 819
1646 268
1647 760
1650 920
1651 387
1672 521
1684 770
1686 1003
1694 591
1705 990
1708 789
1719 576
1721 796
1736 526
1738 395
1749 309
1759 611
1769 1113
1783 511
1785 1082
1791 735
1824 786
1842 884
1861 828
1871 984
1875 1
1877 632
1888 1090
1901 284
1922 584
1927 799
1939 1029
1951 502
1965 574
1990 436
1997 21
2008 152
2010 594
2011 299
2017 442
2019 482
2022 91
2024 938
2040 1046
2047 16
2059 564
2060 575
2066 785
2068 203
2074 902
2084 354
2101 623
2116 621
2117 827
2122 642
2123 106
2126 82
2127 254
2128 489
2131 645
2138 592
2139 470
2145 495
2173 1131
2183 666
2186 344
2190 898
2200 557
2208 567
2210 101
2216 736
2217 1066
2219 382
2238 539
2241 708
2244 693
2256 263
2262 14
2263 661
2268 955
2292 999
2295 441
2296 228
2297 469
2308 384
2324 370
2325 174
2353 292
2359 928
2368 95
2374 456
2377 388
2384 40
2386 266
2399 1055
2401 572
2435 113
2438 890
2446 186
2465 771
2476 66
2483 742
2484 356
2503 275
2520 471
2535 874
2536 450
2537 744
2563 510
2593 542
2631 248
2634 780
2648 994
2653 746
2677 639
2705 209
2713 936
2730 1109
2736 652
2738 383
2760 908
2785 214
2798 527
2803 790
2815 524
2834 90
2845 124
2846 699
2857 298
2860 303
2864 1095
2877 1057
2890 870
2892 386
2905 1062
2906 934
2918 728
2946 210
2952 670
2959 353
2973 1006
2980 1018
