f_0082558.png f_0082642.png
3 2169
11 1082
34 843
36 249
46 916
61 154
62 612
71 804
73 484
77 1329
80 806
85 2077
96 143
101 2097
106 564
116 1012
117 90
121 1383
127 1819
128 2046
131 796
132 657
137 240
140 169
153 195
155 646
158 466
162 101
167 455
172 1197
179 1175
182 305
185 2052
204 1566
227 129
235 794
244 983
246 1023
247 233
253 27
279 140
283 1345
295 126
300 226
310 61
313 127
346 284
349 1219
360 1538
364 1018
368 567
370 978
374 1422
375 1373
379 1043
390 144
392 517
394 355
399 49
404 1376
411 1771
434 566
437 1440
455 845
470 2
484 1852
486 1653
493 741
499 405
500 774
502 1295
503 2091
521 547
522 1786
524 735
526 1537
527 1827
530 1388
541 205
548 1216
554 1011
568 325
570 288
587 1073
598 198
602 1068
603 620
619 1866
627 823
634 130
635 747
650 1476
657 506
658 246
667 750
669 731
670 278
672 1060
676 1308
686 124
692 1030
704 1727
706 1527
708 244
713 424
718 2090
725 792
726 746
732 560
737 1014
741 141
743 1067
744 1930
749 667
781 237
784 945
801 829
805 125
807 842
811 183
812 178
821 2031
823 1660
828 636
832 461
847 1592
857 94
859 450
860 659
862 554
868 111
877 733
883 315
886 624
889 961
893 332
904 180
913 1875
922 388
924 1331
928 1625
932 189
937 1539
940 1568
950 529
959 1338
965 1501
1011 1100
1020 1027
1027 1173
1029 619
1034 784
1050 490
1072 577
1075 644
1078 414
1084 1169
1086 179
1105 104
1111 218
1115 899
1117 1547
1130 494
1136 950
1137 2055
1153 116
1158 1908
1159 1619
1166 904
1175 52
1178 1235
1180 486
1190 1128
1196 2119
1198 434
1203 22
1208 259
1226 1940
1228 1192
1236 996
1243 850
1246 694
1248 382
1256 467
1257 1292
1268 296
1269 1302
1277 999
1279 1304
1280 381
1284 713
1288 1648
1290 544
1291 1661
1293 1167
1294 1990
1307 633
1308 905
1312 1412
1314 849
1318 744
1322 681
1326 975
1330 894
1336 1246
1339 69
1342 1968
1349 1514
1351 870
1352 1513
1363 1110
1366 808
1368 1614
1388 1630
1404 1006
1415 716
1433 2045
1436 1188
1447 206
1464 361
1465 1089
1472 67
1479 1931
1494 410
1500 1079
1511 1989
1512 26
1530 1836
1537 1033
1538 443
1566 1198
1572 513
1580 1294
1581 637
1587 168
1590 973
1600 409
1602 1143
1607 334
1613 1558
1614 812
1623 835
1627 536
1634 232
1638 769
1643 2002
1649 1170
1655 656
1666 701
1674 155
1680 1524
1691 672
1694 348
1695 117
1701 1299
1702 219
1703 217
1719 191
1721 248
1725 754
1731 1054
1736 136
1737 1088
1738 1382
1741 2074
1744 1435
1764 1113
1765 1081
1766 2162
1772 1446
1777 269
1778 594
1785 634
1787 341
1792 697
1803 1694
1812 719
1815 1148
1817 1072
1821 897
1851 2025
1864 1881
1870 1571
1871 1718
1875 1654
1876 1452
1885 1569
1890 114
1925 301
1950 1785
1952 660
1968 1319
1981 520
1989 1903
1991 779
1996 95
2016 1186
2022 197
2045 558
2064 830
2076 1297
2084 417
2085 2035
2086 1259
2089 675
2094 1005
2095 1840
2096 1026
2100 663
2103 270
2105 600
2109 1953
2111 357
2115 982
2117 851
2128 651
2140 57
2148 1029
2161 922
2164 2084
2172 923
2173 1923
2175 293
2216 440
2218 2007
2228 861
2236 913
2237 1181
2276 1692
2277 2003
2284 131
2285 258
2287 767
2296 1586
2306 848
2320 1228
2336 1975
2355 771
2363 215
2364 1144
2365 1467
2367 1111
2376 816
2388 170
2396 751
2397 1108
2409 188
2411 1140
2419 968
2422 862
2445 1793
2446 1196
2448 943
2461 387
2466 1418
2483 1176
2491 1242
2492 236
2508 1690
2519 297
2526 736
2534 333
2537 1664
2543 274
2548 635
2565 267
2568 2114
2577 1429
2579 1483
2585 810
2592 937
2595 220
2603 208
2608 73
2613 1262
2634 1689
2644 1028
2650 239
2667 1117
2669 1628
2677 881
2684 173
2689 682
2690 688
2695 632
2711 300
2713 972
2714 23
2721 2120
2724 2030
2727 1371
2730 1965
2738 1596
2750 539
2754 1868
2762 392
2773 1495
2776 1700
2777 1672
2785 401
2795 212
2807 871
2814 1124
2815 930
2827 1996
2828 1970
2829 1154
2830 1419
2841 498
2876 1843
2879 1506
2882 2098
2884 429
2897 227
2900 2117
2915 454
2919 268
2951 243
2954 225
2964 44
2967 1126
2972 366
2977 369
2978 207
2987 62
2989 936
2999 666
