f_0082928.png f_0082968.png
186 214
399 394
481 542
516 377
523 423
609 501
689 694
709 623
723 611
745 691
755 741
758 875
774 822
816 976
835 1019
860 1234
888 1094
889 1186
902 1051
911 1084
912 1256
925 1178
985 1275
1005 1431
1020 1357
1028 1446
1034 1347
1070 1247
1087 1526
1099 1030
1121 1385
1145 1329
1149 1577
1175 1332
1187 1406
1208 1614
1249 1461
1258 1451
1268 1541
1277 1409
1285 1441
1324 1449
1342 1522
1349 1568
1356 1605
1374 1589
1387 1602
1431 1825
1442 1555
1508 1959
1538 1913
1573 1734
1575 1739
1604 1823
1631 1871
1647 1653
1682 1866
1686 1860
1724 1918
1729 1812
1748 1942
1756 1943
1851 1691
