f_0082926.png f_0082872.png
27 339
31 348
46 372
73 501
76 543
92 550
99 563
136 537
148 538
152 544
153 447
165 448
170 478
171 455
182 500
202 564
213 531
233 806
235 596
238 701
255 574
271 603
274 832
283 622
299 617
302 791
307 757
325 561
346 649
363 604
370 650
375 724
379 662
383 799
384 651
397 952
418 632
423 834
432 1011
435 706
438 820
439 833
444 637
456 1000
461 777
463 729
467 850
474 842
481 725
482 1022
486 667
487 821
490 1048
491 849
492 1129
495 752
507 784
508 759
515 707
519 755
521 750
531 778
534 792
535 731
558 803
587 938
588 891
590 899
594 1005
600 790
603 1071
604 1061
606 962
611 810
616 1152
617 1091
621 845
629 865
633 866
635 915
641 1087
643 968
644 886
648 838
649 914
659 910
666 1171
673 881
684 830
688 874
689 875
694 1006
696 916
703 1198
706 1076
708 979
731 1081
733 983
743 1153
748 945
752 1007
763 1030
765 941
767 964
768 907
774 1049
782 1031
784 1257
787 1043
791 1274
803 1008
806 1236
813 989
818 1319
823 1181
826 1182
828 1032
831 1284
833 1172
845 1080
858 1088
862 1184
871 1063
872 1192
875 1206
878 1105
879 1125
885 1106
889 1208
891 1425
896 1089
898 1216
899 1146
905 1083
907 1285
913 1244
918 1421
920 1239
932 1240
935 1302
936 1259
938 1368
941 1186
946 1209
955 1279
967 1296
980 1373
982 1309
991 1230
998 1585
1008 1312
1014 1267
1018 1479
1019 1327
1027 1387
1034 1321
1052 1596
1080 1332
1090 1243
1095 1404
1099 1362
1118 1457
1119 1382
1124 1343
1139 1313
1151 1249
1158 1609
1163 1527
1176 1370
1179 1401
1188 1440
1191 1654
1202 1465
1212 1400
1224 1448
1233 1402
1244 1487
1246 1635
1250 1573
1254 1655
1258 1631
1261 1601
1272 1508
1277 1434
1288 1670
1293 1472
1303 1651
1308 1551
1314 1656
1326 1488
1328 1497
1351 1533
1355 1625
1367 1614
1377 1555
1397 1547
1399 1706
1410 1581
1413 1528
1426 1578
1434 1516
1437 1595
1451 1831
1455 1740
1457 1598
1465 1804
1467 1747
1473 1597
1476 1540
1479 1561
1484 1590
1491 1622
1496 1741
1501 1817
1502 1762
1503 1770
1504 1727
1509 1784
1520 1782
1521 1717
1523 1642
1525 1881
1526 1638
1541 1773
1546 1750
1547 1653
1552 1937
1556 1904
1559 1679
1569 1683
1571 1977
1572 1876
1596 1986
1598 1818
1599 1710
1601 1870
1605 1877
1612 1942
1614 1792
1624 1793
1626 1623
1635 2039
1638 1900
1639 1732
1641 1844
1648 1861
1652 1626
1662 1895
1669 1862
1675 1863
1678 2014
1694 1807
1708 1916
1713 1957
1716 1865
1717 1829
1720 1973
1723 2010
1731 2001
1738 1787
1741 2091
1743 1968
1744 1987
1749 1948
1750 1907
1751 1888
1754 2111
1755 2067
1757 1958
1761 2066
1781 2030
1788 2041
1791 1941
1794 1898
1797 1979
1817 2119
1826 2057
1827 1779
1836 1901
1837 1836
1839 1912
1843 1933
1857 2144
1863 2215
1870 2052
1874 2159
1876 2024
1896 1934
1899 2043
1902 2162
1916 2163
1919 1950
1922 2167
1929 2170
1946 2270
1952 2038
1960 2216
1963 2108
1965 2110
1971 2032
1973 2225
1991 2288
2001 2114
2007 2135
2019 2230
2038 2235
2039 2186
2041 2171
2042 2142
2063 2239
2071 2339
2074 2240
2079 2070
2080 2300
2094 2176
2097 2324
2098 2317
2111 2219
2113 2367
2143 2127
2177 2343
2205 2354
2212 2345
2237 2312
2251 2418
2253 2361
2268 2440
2301 2398
2312 2222
2339 2375
2345 2374
2352 2486
2389 2346
2403 2483
2407 2445
2515 2447
2553 2485
2659 2556
2661 2666
2663 2646
2664 2622
2683 2520
2684 2489
2709 2778
2727 2645
2748 2572
2754 2687
2759 2638
2761 2648
2771 2617
2791 2707
2792 2637
