f_0082558.png f_0082876.png
30 430
33 498
38 1261
49 373
87 387
95 1095
108 354
110 882
116 991
117 444
131 885
134 1037
149 1054
193 370
204 1253
210 1230
227 514
280 1255
285 1088
393 852
415 366
427 1022
429 986
433 1363
454 917
455 871
470 393
483 403
489 506
542 1641
681 484
737 1089
764 468
791 527
815 589
830 337
859 870
866 738
882 698
893 731
966 543
1029 902
1051 793
1075 886
1086 576
1109 1476
1130 810
1155 754
1183 480
1210 655
1215 271
1251 641
1258 1235
1282 1187
1298 479
1341 1035
1366 1003
1389 979
1394 1377
1395 865
1447 586
1453 395
1527 840
1531 674
1560 1572
1620 565
1633 587
1635 1237
1640 392
1651 702
1674 593
1687 575
1694 755
1702 681
1768 1277
1777 680
1838 553
1844 473
1854 1145
1860 622
1879 540
1880 218
1906 759
1919 534
1942 945
1959 470
1979 501
2036 1213
2042 1092
2049 1281
2099 1489
2108 1500
2115 1091
2162 880
2169 515
2255 1125
2261 982
2295 707
2332 951
2338 1614
2373 1021
2382 610
2387 612
2390 634
2397 965
2437 715
2448 1064
2450 1444
2475 1120
2484 984
2488 1171
2504 1175
2519 678
2530 522
2550 907
2597 800
2610 1605
2628 1186
2650 710
2685 1242
2728 1138
2735 1608
2779 319
2781 901
2810 1228
2834 946
2837 1278
2844 608
2851 1657
2967 1158
2995 761
