f_0082620.png f_0082926.png
60 332
78 392
92 611
96 110
98 399
107 396
110 669
111 461
112 502
115 398
116 637
146 517
153 648
159 649
164 233
168 501
182 408
192 199
203 696
212 740
229 777
245 595
254 388
280 529
289 718
291 493
300 867
309 572
315 903
324 565
329 500
357 522
358 556
359 407
367 642
371 916
374 580
377 705
378 863
383 889
392 898
395 912
402 908
411 602
424 822
425 894
428 907
430 504
431 742
440 888
445 977
447 557
448 666
454 640
467 1058
469 703
477 1114
484 1103
496 961
500 861
507 784
509 769
518 1171
519 538
522 818
523 1196
525 929
532 737
535 783
539 615
541 1077
544 1136
552 830
557 1245
564 1211
570 1004
594 1323
601 1182
603 901
615 1125
620 805
622 674
630 900
638 1372
644 793
645 891
646 1209
647 1289
658 1194
660 948
667 1232
680 914
681 951
706 1306
708 986
714 1368
716 1010
724 1218
735 1355
736 1431
741 1262
746 1389
749 958
751 979
755 1523
779 1385
789 1102
818 1042
820 1514
822 1217
824 1400
833 1460
845 1595
859 1198
861 1441
887 974
894 1056
902 1503
903 1530
908 1695
911 1576
918 1052
927 1606
931 1051
934 1298
940 1509
954 1641
957 1648
961 1240
967 1260
980 1714
982 1072
1035 1830
1038 1553
1040 1734
1045 1404
1050 1713
1091 1773
1109 1730
1118 1865
1173 1678
1178 1628
1219 1856
1223 1782
1224 1579
1280 1565
1286 2109
1298 1903
1300 1657
1302 1661
1345 1756
1347 1965
1412 1925
1431 1861
1451 1857
1466 1942
1487 1761
1529 1796
1586 2190
1602 2379
1701 1913
