f_0082946.png f_0082868.png
2 2805
8 1107
24 2288
30 363
34 1609
35 2577
37 1331
40 2104
46 1831
50 470
66 195
69 43
71 1986
73 1088
76 2556
81 447
82 260
92 2459
95 1357
99 901
101 108
134 420
137 1810
142 2349
143 1116
145 1419
146 138
152 1759
153 2675
157 1844
162 254
169 1787
174 1918
188 749
194 1583
196 2102
206 1958
210 1316
212 1005
218 185
219 212
223 2939
229 719
234 2816
235 1410
236 2424
237 1860
238 2418
240 625
244 703
245 2362
248 2148
256 1626
260 394
268 1336
278 2077
281 2607
288 1835
294 582
295 2238
299 227
306 8
311 581
315 774
318 1569
319 2110
321 2752
330 1980
331 461
346 800
349 1600
353 1474
355 179
359 799
360 390
363 2505
368 109
380 187
386 1194
397 856
399 29
404 2203
406 1258
410 2726
413 332
436 636
441 2866
446 2654
458 439
470 679
471 2709
472 669
475 2073
488 2886
489 1647
497 1830
498 1168
507 319
510 2072
516 89
520 1931
521 360
525 2024
543 2298
552 2074
557 2025
561 2188
582 2509
585 1427
590 1120
591 571
592 1948
597 263
604 615
605 1328
611 1899
614 1959
616 912
619 423
622 2283
625 905
646 336
647 1845
650 248
659 1819
665 2848
671 404
674 1675
680 834
687 693
693 2573
700 1406
701 1300
702 843
703 2038
707 1337
708 1370
712 1641
713 769
725 697
731 964
736 817
737 2357
742 526
744 1906
745 2000
747 1907
748 49
751 1847
755 1816
759 2880
760 2131
768 2340
774 123
775 2873
779 217
784 2692
791 2422
794 973
795 40
801 712
815 877
818 37
821 1129
822 674
829 1309
837 2280
844 436
851 2225
852 2326
855 2029
859 604
861 2815
867 160
874 2655
876 991
878 392
881 1961
883 2334
884 2022
888 786
893 825
895 680
900 779
901 1325
913 2245
914 1378
917 963
920 189
923 1718
930 1039
938 485
942 2257
949 1048
950 640
955 2658
958 2494
963 796
964 2920
966 1683
974 308
982 2420
983 1149
984 2960
988 762
991 1306
999 289
1002 1866
1004 1859
1005 162
1006 411
1008 1865
1014 473
1018 927
1019 1719
1021 1181
1023 1146
1025 1818
1041 682
1046 2195
1056 671
1060 1437
1061 1018
1065 28
1066 789
1069 2472
1070 1040
1072 1433
1078 1555
1084 918
1097 438
1099 132
1102 125
1115 889
1117 1416
1120 1862
1122 1635
1132 130
1136 539
1154 2314
1157 990
1165 726
1169 2954
1170 1342
1199 878
1208 1800
1212 1027
1216 2193
1221 1552
1222 1696
1229 2447
1240 1188
1249 2358
1259 1012
1263 592
1268 610
1279 2291
1282 854
1292 2915
1296 2473
1298 111
1302 997
1305 1588
1306 750
1314 865
1316 2184
1322 1183
1333 2021
1336 1442
1340 88
1365 1350
1366 835
1375 11
1412 2989
1413 356
1415 652
1416 2605
1429 261
1437 822
1445 1619
1451 2089
1454 2703
1483 2686
1489 1828
1499 2222
1501 1203
1518 2361
1527 938
1529 738
1533 2995
1538 2763
1549 2994
1554 696
1557 2180
1563 609
1569 107
1572 735
1573 553
1576 118
1582 787
1583 939
1585 95
1592 1939
1598 2834
1609 290
1613 2156
1621 881
1638 1391
1647 193
1653 2928
1662 1363
1677 1022
1687 376
1694 955
1713 1994
1714 171
1720 670
1730 1112
1733 1398
1749 230
1753 747
1783 2415
1786 172
1788 48
1806 507
1809 180
1838 2270
1843 1201
1846 463
1847 2045
1849 1599
1855 72
1859 2689
1860 1955
1866 1020
1871 1909
1892 2219
1906 2672
1916 466
1925 1155
1929 732
1936 1888
1958 1885
1961 1137
1968 503
1976 1095
1981 1563
1993 495
1994 891
2014 601
2044 1355
2050 1697
2059 2751
2071 1834
2079 830
2089 2554
2124 2855
2125 2115
2129 1760
2147 205
2148 549
2163 1778
2175 487
2177 1404
2207 2266
2240 2248
2259 879
2285 2596
2300 181
2302 238
2322 2931
2328 302
2355 1737
2374 611
