f_0082872.png f_0082876.png
7 12
10 15
12 5
13 37
24 30
30 26
33 43
43 24
44 27
49 28
50 36
51 41
53 56
61 2
62 22
64 47
68 42
75 23
78 62
79 64
96 98
99 73
100 33
112 55
113 82
117 67
119 81
120 48
124 93
127 1
128 31
135 97
139 76
140 103
142 61
143 78
146 84
148 75
160 16
172 100
175 120
181 118
186 119
195 94
202 102
204 115
205 123
209 111
210 122
211 104
222 50
223 134
226 45
230 136
239 121
242 125
247 108
248 141
249 145
258 114
263 156
264 162
265 155
268 151
270 164
273 107
277 160
279 74
289 153
292 171
295 181
298 170
302 147
303 152
306 180
310 150
313 161
314 182
318 163
321 195
326 189
327 167
330 178
332 201
340 199
342 146
356 209
363 179
368 183
369 184
370 186
371 196
376 193
379 217
382 200
383 213
384 197
388 220
389 227
390 244
398 211
402 281
403 203
404 204
411 250
415 260
429 226
436 232
437 264
449 241
452 229
455 238
459 261
460 231
461 263
462 259
467 282
468 298
469 278
481 230
485 297
493 305
494 308
495 218
497 253
498 254
500 257
508 289
525 286
528 284
529 274
530 296
531 288
536 318
540 304
543 294
544 299
548 291
550 273
555 287
557 307
565 324
568 271
570 321
571 325
578 320
579 341
585 338
588 313
591 290
593 309
594 311
596 326
597 355
598 330
601 312
604 349
606 323
610 306
612 327
617 329
631 348
636 335
637 352
640 361
650 345
651 358
652 359
657 343
658 356
659 328
666 362
668 340
673 353
674 354
677 360
682 418
685 371
686 367
688 388
691 377
692 368
693 373
698 414
702 333
704 376
706 384
708 374
713 357
716 378
717 382
718 366
719 404
720 379
725 391
727 406
728 372
729 383
730 397
732 370
735 396
737 332
740 400
743 409
744 425
748 405
749 407
753 421
760 413
762 395
763 450
764 432
768 393
770 389
771 461
775 398
777 417
781 447
785 420
791 415
794 431
795 449
799 429
805 402
806 422
811 456
812 493
816 435
820 462
822 452
823 538
827 503
829 483
832 448
833 463
834 464
835 473
838 446
840 444
843 488
844 485
848 439
851 525
853 445
854 508
855 497
857 512
858 532
865 474
866 481
868 513
870 544
871 531
874 506
875 511
876 524
878 454
879 507
880 542
881 482
882 535
887 558
889 494
892 486
894 509
895 551
898 560
899 500
901 529
902 459
907 528
913 519
914 520
919 578
920 557
921 574
928 579
930 561
933 516
939 487
940 537
944 514
947 577
949 543
950 604
951 590
952 526
953 572
955 555
957 597
958 606
963 554
964 563
968 521
972 565
974 609
975 607
976 564
978 570
982 536
984 619
991 620
998 589
1000 550
1003 631
1005 540
1023 571
1024 608
1026 617
1029 585
1030 595
1032 614
1035 599
1036 588
1038 666
1041 612
1042 600
1043 602
1044 628
1049 601
1050 623
1057 596
1058 640
1060 649
1061 587
1062 639
1063 647
1065 643
1069 654
1071 611
1072 642
1079 626
1087 622
1089 651
1092 635
1105 663
1106 659
1118 688
1120 634
1123 703
1130 646
1133 616
1134 629
1144 701
1149 705
1161 723
1166 722
1170 735
1171 658
1172 682
1173 674
1175 692
1179 727
1181 680
1182 681
1183 684
1184 675
1188 734
1190 736
1191 686
1200 678
1201 679
1206 689
1208 694
1210 725
1211 721
1212 730
1213 645
1216 690
1217 691
1219 726
1221 662
1222 655
1225 752
1226 749
1227 661
1228 697
1230 717
1231 718
1233 750
1234 747
1239 710
1242 719
1244 699
1245 758
1246 771
1247 772
1250 770
1252 764
1257 687
1259 711
1270 803
1273 707
1275 740
1277 804
1279 729
1281 784
1285 713
1287 731
1290 775
1291 716
1294 801
1296 744
1301 728
1305 798
1309 756
1310 762
1318 763
1319 743
1320 808
1322 788
1323 790
1325 767
1327 779
1330 821
1332 807
1337 769
1338 791
1339 820
1340 802
1341 815
1342 835
1345 814
1349 760
1350 796
1353 800
1354 826
1359 812
1362 795
1365 847
1367 810
1370 817
1371 776
1372 778
1381 811
1382 828
1383 837
1386 799
1388 850
1389 806
1391 841
1397 794
1400 829
1405 766
1412 906
1419 833
1421 824
1422 863
1423 831
1427 845
1428 900
1429 879
1440 853
1443 793
1451 849
1452 852
1453 884
1455 857
1461 830
1462 862
1463 865
1464 870
1469 844
1471 868
1472 895
1475 886
1476 890
1478 856
1480 872
1482 882
1487 889
1490 911
1500 938
1503 887
1506 842
1508 908
1514 902
1515 909
1522 919
1525 871
1528 921
1533 936
1536 880
1538 963
1540 922
1541 875
1545 918
1546 925
1547 950
1552 977
1555 947
1559 913
1564 934
1565 935
1568 1009
1570 945
1573 944
1575 957
1579 920
1580 946
1584 976
1585 932
1587 891
1589 952
1590 980
1591 1029
1594 923
1595 962
1598 971
1599 969
1600 1031
1601 949
1602 1061
1604 955
1608 939
1610 979
1613 1046
1614 990
1616 1032
1617 967
1622 999
1623 1000
1625 982
1628 1045
1630 988
1633 1076
1635 995
1640 984
1641 1033
1645 1037
1652 1040
1653 1052
1656 1010
1660 1026
1669 1075
1670 1006
1672 1016
1677 1019
1679 1062
1681 1051
1685 1017
1686 1035
1687 1085
1689 1025
1696 1013
1697 1048
1698 1084
1699 1109
1701 1058
1702 1059
1703 1049
1706 1054
1707 1060
1709 1108
1710 1074
1713 1047
1716 1071
1717 1070
1729 1116
1731 1082
1734 1107
1740 1064
1750 1092
1751 1096
1752 1126
1753 1135
1757 1091
1758 1097
1761 1140
1762 1077
1764 1098
1768 1043
1772 1100
1774 1124
1775 1125
1777 1105
1789 1148
1790 1113
1797 1094
1799 1166
1800 1101
1807 1119
1812 1099
1814 1162
1818 1142
1829 1161
1832 1120
1834 1159
1839 1150
1843 1141
1849 1172
1851 1195
1855 1128
1857 1155
1862 1163
1863 1158
1865 1154
1868 1207
1872 1201
1874 1208
1877 1130
1879 1178
1883 1232
1888 1169
1891 1220
1898 1179
1899 1205
1902 1223
1907 1194
1917 1239
1918 1171
1919 1190
1920 1191
1921 1219
1923 1165
1926 1199
1937 1160
1939 1211
1943 1198
1949 1227
1961 1229
1964 1243
1968 1213
1970 1197
1972 1200
1979 1237
1981 1249
1982 1210
1983 1245
1984 1234
1986 1187
1988 1259
1990 1288
1997 1241
1998 1221
1999 1233
2004 1294
2006 1244
2007 1260
2011 1269
2012 1274
2013 1240
2017 1272
2018 1296
2023 1261
2025 1268
2026 1298
2035 1250
2038 1273
2040 1253
2041 1278
2044 1285
2045 1306
2052 1279
2053 1282
2056 1340
2059 1256
2062 1277
2064 1286
2066 1276
2070 1311
2073 1290
2078 1304
2079 1303
2083 1266
2087 1310
2088 1305
2089 1302
2090 1315
2097 1295
2102 1350
2108 1321
2112 1312
2113 1314
2116 1319
2125 1320
2126 1335
2129 1324
2130 1334
2131 1356
2135 1325
2140 1348
2144 1318
2149 1346
2150 1333
2153 1293
2154 1322
2155 1338
2156 1349
2157 1369
2158 1327
2160 1331
2162 1332
2163 1337
2167 1342
2171 1351
2179 1361
2181 1392
2182 1360
2185 1358
2186 1345
2188 1400
2195 1393
2197 1355
2198 1377
2202 1368
2203 1373
2204 1375
2206 1376
2207 1383
2211 1382
2216 1372
2218 1353
2220 1388
2224 1359
2231 1405
2238 1421
2244 1397
2246 1419
2248 1433
2251 1440
2255 1404
2260 1399
2263 1434
2266 1444
2267 1429
2274 1416
2276 1446
2279 1411
2282 1414
2286 1431
2287 1451
2291 1441
2295 1420
2296 1458
2301 1438
2312 1449
2324 1448
2333 1454
2338 1475
2343 1457
2345 1464
2347 1469
2354 1461
2356 1485
2372 1462
2373 1479
2376 1483
2387 1525
2391 1502
2397 1473
2403 1492
2408 1516
2409 1518
2412 1501
2414 1538
2421 1523
2432 1506
2434 1541
2441 1552
2442 1548
2447 1531
2449 1551
2454 1557
2467 1556
2471 1592
2478 1566
2480 1578
2482 1537
2485 1582
2488 1600
2494 1583
2497 1606
2504 1612
2514 1609
2515 1626
2522 1621
2535 1635
2537 1646
2543 1573
2547 1617
2551 1576
2553 1619
2555 1618
2572 1640
2582 1638
2590 1657
2596 1630
2605 1670
2617 1665
2634 1679
2645 1678
2647 1652
2672 1685
2680 1666
2681 1681
2690 1683
2694 1720
2707 1696
2714 1704
2715 1702
2719 1722
2723 1699
2728 1689
2734 1709
2735 1707
2737 1687
2750 1703
2755 1708
2760 1715
2765 1738
2772 1721
