f_0082952.png f_0082776.png
161 48
172 96
382 2
386 53
453 87
516 98
554 207
612 28
637 77
671 68
838 759
879 267
893 527
898 224
909 645
910 221
925 222
926 180
988 659
1000 154
1013 268
1039 795
1049 803
1069 291
1100 469
1108 32
1142 523
1143 232
1160 429
1175 185
1217 360
1226 872
1227 326
1234 239
1256 849
1278 822
1280 550
1284 689
1294 10
1297 754
1301 13
1304 812
1309 692
1317 895
1336 867
1339 74
1346 106
1358 378
1365 896
1374 820
1381 384
1387 507
1399 580
1510 370
1543 908
1559 927
1606 277
1610 1108
1635 1107
1640 79
1659 508
1660 1270
1676 1165
1677 1090
1678 636
1694 140
1697 699
1705 661
1744 791
1752 1160
1763 385
1765 708
1775 764
1794 804
1798 1332
1800 1002
1817 1043
1831 435
1867 293
1881 1243
1882 298
1891 1115
1918 607
1923 487
1929 1202
1942 569
1943 511
1961 66
1984 1161
1987 694
1992 886
2001 546
2004 1246
2005 1154
2033 553
2057 771
2062 938
2067 592
2087 308
2102 709
2136 629
2143 967
2162 1402
2201 521
2231 448
2244 1046
2271 640
2277 891
2281 912
2295 1311
2297 1031
2299 700
2301 255
2304 1021
2313 664
2325 1585
2334 986
2348 1137
2353 1003
2364 851
2374 1041
2397 1314
2404 1071
2405 1047
2406 877
2423 654
2433 722
2441 1434
2445 924
2466 1473
2483 1291
2495 1095
2501 1006
2520 1022
2528 1169
2545 1488
2548 1139
2562 1149
2575 1266
2579 1112
2583 878
