f_0082868.png f_0082912.png
11 2791
34 2120
64 172
97 2377
126 2272
134 1751
142 1392
159 1955
163 779
167 849
199 2029
211 1395
230 2427
232 338
235 52
240 1698
242 1072
269 966
291 1079
296 927
313 2529
365 1554
369 46
384 881
393 2515
411 2714
453 2054
497 1102
519 2129
539 2578
549 54
564 271
576 989
603 505
613 2404
614 1701
628 2636
678 1203
679 1368
716 2321
721 1288
734 2251
752 2651
779 764
786 1963
796 790
819 2336
824 2959
832 1734
840 2033
870 2685
886 13
900 18
912 1042
916 261
936 347
944 1835
948 1245
949 2016
973 743
975 2376
980 1059
1004 2315
1028 2085
1041 2512
1074 1492
1078 1476
1092 2786
1144 2286
1149 1877
1175 326
1197 1003
1212 617
1244 680
1264 1025
1273 2709
1297 96
1319 2598
1340 1378
1346 162
1350 1636
1381 154
1382 1478
1387 2956
1389 2189
1391 969
1406 1822
1453 1688
1470 1574
1524 2532
1533 1433
1538 1033
1574 2603
1589 768
1592 2761
1616 1275
1635 541
1665 2108
1686 463
1695 2845
1747 1192
1750 133
1756 1304
1782 1336
1807 2554
1814 194
1837 1649
1839 955
1849 1396
1862 1726
1865 2590
1886 2576
1894 802
1901 1953
1909 1664
1972 2099
1979 29
1982 2049
1991 2784
2017 2143
2029 1167
2033 409
2049 2106
2066 1647
2083 1456
2093 1218
2117 2691
2164 700
2169 2537
2174 219
2209 256
2212 2072
2241 1513
2253 696
2262 1182
2295 1130
2344 2942
2348 223
2422 2852
2464 2939
2472 2239
2478 2599
2544 1485
2555 1896
2567 569
2578 762
2624 2479
2652 917
2656 1551
2673 2039
2698 2102
2722 770
2739 566
2748 949
2768 991
2814 1053
2815 993
2820 2022
2834 1658
2856 2795
2888 2248
2902 1086
2959 2988
2960 2098
2999 109
