f_0082492.png f_0082452.png
359 2
385 18
389 1
393 23
394 16
395 24
396 8
397 19
401 32
404 47
406 28
407 15
416 10
418 43
419 44
432 51
440 41
442 55
444 63
449 70
451 62
459 80
460 68
463 66
467 75
472 84
474 76
479 94
482 71
483 95
485 74
487 89
488 97
491 93
503 92
504 107
505 86
506 88
520 139
522 104
523 122
531 113
532 123
533 121
534 134
540 140
546 119
552 131
556 126
561 149
562 159
570 125
572 176
573 166
575 177
581 188
584 162
585 174
588 167
589 172
592 132
596 190
598 164
600 170
605 197
606 211
607 195
611 191
612 185
614 168
620 210
621 207
622 229
625 218
626 187
633 216
635 192
641 221
647 248
649 228
655 244
656 245
669 238
675 257
677 270
684 246
688 277
689 271
692 289
696 266
697 234
703 227
706 268
708 294
709 264
713 274
714 258
716 292
723 305
724 288
729 303
737 311
739 287
740 302
741 307
748 314
758 336
761 335
762 353
767 368
770 342
775 318
778 366
782 356
783 377
786 385
787 371
790 375
794 390
795 331
798 412
799 402
808 395
809 346
810 405
812 300
817 413
818 396
819 406
825 399
830 417
831 426
838 430
844 408
850 436
856 386
862 421
865 446
874 407
877 456
893 451
894 453
897 464
898 481
905 500
906 489
912 463
920 504
923 486
924 514
928 513
929 502
933 519
937 510
942 512
943 531
944 505
953 546
958 532
960 527
961 507
970 569
973 525
978 554
982 574
985 559
987 556
989 578
992 604
995 545
996 609
999 627
1002 584
1005 617
1022 541
1025 594
1026 621
1028 626
1035 639
1038 642
1045 655
1047 643
1048 644
1050 628
1053 636
1059 646
1064 654
1067 597
1068 622
1075 649
1081 601
1086 671
1087 668
1089 607
1091 683
1093 684
1094 685
1096 702
1097 688
1100 690
1112 657
1115 693
1120 620
1131 717
1134 674
1135 715
1139 731
1140 659
1144 728
1146 698
1152 732
1153 658
1168 738
1172 675
1177 753
1186 710
1190 740
1191 781
1196 771
1198 726
1202 756
1204 706
1206 780
1207 742
1223 787
1228 803
1229 809
1233 786
1236 793
1239 805
1246 820
1248 814
1249 818
1254 759
1259 828
1260 846
1268 825
1274 844
1277 826
1281 840
1282 845
1283 774
1285 856
1292 847
1293 851
1295 792
1297 873
1305 878
1306 810
1314 876
1319 887
1330 817
1341 896
1344 922
1345 907
1351 917
1358 936
1360 941
1362 934
1367 894
1368 871
1372 951
1374 965
1375 924
1380 952
1387 884
1389 974
1391 973
1392 978
1394 900
1401 898
1403 988
1409 999
1410 979
1411 932
1412 993
1415 977
1416 983
1417 950
1432 1008
1438 1026
1442 1023
1443 1014
1444 1024
1445 969
1458 1025
1462 957
1463 975
1471 1044
1473 1039
1479 1042
1480 1047
1485 1050
1487 1006
1495 1037
1501 1062
1507 1076
1508 1073
1509 1079
1511 1021
1516 1043
1518 1092
1527 1040
1540 1090
1544 1097
1547 1048
1563 1109
1565 1074
1572 1127
1579 1132
1599 1133
1606 1145
1611 1140
1615 1144
1617 1106
1618 1100
1632 1159
1634 1095
1636 1128
1647 1169
1648 1171
1650 1129
1669 1189
1693 1187
1697 1190
1699 1209
1700 1212
1705 1155
1711 1150
1717 1221
1719 1177
1727 1229
1734 1248
1738 1216
1740 1241
1745 1238
1747 1198
1754 1250
1756 1249
1762 1255
1766 1220
1767 1213
1781 1251
1783 1279
1799 1293
1800 1270
1817 1252
1830 1289
1842 1271
1846 1291
1847 1296
1851 1342
1856 1334
1860 1265
1867 1301
1868 1302
1882 1313
1884 1346
1895 1322
1901 1335
1911 1337
1919 1364
1924 1399
1927 1331
1943 1365
1982 1440
2014 1455
2032 1421
2054 1487
2070 1462
2072 1453
2075 1430
2076 1497
2100 1510
2106 1463
2125 1493
2153 1523
2154 1520
2161 1545
2176 1518
2186 1599
2188 1551
2193 1574
2197 1587
2199 1560
2202 1609
2208 1563
2216 1595
2218 1556
2221 1614
2252 1608
2272 1625
2280 1615
2286 1606
2300 1632

f_0082926.png f_0082558.png
2 1891
3 994
4 264
5 1215
17 1340
28 955
34 2166
50 1640
68 43
75 1946
80 1845
99 2158
105 1732
111 833
127 2870
131 2029
150 1239
162 193
168 948
173 2950
188 1335
201 268
210 2804
218 120
254 803
259 2053
281 96
291 1068
293 2017
294 231
298 690
301 2037
307 498
308 173
311 970
330 1333
341 2432
342 540
343 2270
344 626
352 1118
354 820
368 1207
369 480
379 16
391 48
394 492
408 1758
412 1165
417 2503
434 1574
457 1708
476 1298
484 2657
490 2382
491 2476
494 1449
496 1547
500 1838
506 479
517 1985
524 1183
525 327
529 755
535 2254
540 1781
551 2530
554 123
557 1420
558 1892
565 1086
569 2615
572 932
582 2708
584 2988
585 2326
586 397
590 756
597 595
602 2390
604 2061
606 199
614 632
617 776
631 1645
636 2379
644 682
646 2532
649 1459
650 2315
653 2868
656 779
667 1860
668 2372
672 67
690 1600
692 1367
694 4
703 99
707 2047
709 1911
711 1979
712 489
718 2651
721 260
726 449
731 1383
732 2022
737 412
740 2324
743 2543
748 791
752 1843
753 1846
757 2746
768 1182
769 2785
774 310
787 1848
790 1290
791 2977
795 1931
796 1671
800 2457
803 917
804 1656
808 2783
815 2959
821 1964
823 2334
827 2844
831 2622
832 1532
833 1531
838 2416
840 1717
841 209
851 2841
853 2762
854 781
862 2897
869 194
871 2138
874 1628
875 1634
878 2703
880 2284
881 2121
884 882
885 2027
886 1927
891 1952
892 1691
900 1785
909 2356
916 1783
919 893
920 2650
921 757
935 754
939 1091
941 1509
946 2209
947 266
948 2105
964 2630
966 751
968 303
970 2826
977 1583
979 455
981 2201
982 2242
986 726
993 1155
996 1792
1003 62
1004 1957
1013 1703
1055 2846
1064 1148
1068 951
1075 801
1083 2781
1088 655
1093 2962
1102 1371
1116 1099
1122 1266
1131 1192
1132 197
1134 919
1139 1564
1154 2689
1158 691
1163 2128
1164 2994
1168 2269
1171 2933
1177 378
1179 2914
1194 1629
1199 2106
1206 2377
1216 859
1217 381
1230 65
1237 1416
1282 2119
1288 2514
1289 677
1290 1244
1297 70
1298 1011
1299 246
1313 1863
1319 1764
1341 2931
1399 2371
1405 1539
1423 957
1424 911
1429 1406
1431 1470
1439 1887
1458 5
1459 1737
1465 1968
1467 692
1474 1163
1479 324
1489 1034
1490 2369
1493 191
1513 241
1514 774
1522 2014
1535 2552
1546 2042
1572 2058
1580 2188
1592 837
1594 1069
1598 1465
1600 2192
1603 1270
1618 2383
1620 2591
1624 1682
1642 222
1661 2366
1667 2360
1673 1613
1675 2967
1691 2033
1701 1283
1704 1104
1713 2020
1734 2491
1739 2727
1743 2036
1750 436
1770 2483
1782 2852
1791 307
1797 1635
1805 1657
1848 475
1863 899
1865 1913
1876 207
1886 275
1911 165
1925 2949
2079 177
2081 987
2109 251
2124 1746
2196 797
2217 1709
2232 1895
2250 2537
2295 1882
2367 223
2516 663
2557 74
2583 1108
2755 2370

f_0082492.png f_0082558.png
217 1652
224 777
228 1056
250 1232
279 2321
294 1321
296 2883
304 1038
318 1077
324 1916
340 2870
359 1310
369 174
371 768
385 2698
389 853
390 2657
403 1110
404 684
405 358
415 1944
416 2831
418 2400
427 120
428 576
432 164
437 552
438 1974
440 803
442 985
443 2563
449 391
451 820
455 2352
456 2905
460 872
466 2300
473 1480
475 2800
477 2344
478 1496
479 2757
483 248
485 830
488 994
491 264
503 609
505 2590
506 1923
513 224
520 575
521 2793
523 2779
526 1097
527 1014
528 2110
532 2765
533 2982
534 561
541 66
544 1059
545 190
550 1458
553 327
554 1074
561 517
562 410
565 1425
569 2270
570 2963
572 931
574 1932
575 1646
580 659
586 1207
591 228
597 1675
600 1357
601 480
602 265
606 2264
607 1335
608 483
609 626
618 736
622 1754
626 614
631 1640
632 1610
633 2256
636 2206
648 2391
651 1448
654 569
655 193
661 1919
669 1431
671 1239
673 8
677 1058
683 2224
694 2476
696 780
702 966
707 649
710 151
711 2223
717 1757
719 2723
723 1912
725 2017
739 945
740 470
741 1323
744 4
748 216
758 1442
762 767
765 2976
766 711
767 2053
768 202
769 2751
770 135
778 1663
779 1339
780 1478
787 354
788 2068
789 2324
790 1774
795 1848
796 558
797 1385
798 1569
799 1175
808 1769
817 350
818 764
819 33
829 117
831 1396
832 972
835 786
838 452
841 1890
844 2121
861 1536
863 1760
864 857
865 1114
866 1718
870 295
879 282
893 868
902 43
905 2544
906 805
909 2169
923 2950
924 61
927 56
928 1219
929 545
932 2004
938 318
942 1730
948 1338
949 2022
955 2319
957 634
958 666
960 2758
961 1505
962 403
970 2799
972 255
977 2349
978 932
982 2222
984 112
985 2378
987 2720
988 885
989 7
990 2532
992 92
993 1838
994 1719
996 479
998 35
1000 2271
1002 153
1005 1687
1006 2363
1008 2432
1009 2310
1010 90
1021 1274
1025 2465
1031 2984
1034 88
1036 1456
1044 541
1045 1531
1056 597
1057 707
1058 818
1059 2650
1060 914
1064 2795
1076 2921
1077 2155
1080 2103
1091 1111
1093 1633
1104 1777
1115 247
1122 380
1124 882
1132 1157
1135 708
1139 1268
1140 714
1145 1787
1155 2958
1160 2175
1161 951
1165 2519
1178 570
1185 893
1191 2390
1193 2970
1198 1464
1201 696
1217 2894
1218 1251
1231 1527
1233 1119
1239 568
1245 2111
1246 665
1247 713
1253 2915
1254 1078
1255 1150
1263 832
1269 859
1280 103
1282 2868
1283 167
1293 637
1298 1847
1299 1256
1301 1685
1311 528
1317 1423
1322 1816
1323 1462
1329 2165
1334 2746
1338 687
1339 567
1346 1839
1350 2553
1352 1572
1358 607
1359 302
1362 1205
1364 1420
1368 1599
1390 2841
1400 1627
1401 1177
1402 654
1404 925
1409 584
1412 1050
1416 156
1419 1628
1423 1328
1425 751
1431 2295
1433 920
1434 2998
1435 732
1443 155
1452 2030
1456 1398
1458 2616
1460 1290
1462 1037
1473 1370
1476 2781
1480 62
1481 2322
1486 1878
1497 1666
1508 2548
1509 828
1511 1318
1513 429
1515 1581
1516 2551
1517 1753
1535 2100
1541 500
1548 1154
1554 2690
1563 2151
1565 1120
1567 1869
1574 422
1578 1246
1579 635
1583 1725
1584 1739
1600 861
1606 363
1608 2050
1613 774
1615 493
1616 726
1618 2463
1625 1947
1626 34
1632 2454
1633 1623
1636 314
1640 1200
1648 2747
1651 1706
1655 263
1656 2269
1669 1523
1670 428
1681 875
1682 2369
1694 432
1697 2228
1698 1341
1704 1455
1711 1273
1718 1883
1727 2371
1728 1330
1729 1064
1730 1918
1732 1314
1738 2042
1740 149
1742 1868
1756 1166
1762 2448
1763 2660
1770 1113
1777 1115
1781 1653
1783 889
1784 370
1786 2172
1787 737
1788 2096
1790 2644
1814 743
1824 891
1825 1782
1838 46
1841 1296
1843 2974
1844 1206
1845 1873
1847 1035
1856 1277
1857 1602
1860 1353
1868 2354
1874 691
1877 1909
1880 1311
1884 1410
1887 1293
1888 2628
1889 356
1895 349
1904 935
1905 599
1910 1178
1930 1922
1933 1011
1939 939
1943 1104
1948 2309
1954 2947
1955 2658
1959 924
1960 2088
1966 785
1967 2160
1970 2167
1971 325
1972 2820
1973 40
1990 2470
1995 2504
1996 1854
2003 2613
2004 375
2006 1070
2008 1295
2011 2198
2019 2019
2021 2312
2023 2469
2024 1701
2025 606
2032 2830
2037 1738
2043 887
2051 1312
2054 285
2060 1744
2062 2241
2065 1257
2073 437
2074 1010
2076 2462
2077 198
2078 625
2091 1874
2102 766
2104 1715
2106 1960
2114 2012
2147 2889
2151 467
2152 2837
2153 850
2160 1723
2176 2682
2179 2499
2184 979
2187 940
2189 2163
2198 2528
2203 339
2230 239
2244 664
2246 605
2250 2911
2251 1427
2252 1092
2254 2290
2271 495
2272 204
2291 1613
2295 1798
2297 1829
2299 1852
2300 1875
2307 2887
2309 1201
2314 1958
2315 695
2321 2116
2324 274
2325 2152
2327 1036
2338 191
2341 2527
2348 213
2351 504
2362 2506
2366 294
2368 2414
2369 585
2370 968

f_0082926.png f_0082492.png
1 885
17 619
24 520
40 523
41 922
62 534
70 837
79 946
91 369
94 353
98 565
105 450
110 737
116 562
149 38
177 758
188 607
201 675
206 647
224 474
234 741
238 572
264 843
294 513
302 819
306 767
313 708
332 586
341 992
342 888
344 609
345 475
367 919
368 648
369 601
383 677
397 1019
400 610
405 597
408 787
416 924
428 818
440 1233
457 656
460 651
471 702
494 693
505 1150
506 953
507 497
517 684
529 1135
563 1136
564 985
571 1209
572 978
587 850
595 866
625 1228
642 1094
646 990
649 636
653 1259
657 1483
658 1027
666 1268
679 1569
690 1318
703 1260
716 1239
721 912
725 686
739 1074
743 1182
744 1139
747 1319
757 1334
763 1061
771 1193
774 779
783 1371
789 1537
793 1674
794 1082
806 1219
808 1298
816 1460
822 1103
823 1097
825 1532
826 1087
830 1384
844 856
860 1515
865 1372
909 954
911 1424
913 1006
919 1185
920 1059
921 894
923 1716
928 1801
936 1075
940 1479
944 1202
948 1535
953 945
955 1079
967 1098
981 1152
982 1105
1009 1734
1010 1566
1019 1145
1022 1009
1027 1195
1037 1776
1060 1567
1063 1554
1066 1969
1110 1607
1111 1257
1136 1256
1140 2034
1155 1254
1187 1249
1188 1269
1193 1545
1202 1295
1205 2081
1206 1786
1209 1433
1214 1699
1227 1339
1232 1458
1241 2096
1252 1251
1265 1486
1269 1366
1298 1902
1307 1375
1325 1452
1347 1393
1353 1856
1368 1495
1399 1754
1406 1693
1445 1698
1455 1783
1456 1633
1460 1728
1475 1712
1485 2089
1488 1596
1489 1526
1505 2115
1521 1636
1540 1967
1541 1787
1555 1645
1581 1626
1610 1903
1641 1824
1668 2351
1680 1852
1708 1879
1732 1888
1758 1847
1773 1901
1774 1882
1781 2134
1791 1895
1821 2161
1847 1972
1866 1977
1876 1980
1931 2027
1992 2188
2094 2231
2115 2363
2340 2336

f_0082452.png f_0082558.png
3 1916
6 1263
12 492
13 2626
16 1354
18 2698
22 2056
28 1944
30 414
34 552
35 843
43 2400
44 1492
47 1807
51 164
52 684
53 1480
57 1988
60 2968
62 820
65 985
67 2839
68 872
83 2298
87 2624
91 765
93 264
107 2480
109 1458
110 2648
113 2586
114 391
122 2779
123 2765
126 2379
130 1059
131 1646
133 1315
134 561
135 1510
139 1754
141 1425
148 450
149 517
151 833
152 327
156 1357
159 410
164 923
169 810
177 402
179 1068
181 124
189 2780
191 1708
195 1335
208 2070
211 2264
216 2256
226 2391
228 30
238 1431
239 268
240 1360
243 966
247 2393
249 415
250 917
255 1239
257 1453
259 1610
261 1598
283 1671
291 2832
295 1625
299 1478
301 649
307 1323
309 2017
314 216
319 470
324 1848
330 2324
334 2546
343 641
348 2503
356 1959
357 253
361 2916
369 135
371 354
377 2575
380 1211
381 1081
387 2284
389 1430
391 1332
395 1769
396 764
402 1175
406 33
410 1438
411 279
412 1569
413 350
420 2140
425 1760
430 452
436 2009
439 2646
442 1897
446 1996
447 162
449 2896
452 1674
455 1536
459 1454
462 540
473 2356
475 2169
478 2569
488 730
489 805
493 227
500 1730
501 1219
511 1118
514 61
515 634
523 1747
527 2758
531 2673
535 1338
545 96
546 2533
547 2297
553 2432
558 7
583 1934
584 2799
587 2037
588 284
594 2465
600 2720
605 885
618 1367
625 970
679 1374
681 1111
683 2603
687 2593
695 2954
700 2382
704 2403
707 247
715 708
717 1860
730 1464
734 137
735 187
740 2661
748 1076
754 995
774 167
775 2706
785 859
804 1251
815 2331
817 73
830 102
835 1856
841 1839
851 637
853 1820
857 1423
860 2135
861 2848
865 761
866 99
871 1599
880 1280
882 657
884 1381
885 874
888 385
889 106
900 1626
904 1029
910 983
917 950
919 607
924 886
939 2550
947 2841
954 1213
959 1180
968 925
975 1037
979 751
980 5
988 584
1009 1655
1017 2551
1019 1628
1020 636
1023 1981
1026 2295
1027 1490
1031 1154
1036 1422
1041 1785
1046 1290
1049 180
1054 1370
1056 2585
1057 1120
1059 1398
1088 2690
1100 1200
1101 2204
1102 1192
1111 1976
1116 2144
1119 740
1125 1869
1127 1099
1128 2927
1133 2089
1140 494
1141 2000
1145 363
1149 1473
1150 1273
1161 1689
1166 2373
1167 1093
1169 2203
1174 278
1175 1947
1177 2094
1185 919
1188 169
1189 1523
1191 957
1192 1415
1197 524
1198 750
1199 71
1209 2269
1215 981
1216 2042
1220 1817
1222 1812
1226 2952
1227 263
1228 1776
1229 2371
1232 232
1235 2195
1236 602
1240 801
1241 149
1249 1166
1250 2989
1253 197
1255 2448
1262 554
1264 1539
1267 1314
1268 2558
1269 743
1274 2377
1275 2871
1279 889
1280 1326
1290 725
1292 378
1293 2127
1296 2354
1299 1115
1300 381
1301 1204
1306 1084
1307 2446
1309 1311
1316 2628
1318 356
1322 349
1324 2493
1329 599
1331 1289
1336 915
1345 1250
1348 426
1351 939
1357 2658
1360 1279
1368 246
1369 207
1375 701
1376 596
1385 1710
1393 2112
1399 2153
1408 2719
1411 606
1421 1738
1423 2640
1424 2303
1435 2475
1437 2636
1440 1815
1441 2036
1442 1309
1451 2146
1458 2830
1462 439
1466 1044
1468 2430
1476 1445
1478 1968
1488 1960
1493 1349
1496 1319
1499 2613
1502 1971
1506 2076
1513 2663
1517 360
1523 850
1525 1770
1529 1325
1539 1885
1543 1905
1548 2822
1551 1409
1552 1762
1569 1850
1575 230
1579 467
1585 1707
1589 312
1591 594
1593 251
1598 2843
1607 1160
1611 1001
1622 1281
1625 204
1632 2120
1643 1632
1644 2887

f_0082926.png f_0082452.png
3 144
51 306
56 215
62 134
64 32
71 141
90 158
91 56
116 159
144 421
177 319
210 63
238 175
265 167
289 708
294 118
298 12
342 489
345 157
354 62
366 514
369 190
390 233
399 213
400 181
453 851
454 842
457 245
460 188
461 192
474 266
477 329
494 298
501 317
517 246
529 701
571 760
580 704
603 724
641 685
647 304
665 946
674 1108
692 618
730 627
732 571
736 741
778 299
798 1008
826 668
842 1114
844 398
865 916
880 393
888 762
890 1165
907 733
908 572
909 473
920 636
935 713
936 645
944 756
955 660
980 813
981 732
982 646
1003 1047
1004 923
1011 590
1018 1080
1031 1277
1044 809
1048 735
1078 730
1126 750
1132 1205
1166 1410
1188 785
1208 1102
1218 1158
1219 1061
1221 931
1232 1025
1235 1485
1244 810
1266 924
1304 990
1307 969
1308 862
1330 1028
1343 850
1347 939
1368 1037
1385 1166
1395 1161
1399 1241
1400 1187
1401 1021
1406 1178
1423 1191
1446 1159
1456 1147
1460 1195
1489 1084
1525 1506
1546 1216
1588 1167
1597 1542
1606 1263
1613 1510
1640 1533
1714 1265
1715 1258
1757 1395
1758 1296
1773 1350
1806 1441
1852 1336
1865 1411
1899 1401
1918 1444
1927 1456
1930 1427
1931 1433
1934 1453
1935 1434
2008 1476
2013 1472
2020 1556
2054 1523
2076 1649
2110 1544
2218 1631
2316 1520
2323 1538
2341 1511
2557 1623
2570 1624

