f_0082492.png f_0082452.png
359 2
385 18
389 1
393 23
394 16
395 24
396 8
397 19
401 32
404 47
406 28
407 15
416 10
418 43
419 44
432 51
440 41
442 55
444 63
449 70
451 62
459 80
460 68
463 66
467 75
472 84
474 76
479 94
482 71
483 95
485 74
487 89
488 97
491 93
503 92
504 107
505 86
506 88
520 139
522 104
523 122
531 113
532 123
533 121
534 134
540 140
546 119
552 131
556 126
561 149
562 159
570 125
572 176
573 166
575 177
581 188
584 162
585 174
588 167
589 172
592 132
596 190
598 164
600 170
605 197
606 211
607 195
611 191
612 185
614 168
620 210
621 207
622 229
625 218
626 187
633 216
635 192
641 221
647 248
649 228
655 244
656 245
669 238
675 257
677 270
684 246
688 277
689 271
692 289
696 266
697 234
703 227
706 268
708 294
709 264
713 274
714 258
716 292
723 305
724 288
729 303
737 311
739 287
740 302
741 307
748 314
758 336
761 335
762 353
767 368
770 342
775 318
778 366
782 356
783 377
786 385
787 371
790 375
794 390
795 331
798 412
799 402
808 395
809 346
810 405
812 300
817 413
818 396
819 406
825 399
830 417
831 426
838 430
844 408
850 436
856 386
862 421
865 446
874 407
877 456
893 451
894 453
897 464
898 481
905 500
906 489
912 463
920 504
923 486
924 514
928 513
929 502
933 519
937 510
942 512
943 531
944 505
953 546
958 532
960 527
961 507
970 569
973 525
978 554
982 574
985 559
987 556
989 578
992 604
995 545
996 609
999 627
1002 584
1005 617
1022 541
1025 594
1026 621
1028 626
1035 639
1038 642
1045 655
1047 643
1048 644
1050 628
1053 636
1059 646
1064 654
1067 597
1068 622
1075 649
1081 601
1086 671
1087 668
1089 607
1091 683
1093 684
1094 685
1096 702
1097 688
1100 690
1112 657
1115 693
1120 620
1131 717
1134 674
1135 715
1139 731
1140 659
1144 728
1146 698
1152 732
1153 658
1168 738
1172 675
1177 753
1186 710
1190 740
1191 781
1196 771
1198 726
1202 756
1204 706
1206 780
1207 742
1223 787
1228 803
1229 809
1233 786
1236 793
1239 805
1246 820
1248 814
1249 818
1254 759
1259 828
1260 846
1268 825
1274 844
1277 826
1281 840
1282 845
1283 774
1285 856
1292 847
1293 851
1295 792
1297 873
1305 878
1306 810
1314 876
1319 887
1330 817
1341 896
1344 922
1345 907
1351 917
1358 936
1360 941
1362 934
1367 894
1368 871
1372 951
1374 965
1375 924
1380 952
1387 884
1389 974
1391 973
1392 978
1394 900
1401 898
1403 988
1409 999
1410 979
1411 932
1412 993
1415 977
1416 983
1417 950
1432 1008
1438 1026
1442 1023
1443 1014
1444 1024
1445 969
1458 1025
1462 957
1463 975
1471 1044
1473 1039
1479 1042
1480 1047
1485 1050
1487 1006
1495 1037
1501 1062
1507 1076
1508 1073
1509 1079
1511 1021
1516 1043
1518 1092
1527 1040
1540 1090
1544 1097
1547 1048
1563 1109
1565 1074
1572 1127
1579 1132
1599 1133
1606 1145
1611 1140
1615 1144
1617 1106
1618 1100
1632 1159
1634 1095
1636 1128
1647 1169
1648 1171
1650 1129
1669 1189
1693 1187
1697 1190
1699 1209
1700 1212
1705 1155
1711 1150
1717 1221
1719 1177
1727 1229
1734 1248
1738 1216
1740 1241
1745 1238
1747 1198
1754 1250
1756 1249
1762 1255
1766 1220
1767 1213
1781 1251
1783 1279
1799 1293
1800 1270
1817 1252
1830 1289
1842 1271
1846 1291
1847 1296
1851 1342
1856 1334
1860 1265
1867 1301
1868 1302
1882 1313
1884 1346
1895 1322
1901 1335
1911 1337
1919 1364
1924 1399
1927 1331
1943 1365
1982 1440
2014 1455
2032 1421
2054 1487
2070 1462
2072 1453
2075 1430
2076 1497
2100 1510
2106 1463
2125 1493
2153 1523
2154 1520
2161 1545
2176 1518
2186 1599
2188 1551
2193 1574
2197 1587
2199 1560
2202 1609
2208 1563
2216 1595
2218 1556
2221 1614
2252 1608
2272 1625
2280 1615
2286 1606
2300 1632
