f_0082452.png f_0082558.png
3 1916
6 1263
12 492
13 2626
16 1354
18 2698
22 2056
28 1944
30 414
34 552
35 843
43 2400
44 1492
47 1807
51 164
52 684
53 1480
57 1988
60 2968
62 820
65 985
67 2839
68 872
83 2298
87 2624
91 765
93 264
107 2480
109 1458
110 2648
113 2586
114 391
122 2779
123 2765
126 2379
130 1059
131 1646
133 1315
134 561
135 1510
139 1754
141 1425
148 450
149 517
151 833
152 327
156 1357
159 410
164 923
169 810
177 402
179 1068
181 124
189 2780
191 1708
195 1335
208 2070
211 2264
216 2256
226 2391
228 30
238 1431
239 268
240 1360
243 966
247 2393
249 415
250 917
255 1239
257 1453
259 1610
261 1598
283 1671
291 2832
295 1625
299 1478
301 649
307 1323
309 2017
314 216
319 470
324 1848
330 2324
334 2546
343 641
348 2503
356 1959
357 253
361 2916
369 135
371 354
377 2575
380 1211
381 1081
387 2284
389 1430
391 1332
395 1769
396 764
402 1175
406 33
410 1438
411 279
412 1569
413 350
420 2140
425 1760
430 452
436 2009
439 2646
442 1897
446 1996
447 162
449 2896
452 1674
455 1536
459 1454
462 540
473 2356
475 2169
478 2569
488 730
489 805
493 227
500 1730
501 1219
511 1118
514 61
515 634
523 1747
527 2758
531 2673
535 1338
545 96
546 2533
547 2297
553 2432
558 7
583 1934
584 2799
587 2037
588 284
594 2465
600 2720
605 885
618 1367
625 970
679 1374
681 1111
683 2603
687 2593
695 2954
700 2382
704 2403
707 247
715 708
717 1860
730 1464
734 137
735 187
740 2661
748 1076
754 995
774 167
775 2706
785 859
804 1251
815 2331
817 73
830 102
835 1856
841 1839
851 637
853 1820
857 1423
860 2135
861 2848
865 761
866 99
871 1599
880 1280
882 657
884 1381
885 874
888 385
889 106
900 1626
904 1029
910 983
917 950
919 607
924 886
939 2550
947 2841
954 1213
959 1180
968 925
975 1037
979 751
980 5
988 584
1009 1655
1017 2551
1019 1628
1020 636
1023 1981
1026 2295
1027 1490
1031 1154
1036 1422
1041 1785
1046 1290
1049 180
1054 1370
1056 2585
1057 1120
1059 1398
1088 2690
1100 1200
1101 2204
1102 1192
1111 1976
1116 2144
1119 740
1125 1869
1127 1099
1128 2927
1133 2089
1140 494
1141 2000
1145 363
1149 1473
1150 1273
1161 1689
1166 2373
1167 1093
1169 2203
1174 278
1175 1947
1177 2094
1185 919
1188 169
1189 1523
1191 957
1192 1415
1197 524
1198 750
1199 71
1209 2269
1215 981
1216 2042
1220 1817
1222 1812
1226 2952
1227 263
1228 1776
1229 2371
1232 232
1235 2195
1236 602
1240 801
1241 149
1249 1166
1250 2989
1253 197
1255 2448
1262 554
1264 1539
1267 1314
1268 2558
1269 743
1274 2377
1275 2871
1279 889
1280 1326
1290 725
1292 378
1293 2127
1296 2354
1299 1115
1300 381
1301 1204
1306 1084
1307 2446
1309 1311
1316 2628
1318 356
1322 349
1324 2493
1329 599
1331 1289
1336 915
1345 1250
1348 426
1351 939
1357 2658
1360 1279
1368 246
1369 207
1375 701
1376 596
1385 1710
1393 2112
1399 2153
1408 2719
1411 606
1421 1738
1423 2640
1424 2303
1435 2475
1437 2636
1440 1815
1441 2036
1442 1309
1451 2146
1458 2830
1462 439
1466 1044
1468 2430
1476 1445
1478 1968
1488 1960
1493 1349
1496 1319
1499 2613
1502 1971
1506 2076
1513 2663
1517 360
1523 850
1525 1770
1529 1325
1539 1885
1543 1905
1548 2822
1551 1409
1552 1762
1569 1850
1575 230
1579 467
1585 1707
1589 312
1591 594
1593 251
1598 2843
1607 1160
1611 1001
1622 1281
1625 204
1632 2120
1643 1632
1644 2887
