f_0082926.png f_0082558.png
2 1891
3 994
4 264
5 1215
17 1340
28 955
34 2166
50 1640
68 43
75 1946
80 1845
99 2158
105 1732
111 833
127 2870
131 2029
150 1239
162 193
168 948
173 2950
188 1335
201 268
210 2804
218 120
254 803
259 2053
281 96
291 1068
293 2017
294 231
298 690
301 2037
307 498
308 173
311 970
330 1333
341 2432
342 540
343 2270
344 626
352 1118
354 820
368 1207
369 480
379 16
391 48
394 492
408 1758
412 1165
417 2503
434 1574
457 1708
476 1298
484 2657
490 2382
491 2476
494 1449
496 1547
500 1838
506 479
517 1985
524 1183
525 327
529 755
535 2254
540 1781
551 2530
554 123
557 1420
558 1892
565 1086
569 2615
572 932
582 2708
584 2988
585 2326
586 397
590 756
597 595
602 2390
604 2061
606 199
614 632
617 776
631 1645
636 2379
644 682
646 2532
649 1459
650 2315
653 2868
656 779
667 1860
668 2372
672 67
690 1600
692 1367
694 4
703 99
707 2047
709 1911
711 1979
712 489
718 2651
721 260
726 449
731 1383
732 2022
737 412
740 2324
743 2543
748 791
752 1843
753 1846
757 2746
768 1182
769 2785
774 310
787 1848
790 1290
791 2977
795 1931
796 1671
800 2457
803 917
804 1656
808 2783
815 2959
821 1964
823 2334
827 2844
831 2622
832 1532
833 1531
838 2416
840 1717
841 209
851 2841
853 2762
854 781
862 2897
869 194
871 2138
874 1628
875 1634
878 2703
880 2284
881 2121
884 882
885 2027
886 1927
891 1952
892 1691
900 1785
909 2356
916 1783
919 893
920 2650
921 757
935 754
939 1091
941 1509
946 2209
947 266
948 2105
964 2630
966 751
968 303
970 2826
977 1583
979 455
981 2201
982 2242
986 726
993 1155
996 1792
1003 62
1004 1957
1013 1703
1055 2846
1064 1148
1068 951
1075 801
1083 2781
1088 655
1093 2962
1102 1371
1116 1099
1122 1266
1131 1192
1132 197
1134 919
1139 1564
1154 2689
1158 691
1163 2128
1164 2994
1168 2269
1171 2933
1177 378
1179 2914
1194 1629
1199 2106
1206 2377
1216 859
1217 381
1230 65
1237 1416
1282 2119
1288 2514
1289 677
1290 1244
1297 70
1298 1011
1299 246
1313 1863
1319 1764
1341 2931
1399 2371
1405 1539
1423 957
1424 911
1429 1406
1431 1470
1439 1887
1458 5
1459 1737
1465 1968
1467 692
1474 1163
1479 324
1489 1034
1490 2369
1493 191
1513 241
1514 774
1522 2014
1535 2552
1546 2042
1572 2058
1580 2188
1592 837
1594 1069
1598 1465
1600 2192
1603 1270
1618 2383
1620 2591
1624 1682
1642 222
1661 2366
1667 2360
1673 1613
1675 2967
1691 2033
1701 1283
1704 1104
1713 2020
1734 2491
1739 2727
1743 2036
1750 436
1770 2483
1782 2852
1791 307
1797 1635
1805 1657
1848 475
1863 899
1865 1913
1876 207
1886 275
1911 165
1925 2949
2079 177
2081 987
2109 251
2124 1746
2196 797
2217 1709
2232 1895
2250 2537
2295 1882
2367 223
2516 663
2557 74
2583 1108
2755 2370
