f_0064722.png f_0064886.png
5 2
32 18
40 31
85 84
86 43
101 77
102 78
112 83
135 36
148 186
154 35
155 24
176 96
197 5
204 201
216 143
217 115
221 46
223 7
225 208
236 194
253 51
257 311
268 138
270 8
277 236
279 223
282 26
294 136
299 242
302 262
303 154
310 283
314 16
333 195
344 277
347 68
348 37
356 74
361 97
363 331
373 198
379 45
389 306
390 269
391 66
392 70
401 67
415 254
417 111
423 279
425 58
429 391
433 386
435 92
452 129
456 100
459 11
461 498
464 106
484 423
501 132
502 140
509 76
515 116
527 150
536 722
537 670
544 112
553 477
555 503
566 478
573 182
586 491
588 89
589 616
591 504
592 400
596 557
599 184
600 187
604 523
605 492
620 265
622 166
627 218
640 141
644 537
650 271
652 202
657 205
663 239
667 567
672 575
687 273
689 249
691 188
697 142
704 228
707 418
714 248
728 259
736 592
739 250
747 789
751 312
753 705
759 641
760 577
766 640
781 342
783 307
787 624
790 303
796 341
797 352
806 363
807 350
808 233
809 234
816 323
819 388
821 313
822 284
828 364
829 344
834 668
847 719
849 714
853 778
863 738
871 715
877 938
886 694
889 479
895 745
906 824
918 463
919 353
923 766
924 494
929 510
931 450
934 780
936 532
939 706
946 528
947 403
950 1038
957 1041
964 547
968 828
970 433
974 378
976 533
984 520
988 614
993 554
1001 470
1002 414
1009 658
1032 867
1035 583
1036 891
1040 607
1043 834
1045 601
1046 584
1051 644
1070 688
1073 562
1079 511
1088 736
1090 634
1114 892
1122 512
1126 940
1132 595
1134 990
1136 716
1145 713
1146 681
1149 585
1153 1071
1156 659
1170 781
1172 602
1173 630
1174 1190
1176 977
1185 759
1188 1077
1197 660
1201 782
1213 786
1219 1157
1228 677
1231 797
1232 810
1237 813
1263 1446
1264 1336
1268 654
1272 1058
1277 760
1278 731
1280 1133
1285 695
1291 829
1293 691
1297 1085
1300 918
1303 814
1305 798
1307 953
1308 872
1311 746
1313 1471
1320 917
1323 753
1324 1316
1326 1132
1330 851
1334 721
1335 1352
1336 1158
1353 803
1354 804
1368 885
1369 737
1371 1047
1372 884
1375 1477
1377 961
1378 889
1381 962
1386 707
1387 1060
1390 1028
1391 948
1392 932
1394 926
1395 858
1396 873
1397 954
1398 763
1404 852
1405 830
1407 775
1412 1022
1414 921
1415 969
1425 927
1427 1503
1428 1234
1431 1584
1435 1601
1440 733
1443 1406
1445 1282
1446 1171
1447 1072
1450 1273
1453 900
1454 922
1455 854
1457 1518
1458 1000
1459 988
1462 1348
1465 1097
1467 1036
1468 1590
1470 1204
1474 1136
1480 1230
1486 936
1488 1484
1490 941
1494 1196
1502 1172
1503 1052
1504 1031
1505 1185
1510 1079
1514 1482
1517 1216
1518 1206
1524 1675
1529 937
1533 1340
1536 1207
1537 1140
1540 1305
1542 949
1547 1002
1552 1116
1553 1101
1569 1617
1583 1549
1589 1268
1592 1164
1593 1008
1595 1360
1602 1081
1606 1149
1611 1066
1612 1075
1613 1054
1617 1408
1618 1771
1619 1729
1641 1102
1643 1409
1646 1328
1648 864
1651 1724
1652 1804
1656 1292
1658 1103
1663 1144
1666 1361
1667 1342
1669 1003
1673 1434
1675 1129
1678 1792
1680 1218
1681 1143
1684 1700
1687 1295
1690 1642
1706 1495
1709 1177
1713 1334
1726 1891
1729 1324
1731 1242
1732 1130
1733 2097
1736 1509
1738 1506
1739 1296
1742 1805
1743 1685
1746 1364
1747 1232
1751 1388
1755 1680
1758 1211
1759 1180
1763 1542
1765 1335
1766 1311
1768 1493
1770 1528
1772 1278
1773 1459
1774 1269
1777 1725
1778 1681
1780 1496
1781 1381
1782 1243
1783 1219
1784 965
1792 1714
1793 1462
1794 1460
1795 1302
1796 1223
1799 1741
1803 1166
1806 1343
1807 1279
1810 1870
1814 1398
1817 1899
1820 1435
1821 1436
1822 1417
1823 1930
1827 1585
1828 1454
1829 1442
1830 1443
1831 1363
1833 1298
1839 2074
1841 1782
1844 1376
1849 1428
1851 1535
1852 1463
1867 1308
1872 1478
1876 1591
1877 1444
1878 1286
1880 1448
1891 1270
1893 1657
1896 1252
1897 1155
1899 1816
1901 1974
1905 1507
1908 1489
1910 1568
1918 1701
1924 1449
1926 1918
1928 1425
1929 1658
1933 1391
1934 1900
1941 1659
1942 1632
1945 1260
1947 1743
1951 1345
1952 1860
1955 1593
1959 1313
1961 1761
1962 1664
1965 1716
1976 1500
1977 1508
1981 1789
1988 2064
1989 1919
1993 1922
1994 1824
1995 1660
2002 1581
2005 1524
2007 1767
2011 1697
2018 1717
2019 1687
2021 1400
2024 1794
2026 2256
2028 1604
2029 1472
2031 1412
2032 2154
2033 1993
2035 1852
2039 1533
2041 1479
2043 1401
2048 1828
2049 1745
2051 1537
2054 1801
2058 1594
2067 1808
2076 1734
2079 1886
2083 1704
2086 1947
2089 1546
2090 1553
2091 2398
2095 1836
2102 1473
2104 2065
2105 1846
2114 1719
2117 1582
2118 1534
2120 1920
2127 2209
2128 2210
2132 1895
2133 1560
2137 1829
2138 1768
2142 1887
2144 1646
2146 1608
2149 1822
2150 1830
2161 2104
2162 2113
2164 1705
2172 2452
2176 1765
2180 2131
2182 2057
2187 2469
2188 1672
2192 1690
2201 1817
2202 1776
2211 1924
2212 1869
2218 2048
2219 1711
2221 2170
2227 1797
2228 1620
2234 2222
2237 2105
2239 1818
2240 1633
2245 1843
2251 1786
2253 2123
2254 2043
2258 1949
2263 2146
2265 1833
2268 1638
2276 2399
2278 1979
2279 2477
2282 2268
2283 2107
2284 2059
2286 1831
2287 1766
2289 2267
2290 2202
2291 2044
2292 2031
2297 2058
2298 1987
2302 1693
2303 2067
2306 2181
2307 2011
2310 2306
2312 1791
2315 1820
2316 2325
2324 2348
2327 1737
2331 2337
2332 2363
2334 2060
2335 1879
2336 1849
2338 1769
2341 2447
2346 1777
2351 2046
2353 2496
2356 2082
2357 1874
2358 1780
2362 2147
2364 2099
2365 1905
2368 2478
2371 1903
2376 2194
2381 2012
2383 1915
2387 2177
2388 2195
2393 1962
2399 2133
2400 2134
2409 2152
2412 1988
2420 2383
2421 2279
2423 2184
2425 1827
2426 2426
2428 2320
2430 2178
2432 2171
2434 1925
2440 2384
2442 2157
2446 2027
2450 2100
2452 2490
2454 2004
2459 2556
2464 2185
2472 1999
2473 2432
2474 2411
2477 2226
2491 2259
2493 2084
2494 2052
2499 2005
2505 2215
2508 1917
2511 2115
2512 2150
2516 2572
2522 2433
2532 2546
2538 2036
2550 2127
2551 2274
2554 2339
2555 2620
2557 2095
2560 2395
2563 2329
2570 2640
2573 2290
2575 2136
2577 2291
2583 2280
2588 1863
2597 2200
2598 2760
2600 2294
2601 2201
2610 2365
2611 2340
2612 2292
2624 2405
2627 2229
2629 2761
2637 2642
2639 2558
2643 1946
2645 1929
2647 2762
2648 2707
2649 2542
2652 2672
2654 2261
2659 2137
2661 2883
2663 2498
2674 2331
2677 2413
2690 2216
2693 2304
2698 2323
2706 2203
2711 2517
2718 2927
2721 2505
2725 2835
2726 2523
2730 2356
2732 3037
2733 2956
2734 2428
2735 2371
2738 2281
2739 2162
2740 2702
2742 2724
2743 2508
2745 2255
2753 2446
2755 2283
2759 2813
2767 2525
2770 2770
2778 2958
2780 2344
2787 2837
2788 2787
2795 2449
2796 2625
2798 2350
2800 2313
2802 2972
2806 2324
2807 3077
2810 2661
2814 2587
2821 2596
2823 2332
2832 2588
2835 2822
2836 2710
2837 2560
2838 2461
2843 2647
2844 2632
2849 3085
2851 2741
2852 2913
2853 2829
2857 2873
2862 3082
2866 2902
2868 2713
2870 2576
2876 2372
2877 2345
2885 2824
2888 2617
2889 2518
2891 2397
2893 2901
2904 2567
2924 2488
2927 2681
2928 2528
2934 2663
2938 3116
2941 2682
2948 2869
2950 2754
2953 2917
2965 2538
2967 3122
2972 2893
2977 2961
2980 2602
2987 3040
2993 2668
2999 2749
3003 2894
3008 2946
3009 2903
3013 2592
3021 3033
3022 3028
3024 2764
3028 2947
3035 2698
3036 2714
3037 3034
3040 3152
3054 3046
3059 2607
3061 3090
3065 3022
3070 3017
3071 2967
3072 2968
3073 2933
3075 2844
3078 2502
3083 2840
3090 2519
3091 3220
3093 3059
3095 2969
3099 2975
3100 2921
3101 2773
3105 2976
3110 3072
3114 3047
3120 2904
3123 2986
3128 2999
3132 2896
3136 3098
3144 3018
3150 2858
3169 3134
3171 3314
3179 3226
3186 3207
3189 3257
3202 3276
3205 3053
3215 3065
3217 3186
3222 2923
3230 3078
3233 3264
3235 3197
3240 3113
3245 3337
3247 3191
3249 3163
3259 3235
3262 2792
3267 3108
3268 3000
3276 3179
3278 3026
3282 3119
3291 2990
3296 3147
3298 3243
3310 3204
3315 3129
3324 3462
3327 3222
3334 3201
3353 2898
3356 3165
3357 3317
3359 3164
3362 3115
3364 3271
3365 3173
3367 3486
3371 3253
3375 3263
3376 3198
3386 3131
3389 3174
3391 3167
3394 3244
3395 3223
3400 3325
