f_0064556.png f_0064636.png
239 93
274 403
515 33
523 54
567 197
598 57
599 618
658 220
680 90
688 24
690 167
708 108
738 187
747 554
752 135
754 268
764 245
797 217
824 94
868 264
900 122
915 350
937 232
958 39
969 351
1003 379
1004 360
1010 30
1011 18
1026 438
1033 66
1039 385
1060 29
1068 244
1069 748
1072 17
1086 23
1104 89
1105 52
1117 205
1123 121
1128 702
1138 101
1139 231
1156 84
1164 275
1171 65
1175 326
1187 718
1195 159
1219 605
1226 840
1241 113
1255 896
1264 163
1265 257
1305 174
1318 533
1320 582
1333 291
1356 592
1357 635
1360 59
1373 421
1396 734
1405 162
1411 161
1415 401
1424 315
1427 744
1429 151
1445 468
1455 383
1469 831
1481 469
1483 474
1487 512
1500 71
1501 229
1513 742
1516 51
1518 270
1531 272
1571 895
1578 617
1579 88
1587 511
1599 490
1607 549
1610 1025
1611 1400
1616 602
1622 650
1632 365
1634 1009
1646 601
1649 1107
1657 963
1669 999
1672 460
1673 358
1674 373
1675 1036
1678 454
1679 622
1686 455
1690 679
1694 1196
1698 445
1702 520
1703 659
1704 698
1708 648
1720 1209
1726 589
1727 466
1737 696
1738 708
1756 714
1760 1197
1764 532
1772 1056
1775 751
1776 1256
1779 741
1784 1190
1793 795
1799 810
1809 253
1821 893
1824 606
1825 1137
1826 1354
1843 333
1844 613
1848 847
1852 568
1854 891
1857 706
1859 863
1865 892
1876 1224
1898 1054
1901 668
1913 915
1924 705
1925 740
1934 465
1935 738
1943 772
1945 837
1955 879
1957 1022
1963 689
1965 988
1966 1015
1976 962
1978 1254
1982 717
1985 873
1986 1125
1991 829
1992 878
1993 912
2005 1007
2008 771
2010 1071
2012 1172
2014 1275
2026 794
2030 828
2031 836
2032 870
2034 1332
2042 1045
2051 1086
2055 1171
2057 1529
2060 910
2065 1451
2066 1536
2068 1656
2072 818
2075 1145
2082 1141
2094 909
2095 950
2097 1178
2104 1092
2105 1103
2111 639
2112 1147
2114 979
2115 1144
2116 1146
2129 1114
2136 908
2137 1170
2144 1211
2146 1158
2151 933
2160 646
2168 1518
2173 920
2184 1152
2187 1207
2192 1304
2199 907
2207 1464
2209 987
2216 1206
2217 1231
2222 1251
2224 1385
2231 803
2233 1004
2236 1240
2240 1265
2248 1769
2250 1286
2253 1584
2255 1065
2257 1372
2264 1376
2271 1319
2272 1320
2273 1583
2274 1216
2276 1569
2277 890
2283 1330
2285 1449
2291 1665
2298 1835
2301 1433
2302 1622
2305 1131
2323 1503
2325 1649
2326 1810
2336 1382
2338 1383
2339 1483
2341 1664
2345 1318
2347 1365
2349 978
2350 1396
2369 1167
2371 1397
2373 1440
2391 1501
2396 1492
2415 1683
2422 1628
2425 1371
2427 1742
2435 1589
2442 1834
2447 1618
2448 1853
2450 1527
2451 1620
2452 1557
2453 1540
2460 637
2466 1860
2473 1872
2478 1627
2488 1110
2497 1871
2498 1992
2503 1887
2507 1652
2514 1506
2516 1939
2521 1422
2532 2047
2539 1831
2541 2032
2564 1958
2565 2125
2583 1533
2584 1509
2585 1505
2588 1965
2597 1706
2598 1852
2603 1963
2604 1525
2606 1839
2616 1648
2619 2063
2620 2167
2622 1487
2624 2198
2625 2166
2636 1473
2640 1748
2649 1647
2659 1895
2667 2150
2672 1673
2675 1580
2680 1913
2681 2013
2686 2078
2702 1912
2706 1929
2708 2050
2712 1943
2719 1643
2720 1723
2723 1108
2726 1951
2727 2027
2728 2045
2738 1686
2740 1805
2744 1957
2745 1974
2749 2077
2752 1671
2753 1705
2757 1625
2762 2258
2768 1123
2780 2088
2781 1028
2785 2162
2802 2118
2806 2042
2810 1906
2812 2173
2823 1747
2824 2043
2829 2219
2839 1670
2845 2304
2850 1067
2855 1949
2857 2218
2862 2094
2863 2134
2869 2130
2870 2101
2871 2186
2880 2234
2883 2176
2899 2110
2907 1789
2916 2142
2926 2060
2930 1732
2931 2275
2932 2313
2938 1830
2949 1578
2952 1849
2957 1326
2958 1848
2962 2413
2966 1858
2971 2100
2972 2242
2980 2484
2987 1818
2989 2502
2995 2542
2999 2282
3000 2424
3003 1817
3007 1453
3011 2140
3021 2273
3022 2507
3029 2182
3034 2129
3041 1935
3047 2378
3065 1431
3067 2517
3068 2567
3072 2331
3074 2446
3076 2609
3087 1894
3088 1905
3103 2595
3113 2418
3121 1468
3126 2286
3127 2623
3137 2356
3139 2522
3140 2670
3150 2376
3164 1538
3168 2124
3173 2759
3176 1598
3178 2252
3179 2462
3180 2505
3181 2659
3186 2488
3187 2561
3200 2698
3206 1596
3209 1619
3214 2461
3242 1701
3245 2386
3246 2492
3253 2054
3254 2612
3264 2081
3267 2540
3268 2799
3286 2630
3294 2629
3295 2631
3296 2778
3304 2147
3321 2570
3334 2768
3344 2146
3347 2566
3349 2646
3352 2766
3354 1737
3357 2460
3358 2657
3362 2658
3366 1842
3367 1843
3376 2664
3378 2765
3379 2849
3383 2621
3386 2686
3394 1978
3406 2353
3407 2707
3411 2964
3418 2741
3429 2600
3433 2773
3438 2250
3441 2704
3442 2740
3443 2772
3445 1750
3446 2662
3451 2694
3462 1923
3468 2835
3477 2487
3478 2797
3479 2873
3488 2880
3497 2039
3503 2017
3504 2431
3513 2901
3525 2739
3531 2661
3539 2511
3541 3134
3542 3127
3547 2806
3549 3081
3552 1984
3555 2814
3557 3091
3564 2872
3571 2359
3572 2842
3586 2738
3590 2371
3593 2974
3600 2626
3601 2796
3607 2439
3618 2858
3633 2691
3636 2293
3643 2888
3648 2306
3649 2451
3654 2911
3657 3252
3658 2495
3661 3042
3663 2370
3665 2401
3666 2618
3673 2402
3678 3208
3692 2582
3693 3023
3694 3162
3701 2846
3706 2513
3717 2562
3720 3089
3721 3098
3750 3095
3755 2949
3764 2969
3766 3056
3769 2581
3777 2638
3782 3118
3788 3161
3793 3324
3796 3045
3813 2478
3814 2529
3840 2805
3843 2979
3845 3218
3855 3181
3858 3429
3863 2653
3873 3344
3875 3389
3888 3442
3894 3111
3903 2483
3905 2750
3921 2489
3931 3206
3936 3360
3946 3497
3967 2761
3969 3156
3973 2896
3974 3155
3977 3154
3978 3492
3979 2580
3983 3466
3984 3510
3987 2610
3989 2790
3991 2972
3994 3597
3999 3292
4001 3565
4021 3167
4022 3592
4028 2769
4032 2606
4034 3277
4039 3566
4045 3216
4055 3576
4057 3484
4058 3590
4060 2579
4061 2742
4065 2782
4069 3044
4073 3495
4082 3124
4089 3489
4091 3601
4097 3269
4098 3331
4115 3563
4116 3670
4121 3291
4123 3642
4129 3676
4137 3544
4148 3646
4160 3619
4176 3561
4183 3494
4191 3151
4197 3761
4203 3008
4207 3405
4212 3787
4213 3740
4215 3654
4221 3245
4227 3508
4230 3051
4231 3260
4239 3675
4249 3288
4253 3474
4255 3797
4258 3570
4259 3710
4263 3372
4264 3382
4265 3448
4268 3882
4270 3060
4279 2998
4281 3144
4282 3131
