f_0064636.png f_0064962.png
5 385
11 1054
24 823
40 596
54 1105
167 1207
203 750
225 1519
232 1047
238 612
246 1553
250 1266
251 1597
263 634
274 1002
290 649
291 822
304 1265
305 1369
315 707
317 1401
326 1229
332 744
337 1436
348 845
349 994
350 1408
360 1527
367 1133
405 785
425 288
429 975
436 863
452 349
456 1414
457 1686
458 325
462 966
473 673
490 915
491 1015
493 1776
513 1315
523 1219
531 696
542 1040
551 1355
557 743
586 1026
601 970
602 1062
605 1756
608 1690
609 1858
622 987
631 805
635 1750
659 1108
670 1376
686 1547
687 1995
689 695
698 1161
699 1772
705 739
719 721
720 1287
721 1380
722 1954
734 1885
740 804
741 1177
753 1771
760 1379
764 816
765 2008
771 749
772 826
777 897
796 1385
797 1534
805 1228
808 819
818 778
821 1876
828 871
829 912
841 2375
851 1820
862 870
869 855
870 934
874 1390
877 843
878 974
879 1039
880 1286
882 1851
883 2051
891 1253
909 895
911 918
912 1033
920 784
924 1314
933 882
934 1664
935 1736
936 1884
972 869
976 1926
984 1927
985 2044
1004 928
1007 1486
1014 1258
1019 1952
1021 1375
1023 2127
1035 1595
1036 2353
1047 1738
1071 1694
1072 2390
1081 776
1082 1001
1083 1367
1091 1428
1097 630
1098 702
1101 1160
1102 1448
1106 2141
1111 830
1127 2023
1141 1441
1148 2168
1149 2218
1153 1203
1154 1405
1163 1285
1164 1323
1165 2083
1167 894
1168 949
1169 1019
1171 1796
1191 2442
1195 2105
1206 1283
1208 1741
1225 2208
1239 1191
1240 1342
1246 2043
1261 672
1263 910
1272 1282
1274 1782
1275 2090
1281 1190
1284 850
1287 1516
1300 981
1305 2022
1316 999
1318 1341
1320 1545
1323 2229
1328 849
1339 1478
1344 947
1347 2049
1350 1045
1352 1979
1360 1088
1367 2021
1370 967
1371 1313
1372 1866
1381 1272
1382 1440
1383 1562
1386 2410
1396 1493
1398 1818
1403 1233
1405 2031
1406 2268
1409 1038
1417 1938
1418 2087
1419 2181
1422 1281
1423 1349
1425 1923
1432 1892
1439 1291
1440 1899
1446 1018
1449 1999
1450 2029
1451 2364
1456 2913
1461 1057
1462 1561
1473 1117
1480 1044
1483 1998
1492 1991
1495 738
1501 2027
1502 2070
1510 1403
1511 1625
1512 2436
1515 1013
1517 2244
1525 1201
1527 1560
1528 1781
1529 2586
1531 1029
1532 1093
1536 2500
1540 2013
1541 2286
1552 1817
1556 1148
1561 1897
1567 1111
1568 1732
1569 2415
1573 2186
1574 2636
1581 1973
1583 2357
1589 2173
1591 2289
1592 2308
1597 854
1599 908
1601 1116
1603 1372
1614 1413
1616 1949
1622 2343
1623 2777
1628 2232
1639 2198
1644 2062
1648 1604
1655 2568
1673 1525
1676 2582
1680 1099
1681 1672
1692 1172
1694 2476
1695 2585
1696 2747
1715 2172
1716 2350
1718 2945
1720 917
1725 2138
1726 2334
1730 720
1732 1340
1741 2227
1744 1167
1745 1384
1749 2111
1755 2450
1756 2726
1758 1087
1760 1464
1762 3001
1767 1200
1770 1680
1772 2221
1773 2321
1774 2349
1775 2519
1779 1170
1785 2660
1788 1114
1791 2388
1792 2431
1795 2834
1798 1017
1803 818
1807 2171
1809 2348
1812 1053
1818 1434
1822 2804
1826 1141
1831 2382
1832 2486
1833 2534
1834 2670
1839 2363
1840 2564
1845 1577
1853 2611
1857 1570
1860 2724
1861 1339
1862 1522
1865 2314
1870 2499
1871 2605
1874 1218
1876 2891
1881 1366
1887 2642
1890 1065
1892 1064
1894 1412
1895 2318
1898 2634
1905 1457
1912 2398
1913 2473
1914 2547
1915 2668
1925 1084
1929 2249
1930 2305
1933 1556
1934 1557
1936 2205
1943 2356
1945 3100
1950 2417
1951 2484
1955 1098
1956 1109
1958 2699
1962 2414
1963 2604
1964 2693
1965 2755
1968 1250
1969 1295
1974 2355
1978 1023
1980 2447
1988 2273
1990 2618
1994 1261
1995 1270
1998 2036
2001 1698
2006 2803
2008 1153
2010 1419
2016 861
2020 2536
2027 2567
2030 2603
2031 2925
2039 1050
2042 2424
2044 2518
2045 2633
2052 1186
2053 1492
2055 1864
2062 2423
2066 2248
2072 2455
2087 2309
2088 2685
2093 1915
2094 2475
2097 2573
2099 1365
2102 2858
2110 2397
2111 2753
2123 1394
2125 3113
2128 1977
2131 2610
2134 2584
2142 2403
2143 2555
2148 2684
2149 2783
2154 1091
2161 2517
2166 3136
2167 3174
2169 1239
2171 2461
2172 2641
2174 1418
2175 2237
2176 2617
2177 2752
2179 1399
2186 2704
2197 2676
2202 2683
2203 2909
2208 3047
2211 1543
2216 2533
2217 2602
2222 2123
2223 2713
2224 1248
2227 1650
2234 2841
2235 2938
2241 2329
2252 2110
2257 2647
2258 3216
2262 3076
2266 1331
2267 1359
2276 2789
2284 1071
2288 2572
2289 2750
2295 2692
2311 2823
2313 2993
2316 1445
2325 1569
2331 2496
2338 3187
2339 1131
2341 2495
2345 1780
2348 3087
2349 3180
2357 2646
2361 3272
2368 2963
2372 1824
2378 2698
2405 1956
2412 3024
2414 3149
2415 3199
2418 2640
2421 838
2423 2856
2425 2954
2428 1530
2437 1060
2442 2331
2443 2506
2445 2697
2446 2821
2447 2933
2452 1726
2454 3163
2463 2615
2473 2820
2484 3192
2492 2601
2493 2912
2496 2723
2497 2819
2500 1066
2502 3191
2505 2775
2506 2780
2512 2137
2517 3017
2519 1551
2526 790
2532 2711
2534 1763
2536 1948
2539 2571
2541 2690
2547 1415
2555 1591
2558 1592
2560 2770
2566 2562
2567 3126
2570 2645
2594 2961
2595 3130
2607 1583
2614 2129
2615 2786
2620 3306
2624 1345
2626 2330
2627 2481
2629 2923
2641 2966
2644 1689
2650 888
2659 3316
2665 1217
2668 2991
2669 3121
2670 3270
2671 3385
2677 3226
2679 878
2686 2814
2695 2878
2708 3084
2712 2191
2716 1633
2717 2180
2723 1426
2747 2190
2750 1903
2759 3372
2765 3097
2768 3144
2771 2852
2773 2952
2774 2974
2777 3093
2790 1794
2796 2651
2799 3330
2807 3092
2815 3086
2820 2163
2822 1330
2824 1467
2827 2876
2828 3424
2835 2960
2847 3106
2860 2973
2866 3153
2873 3105
2877 1503
2882 1136
2886 1316
2889 3000
2901 3072
2903 3458
2906 2542
2908 3439
2913 1822
2914 2038
2923 1983
2932 1363
2937 3022
2939 3186
2975 3280
2986 2103
2990 3492
3005 1392
3009 2199
3012 3020
3020 3168
3022 2471
3029 1688
3039 2875
3055 2650
3062 2796
3080 3470
3089 3251
3092 1631
3098 3279
3109 2294
3145 2911
3152 2370
3178 2339
3186 2656
3207 3314
3226 3449
3240 1707
3260 2278
3267 2231
3271 3016
3273 1975
3275 3134
3280 2622
3288 2325
3336 2778
3360 3378
3388 3549
3395 2025
3408 3491
3419 3478
3433 1909
3462 2001
3466 3548
3467 3539
3474 2694
3491 3360
3493 1987
3494 3166
3514 3434
3517 3067
3522 1739
3532 3220
3533 1691
3534 2235
3553 2256
3555 3204
3563 3473
3589 2019
3612 2234
3651 1974
3685 2982
3690 2255
3697 2812
3698 2981
3709 2730
3735 2220
3737 3116
3748 3165
3752 3479
3756 3224
3777 3042
3791 3528
3794 3185
3809 2898
3817 3441
3828 2710
3836 1928
3839 3538
3841 2664
3844 2337
3853 2046
3854 2416
3855 3399
3866 3148
3870 3533
3876 3504
3877 3527
3892 2162
3899 2297
3901 2393
3904 3489
3925 3052
3926 3322
3946 2101
3962 2128
3966 3173
3983 3477
3997 3445
3998 3494
4020 3523
4026 3138
4037 3015
4057 3266
4064 3003
4070 3129
4075 3498
4081 3235
4093 2219
4127 3503
