f_0064886.png f_0064962.png
2 721
4 1259
6 1563
8 1826
9 2239
10 2281
18 819
20 1177
22 912
31 778
37 1927
40 2114
43 870
47 1969
58 2209
60 1332
68 1907
69 1925
70 1952
74 1738
79 2091
80 594
81 1509
85 1940
89 2452
91 1375
95 784
96 1032
100 2016
102 2558
105 869
106 2023
111 1783
116 2136
127 2056
136 1258
140 1986
141 2296
142 2679
166 2208
167 2389
178 1674
183 2090
184 2113
188 2365
190 2442
191 2662
194 1030
197 2624
202 2207
203 1866
208 555
213 1283
214 1663
222 1979
224 2049
225 2548
226 2557
227 2088
229 763
235 850
246 2245
247 2285
249 2276
254 1341
255 2087
256 2522
257 2598
259 2268
261 923
265 1865
269 1198
271 2029
272 2030
273 2055
280 1440
281 1999
283 1094
284 2404
286 1922
288 2607
290 921
296 1349
302 2027
303 2364
311 728
312 2144
313 2464
314 2716
317 2124
318 2244
319 2777
321 854
323 2335
326 342
327 2058
331 990
333 2013
334 2222
336 2805
342 2174
344 2436
345 2586
349 1431
352 2351
362 2186
363 2212
364 2415
365 2427
368 2357
370 2748
373 986
377 2850
378 2946
380 1413
386 1057
387 1038
392 1978
393 2061
394 2112
396 2500
399 741
401 2054
403 2776
407 2678
419 2568
423 1068
424 1836
425 2521
430 1957
431 2232
432 2343
434 2945
438 2399
440 905
443 1681
445 2373
447 2451
450 2556
453 2487
454 2520
461 2081
462 2138
463 2582
467 751
469 2143
472 1142
480 2409
493 1680
497 3001
498 965
504 1262
509 2170
510 2349
512 3033
519 2068
523 1200
527 2348
528 2382
532 2388
534 2431
537 1257
538 1934
542 2275
547 2463
548 2486
549 2534
550 2700
552 1570
558 2274
559 2314
560 2670
561 2724
562 2837
565 1181
567 1318
570 1256
575 1339
579 1278
580 606
583 2642
587 2825
591 1412
593 2485
594 2677
597 1521
598 1557
600 2581
601 2634
608 2547
609 2574
610 1505
611 3014
612 3137
614 2249
618 2178
626 2755
628 1327
629 1775
630 3018
633 2604
636 1755
637 2447
638 2693
640 1365
642 1698
644 2498
646 2699
651 665
653 2803
654 3181
659 2925
678 1249
680 2079
681 2817
688 2424
690 2512
693 1399
694 1594
703 2659
705 1022
706 1774
708 3142
711 2166
712 2475
713 2740
716 2630
720 2066
723 2193
724 2610
729 2397
731 3113
732 3229
734 2309
740 2259
741 2555
747 3136
749 1359
753 3135
761 2617
768 2216
770 2972
771 1197
775 3283
777 573
779 1719
781 2497
782 2683
785 2446
786 2713
787 1943
793 3047
797 2616
800 1364
801 1610
804 3094
808 2712
809 2201
810 2790
813 2563
815 2938
817 2283
818 2313
821 3069
824 1346
831 1120
839 1469
841 2422
844 2185
851 2937
858 3087
859 3180
862 2495
867 1568
868 1702
869 2781
871 2412
872 2765
878 1415
879 1255
882 1538
884 2882
885 2935
888 1584
891 1455
894 2164
897 2402
899 2934
908 3131
914 2331
926 2840
927 2954
930 2242
932 2821
933 2933
937 3352
939 1489
941 3192
946 2300
949 3325
950 1411
960 2532
961 2723
962 2775
966 840
968 2819
969 2912
979 2347
981 3126
991 2493
999 2770
1000 2906
1001 3017
1005 2303
1007 3323
1008 3324
1009 3350
1010 3405
1013 2869
1020 1822
1021 2440
1022 2719
1035 2579
1041 1145
1042 2078
1045 2644
1048 2658
1049 2779
1050 2923
1058 2148
1060 2472
1061 2629
1062 2708
1072 2674
1073 2848
1074 3121
1077 1933
1079 2967
1088 2900
1094 2454
1097 2707
1098 2814
1100 3012
1106 1921
1107 2034
1108 2593
1114 2609
1115 2878
1116 2991
1119 3270
1120 3282
1124 2544
1127 2887
1136 2774
1138 1961
1139 2371
1141 3032
1147 1616
1157 1895
1159 2673
1164 3111
1165 3118
1169 1932
1170 2287
1171 2458
1173 3073
1179 2759
1182 2354
1184 2682
1194 2420
1196 2758
1197 3144
1200 2773
1202 3086
1204 2543
1207 2881
1208 3238
1221 3011
1224 2199
1226 3169
1228 2460
1229 2592
1239 3092
1245 1574
1248 2302
1250 3157
1255 1602
1258 2861
1281 1768
1283 2504
1290 2376
1292 3083
1294 3106
1308 3471
1311 3335
1322 2578
1323 3105
1324 3221
1332 3045
1336 2020
1338 2317
1342 3022
1361 2916
1364 3186
1365 3311
1379 2184
1381 3280
1382 3409
1386 2577
1387 2875
1395 2009
1396 3068
1407 2531
1408 2650
1415 1718
1416 2383
1419 2868
1447 2666
1452 2098
1454 3252
1459 3082
1460 3152
1463 3176
1466 2231
1467 2638
1478 3251
1484 2147
1485 2065
1486 3010
1489 3279
1496 2904
1505 2587
1507 3329
1514 2757
1515 3500
1521 1337
1523 3275
1531 3206
1535 3039
1545 3096
1551 3296
1556 1424
1579 2672
1585 2838
1603 3379
1613 3134
1632 3043
1644 2941
1645 3269
1650 2438
1657 2874
1659 3026
1664 3095
1671 2695
1680 2444
1688 3420
1689 3462
1709 2990
1710 3401
1719 3436
1731 2262
1743 2894
1752 2465
1753 2873
1756 3452
1761 2958
1763 3295
1764 3297
1782 2560
1783 2983
1788 2235
1789 3005
1793 3124
1796 3255
1807 2922
1814 2234
1821 2794
1824 2971
1860 2701
1870 2337
1872 3139
1886 3037
1888 3356
1912 2835
1918 2470
1919 2664
1921 1773
1922 2764
1924 3268
1986 3030
1993 2880
2010 3004
2055 2393
2058 3267
2064 2524
2067 3313
2068 3339
2080 2893
2081 3052
2089 2653
2106 3203
2107 3278
2123 3099
2146 3148
2159 3327
2161 3441
2166 3370
2177 3322
2183 3448
2192 2998
2195 3338
2197 3489
2205 3393
2220 2161
2252 3138
2258 3060
2265 3504
2267 2957
2279 3277
2287 2734
2288 2844
2297 3003
2307 3129
2310 3447
2317 3445
2320 3245
2327 3410
2348 2940
2378 3446
2382 2538
2385 3235
2400 2956
2425 2680
2426 3110
2433 3265
2438 3248
2447 2705
2448 3466
2455 3244
2462 3066
2463 3503
2478 2733
2479 3172
2490 2884
2542 3397
2559 3377
2565 3543
2572 3089
2591 3154
2600 2526
2610 3302
2615 3171
2625 3502
2642 3259
2673 3347
2699 2717
2702 3312
2813 3247
2845 2953
2880 3264
2901 3333
2940 3531
3085 2928
