f_0064556.png f_0064722.png
1427 238
1585 73
1669 465
1737 217
1775 154
1785 664
1794 631
1797 84
1816 690
1817 691
1840 222
1848 219
1866 576
1874 57
1898 374
1908 248
1910 730
1929 600
1953 925
1957 280
1977 549
2008 5
2033 303
2065 790
2152 259
2209 236
2233 229
2237 399
2273 984
2278 434
2285 679
2291 931
2306 310
2333 881
2335 513
2444 367
2473 1046
2477 376
2479 298
2497 1045
2512 597
2513 592
2606 969
2651 943
2652 992
2708 1155
2712 1022
2722 928
2727 1129
2728 1164
2743 1010
2761 1051
2800 1068
2806 1058
2819 706
2847 336
2848 243
2862 1106
2893 1196
2900 1249
2901 1201
2931 1309
2972 1142
2978 935
3015 756
3032 734
3057 813
3066 788
3071 736
3089 803
3113 1300
3116 987
3164 666
3233 1433
3264 1176
3294 1499
3303 917
3304 939
3316 1193
3320 1390
3342 968
3344 1175
3346 1013
3350 1508
3362 1471
3365 906
3367 932
3369 989
3414 1055
3438 1230
3570 1083
3604 1134
3661 1828
3883 1560
3995 1531
