f_0064556.png f_0064886.png
1640 40
1657 21
1658 37
1668 8
1766 7
1825 127
1898 99
1917 338
1920 66
1928 63
1951 257
1978 187
1991 22
1998 377
2008 2
2010 52
2014 184
2019 18
2036 357
2037 335
2043 228
2058 383
2068 414
2072 31
2076 245
2082 4
2091 313
2100 284
2136 105
2153 44
2168 344
2211 255
2220 60
2224 218
2279 539
2285 271
2289 126
2296 463
2297 481
2302 376
2305 194
2307 270
2322 237
2323 317
2333 432
2370 277
2374 621
2381 562
2400 236
2401 243
2428 488
2463 231
2468 630
2478 394
2480 290
2481 533
2502 549
2516 626
2546 391
2564 646
2576 593
2577 608
2606 527
2620 747
2624 746
2625 753
2707 625
2713 713
2719 332
2720 418
2726 644
2728 703
2729 804
2735 113
2744 619
2752 359
2766 382
2777 133
2799 664
2801 690
2811 682
2814 614
2821 852
2845 873
2856 676
2862 712
2875 487
2876 741
2880 810
2881 460
2885 504
2900 782
2911 922
2927 942
2928 1009
2940 908
2941 936
2944 209
2952 518
2954 941
2958 525
2962 947
2972 785
2975 885
2982 546
2989 957
2995 964
2998 552
2999 813
3004 963
3015 568
3021 802
3024 1096
3034 680
3045 567
3046 598
3048 1150
3058 575
3071 582
3074 932
3076 1103
3088 592
3096 347
3104 1102
3116 662
3127 1081
3128 1223
3129 441
3137 845
3138 954
3139 988
3140 1119
3155 1176
3159 1091
3168 642
3179 898
3180 962
3187 1013
3188 1118
3198 1090
3215 1015
3221 366
3224 871
3225 1302
3231 641
3233 993
3246 953
3258 652
3260 1050
3267 992
3284 679
3287 1052
3295 1101
3296 1241
3305 1285
3322 1073
3324 1390
3335 1479
3339 1355
3348 1029
3349 1078
3351 1116
3352 1164
3358 1063
3359 1088
3363 1343
3369 667
3374 1026
3376 1049
3378 1217
3383 1061
3386 1098
3393 557
3400 1202
3401 1239
3416 1034
3418 1148
3431 719
3432 749
3438 745
3439 946
3440 955
3441 1048
3443 1238
3445 666
3447 1444
3456 1398
3458 685
3467 985
3468 1231
3479 1323
3496 739
3512 1005
3525 1112
3531 1033
3542 1553
3557 1515
3565 1490
3572 1196
3591 1012
3623 1369
3647 878
3652 1086
3661 1454
3671 1230
3677 1463
3678 1594
3682 1158
3694 1580
3695 1646
3701 1205
3707 984
3723 1780
3743 1653
3753 881
3755 1257
3767 1711
3771 1811
3782 1531
3802 1182
3804 1747
3828 1786
3842 1214
3845 1561
3888 1849
3902 1832
3909 1756
3941 777
3959 1427
3967 1337
3982 1496
3983 1843
3984 1942
3993 1905
4051 2051
4085 2101
4090 1829
4109 2017
4115 1896
4116 2094
4129 2136
4135 1543
4136 1842
4138 1395
4185 1421
4194 1625
4212 2200
4215 2126
4238 2011
4259 2046
