f_0064722.png f_0064886.png
182 209
209 134
236 194
254 409
271 320
316 398
328 366
333 195
390 269
427 422
509 76
566 478
586 491
592 400
644 537
689 249
697 142
733 632
779 652
809 234
828 364
856 432
876 444
889 479
895 745
923 766
989 888
1007 773
1008 758
1012 482
1035 583
1036 891
1043 834
1061 464
1079 511
1088 736
1090 634
1126 940
1134 990
1136 716
1146 681
1156 659
1168 902
1185 759
1201 782
1203 621
1213 786
1219 1157
1239 1042
1277 760
1278 731
1303 814
1308 872
1319 960
1332 732
1335 1352
1342 991
1352 821
1354 804
1371 1047
1387 1060
1391 948
1395 858
1397 954
1405 830
1419 1235
1422 1048
1423 1045
1450 1273
1459 988
1462 1348
1465 1097
1479 1098
1508 1127
1510 1079
1529 937
1533 1340
1540 1305
1547 1002
1551 1263
1606 1149
1616 1513
1641 1102
1646 1328
1658 1103
1663 1144
1666 1361
1690 1642
1709 1177
1729 1324
1739 1296
1747 1232
1755 1680
1758 1211
1759 1180
1762 1625
1763 1542
1765 1335
1770 1528
1773 1459
1774 1269
1778 1681
1782 1243
1803 1166
1806 1343
1831 1363
1833 1298
1851 1535
1872 1478
1896 1252
1910 1568
1926 1918
1932 1536
1947 1743
1952 1860
1955 1593
1961 1761
1962 1664
1976 1500
1983 1841
1994 1824
2005 1524
2007 1767
2028 1604
2031 1412
2045 2041
2049 1745
2117 1582
2118 1534
2127 2209
2133 1560
2140 1653
2144 1646
2146 1608
2149 1822
2161 2104
2170 1702
2175 1757
2180 2131
2207 2028
2211 1924
2219 1711
2221 2170
2234 2222
2253 2123
2254 2043
2255 2015
2268 1638
2269 1621
2284 2059
2287 1766
2290 2202
2302 1693
2312 1791
2315 1820
2338 1769
2348 1811
2351 2046
2376 2194
2383 1915
2387 2177
2399 2133
2405 1858
2406 2349
2412 1988
2435 1926
2461 2462
2482 1984
2511 2115
2522 2433
2532 2546
2536 2094
2547 2359
2557 2095
2558 1882
2579 2085
2583 2280
2642 2173
2644 1964
2654 2261
2687 2402
2690 2216
2706 2203
2711 2517
2738 2281
2739 2162
2745 2255
2770 2770
2798 2350
2801 2971
2857 2873
2868 2713
2873 2823
2876 2372
2878 2218
2893 2901
2927 2681
2928 2528
2944 2825
2953 2917
2965 2538
2980 2602
2984 2409
3003 2894
3008 2946
3028 2947
3035 2698
3037 3034
3057 2929
3059 2607
3072 2968
3078 2502
3093 3059
3095 2969
3100 2921
3101 2773
3110 3072
3123 2986
3131 2922
3132 2896
3136 3098
3141 3248
3191 3142
3202 3276
3211 2799
3217 3186
3235 3197
3246 3289
3259 3235
3267 3108
3278 3026
3298 3243
3333 3209
3334 3201
3350 3125
3353 2898
3356 3165
3357 3317
3371 3253
3381 3403
3386 3131

f_0064886.png f_0064962.png
6 1563
10 2281
24 1253
58 2209
74 1738
89 2452
127 2056
141 2296
142 2679
164 1516
167 2389
183 2090
191 2662
202 2207
203 1866
222 1979
226 2557
227 2088
243 981
247 2285
270 1892
272 2030
273 2055
281 1999
301 1699
302 2027
303 2364
317 2124
323 2335
334 2222
344 2436
359 1657
362 2186
364 2415
377 2850
401 2054
419 2568
425 2521
432 2343
447 2451
459 1662
463 2582
481 2799
541 1577
583 2642
587 2825
605 1728
612 3137
617 1353
633 2604
638 2693
644 2498
653 2803
660 2995
662 1795
679 1520
680 2079
688 2424
711 2166
712 2475
713 2740
716 2630
724 2610
741 2555
745 1555
766 1650
782 2683
786 2713
797 2616
809 2201
828 1671
834 1956
850 1670
866 1061
900 3149
926 2840
929 1378
930 2242
932 2821
944 1763
946 2300
957 3191
960 2532
969 2912
979 2347
984 2075
999 2770
1013 2869
1040 3483
1049 2779
1072 2674
1075 3271
1079 2967
1088 2900
1102 3306
1108 2593
1114 2609
1118 3228
1124 2544
1193 2033
1196 2758
1200 2773
1207 2881
1210 3281
1218 3330
1222 3237
1228 2460
1229 2592
1232 3372
1234 2263
1248 2302
1283 2504
1290 2376
1295 3160
1334 3153
1348 2294
1390 3475
1407 2531
1416 2383
1431 3529
1437 3492
1467 2638
1481 1244
1500 3550
1505 2587
1521 1337
1529 3304
1552 3505
1556 1424
1618 2270
1625 2575
1632 3043
1644 2941
1671 2695
1685 2358
1718 3400
1743 2894
1745 3167
1753 2873
1761 2958
1765 3549
1783 2983
1793 3124
1817 3540
1821 2794
1822 3360
1869 3434
1886 3037
1889 3455
1912 2835
2010 3004
2060 3411
2160 3321
2213 3490
2307 3129
2385 3235
2386 3524
2412 3523
2426 3110
2433 3265
2447 2705
2455 3244
2559 3377
2591 3154
2673 3347
2702 3312
2813 3247
2901 3333

f_0064556.png f_0064636.png
645 43
818 352
849 643
1134 128
1172 185
1176 672
1293 256
1355 238
1441 240
1454 331
1465 388
1509 405
1548 427
1560 671
1565 336
1656 797
1678 454
1694 1196
1702 520
1711 760
1720 1209
1744 732
1766 934
1784 1190
1825 1137
1826 1354
1843 333
1853 819
1897 913
1962 387
1978 1254
1982 717
2014 1275
2057 1529
2111 639
2168 1518
2173 920
2253 1584
2274 1216
2278 1294
2283 1330
2295 1303
2326 1810
2336 1382
2349 978
2396 1492
2441 1490
2442 1834
2453 1540
2473 1872
2478 1627
2488 1110
2498 1992
2507 1652
2514 1506
2516 1939
2521 1422
2564 1958
2569 1682
2584 1509
2585 1505
2644 1771
2667 2150
2681 2013
2702 1912
2706 1929
2708 2050
2712 1943
2744 1957
2745 1974
2780 2088
2782 1693
2785 2162
2819 1712
2824 2043
2829 2219
2870 2101
2871 2186
2875 1799
2879 1783
2883 2176
2890 1478
2902 1302
2916 2142
2930 1732
2969 1846
2970 1847
2971 2100
2982 1845
2995 2542
3007 1453
3011 2140
3021 2273
3029 2182
3033 1662
3047 2378
3057 1709
3067 2517
3084 1891
3092 1744
3098 2222
3103 2595
3115 1708
3124 1779
3166 2049
3180 2505
3195 2057
3214 2461
3239 1608
3246 2492
3254 2612
3284 2117
3287 2641
3292 2374
3315 1997
3338 2354
3362 2658
3376 2664
3377 2735
3382 2245
3394 1978
3397 2384
3426 2211
3429 2600
3433 2773
3441 2704
3443 2772
3447 2963
3468 2835
3513 2901
3515 2127
3525 2739
3547 2806
3555 2814
3564 2872
3601 2796
3636 2293
3652 2727
3664 2726
3683 2751
3726 2684
3755 2949
3766 3056
3777 2638
3779 2900
3796 3045
3843 2979
3882 2545
3887 3211
3894 3111
3904 2655
3906 2999
3914 2675
3936 3360
3950 3275
3953 2966
3956 3054
3975 2844
4022 3592
4025 3035
4032 2606
4055 3576
4072 3538
4074 3602
4082 3124
4085 3659
4091 3601
4102 3078
4110 3805
4115 3563
4141 3826
4160 3619
4174 3138
4178 3692
4189 3137
4207 3405
4227 3508
4231 3260
4235 3970
4263 3372
4264 3382
4281 3144

f_0064636.png f_0064722.png
500 211
513 136
655 315
680 69
690 158
698 74
776 32
877 102
894 241
920 112
946 56
998 402
1035 306
1054 356
1085 412
1099 127
1108 28
1135 443
1183 502
1225 710
1242 527
1244 279
1246 549
1272 406
1295 431
1300 343
1306 616
1346 572
1352 563
1371 513
1464 683
1535 682
1539 289
1540 758
1562 768
1582 819
1600 414
1617 776
1623 1012
1645 937
1663 541
1669 478
1693 744
1699 421
1714 795
1767 655
1774 913
1779 565
1785 1000
1790 922
1793 964
1794 984
1799 727
1804 667
1805 855
1808 924
1809 929
1812 487
1828 804
1840 993
1853 1035
1857 756
1859 875
1871 1023
1881 693
1894 736
1898 1054
1909 654
1912 992
1929 928
1933 803
1965 1090
1966 579
1972 927
1979 1022
2006 1146
2010 735
2012 991
2066 1015
2078 1233
2082 904
2087 1044
2091 732
2098 753
2100 1021
2116 786
2133 1050
2134 1144
2161 1143
2182 1103
2208 1310
2218 1303
2223 1240
2234 1241
2237 1347
2246 1261
2289 1276
2308 1169
2354 1013
2356 1207
2405 1076
2418 1300
2433 1019
2451 1029
2473 1392
2487 1179
2493 1415
2501 1032
2520 1260
2522 1459
2549 1433
2639 1298
2668 1528
2712 1271
2751 1338
2763 1497
2771 1505
2780 2021
2784 1494
2797 1536
2806 1517
2831 1446
2880 1713
2892 1361
2939 1746
2980 1534
3048 1828
3069 1400
3070 1546
3077 1431
3114 1949
3117 1866
3123 1436
3157 1712
3203 1544
3241 1768
3269 1662
3275 1910
3343 2083
3357 1711
3370 2163
3454 2300
3468 2521
3494 2036
3514 2212
3518 2100
3523 1826
3563 2309
3667 2183
3691 2292
3698 2047
3710 2351
3713 2334
3752 2410
3776 2094
3781 2400
3782 2442
3803 2464
3824 2409
3867 2408
3916 2200
3998 2572
4048 2752
4054 2353
4083 2448
4106 2379
4111 2452
4113 2623
4116 2935
4131 2888
4132 2895

