f_0064886.png f_0064962.png
6 1563
10 2281
24 1253
58 2209
74 1738
89 2452
127 2056
141 2296
142 2679
164 1516
167 2389
183 2090
191 2662
202 2207
203 1866
222 1979
226 2557
227 2088
243 981
247 2285
270 1892
272 2030
273 2055
281 1999
301 1699
302 2027
303 2364
317 2124
323 2335
334 2222
344 2436
359 1657
362 2186
364 2415
377 2850
401 2054
419 2568
425 2521
432 2343
447 2451
459 1662
463 2582
481 2799
541 1577
583 2642
587 2825
605 1728
612 3137
617 1353
633 2604
638 2693
644 2498
653 2803
660 2995
662 1795
679 1520
680 2079
688 2424
711 2166
712 2475
713 2740
716 2630
724 2610
741 2555
745 1555
766 1650
782 2683
786 2713
797 2616
809 2201
828 1671
834 1956
850 1670
866 1061
900 3149
926 2840
929 1378
930 2242
932 2821
944 1763
946 2300
957 3191
960 2532
969 2912
979 2347
984 2075
999 2770
1013 2869
1040 3483
1049 2779
1072 2674
1075 3271
1079 2967
1088 2900
1102 3306
1108 2593
1114 2609
1118 3228
1124 2544
1193 2033
1196 2758
1200 2773
1207 2881
1210 3281
1218 3330
1222 3237
1228 2460
1229 2592
1232 3372
1234 2263
1248 2302
1283 2504
1290 2376
1295 3160
1334 3153
1348 2294
1390 3475
1407 2531
1416 2383
1431 3529
1437 3492
1467 2638
1481 1244
1500 3550
1505 2587
1521 1337
1529 3304
1552 3505
1556 1424
1618 2270
1625 2575
1632 3043
1644 2941
1671 2695
1685 2358
1718 3400
1743 2894
1745 3167
1753 2873
1761 2958
1765 3549
1783 2983
1793 3124
1817 3540
1821 2794
1822 3360
1869 3434
1886 3037
1889 3455
1912 2835
2010 3004
2060 3411
2160 3321
2213 3490
2307 3129
2385 3235
2386 3524
2412 3523
2426 3110
2433 3265
2447 2705
2455 3244
2559 3377
2591 3154
2673 3347
2702 3312
2813 3247
2901 3333
