f_0082702.png f_0082724.png
31 162
45 45
46 52
47 32
53 326
90 215
106 316
107 53
122 337
123 104
157 449
163 163
175 361
187 41
197 113
214 462
230 456
237 366
241 198
246 84
248 5
253 155
259 229
263 317
271 6
280 48
286 396
287 328
290 645
291 37
307 267
308 199
318 218
322 292
326 78
330 288
338 145
340 439
342 74
345 79
350 293
358 652
361 80
365 467
367 97
373 95
379 432
381 255
382 114
398 468
399 469
401 20
404 483
407 251
411 482
423 450
430 627
433 280
434 146
442 603
448 323
456 368
459 304
464 362
468 841
469 38
471 85
478 766
480 502
485 301
491 345
496 264
497 231
504 662
512 792
517 819
518 39
523 66
524 419
527 121
529 604
532 116
534 807
535 803
539 179
542 76
559 87
561 551
562 346
564 30
566 720
573 200
576 633
577 686
578 339
586 778
587 605
608 760
609 681
611 286
612 268
620 794
622 397
625 379
635 761
636 606
641 67
652 610
657 313
659 885
660 682
687 573
695 129
702 953
703 747
709 1067
710 1035
711 653
713 8
718 1114
719 991
725 925
728 845
733 944
736 1011
741 1098
747 954
748 858
749 838
754 970
755 811
758 882
761 865
762 737
763 526
773 812
776 886
779 1007
784 40
790 1099
795 1215
796 1135
797 414
801 1304
810 1064
813 622
817 256
819 1203
820 1108
821 1041
822 871
824 735
825 650
826 594
838 535
844 1148
845 908
846 641
848 210
850 1227
866 700
869 448
871 1295
875 269
886 1192
887 931
889 586
892 531
893 470
897 511
898 185
904 1194
907 453
910 1292
911 1208
922 370
927 576
928 990
930 763
932 1330
937 541
942 137
943 595
945 654
946 545
948 144
965 305
966 1115
969 542
970 98
973 93
974 1325
975 1042
978 623
981 72
988 192
992 1379
997 564
1003 977
1008 543
1013 522
1014 259
1015 193
1016 133
1018 340
1022 440
1023 406
1024 252
1028 787
1029 582
1038 1412
1039 956
1044 1410
1045 261
1047 1309
1050 866
1054 359
1058 847
1061 738
1062 476
1066 1405
1071 182
1074 637
1080 372
1081 253
1083 228
1086 1216
1108 1085
1111 767
1116 833
1127 670
1132 664
1135 928
1138 934
1139 619
1141 380
1151 957
1153 748
1154 646
1156 378
1157 331
1161 920
1164 1370
1169 1503
1170 709
1179 238
1183 1044
1184 946
1185 906
1186 186
1188 1391
1189 348
1194 212
1198 726
1199 224
1201 1121
1208 921
1209 621
1210 1337
1211 887
1216 1450
1221 481
1226 784
1228 1578
1236 1375
1238 804
1240 894
1243 1382
1249 275
1251 1218
1252 972
1261 415
1266 282
1272 596
1275 1446
1279 607
1283 825
1287 1296
1291 336
1304 1514
1308 758
1312 1481
1314 430
1316 341
1323 473
1326 308
1328 1413
1329 1272
1330 556
1337 1517
1341 1131
1343 505
1344 408
1349 776
1350 1649
1355 1567
1357 922
1361 868
1384 1596
1388 896
1390 352
1392 1274
1393 693
1396 1623
1400 992
1402 1458
1403 1008
1404 528
1412 941
1413 433
1415 1096
1416 993
1418 707
1419 929
1424 465
1426 501
1432 1571
1433 942
1438 1022
1441 1128
1445 1477
1456 1184
1458 1004
1460 475
1461 1840
1462 1598
1463 968
1467 801
1469 506
1476 1652
1477 1590
1479 909
1482 445
1483 1073
1484 749
1485 1195
1486 1009
1489 1491
1492 1689
1497 814
1500 1040
1506 899
1511 1177
1513 793
1521 1518
1523 1048
1529 1475
1530 1255
1533 966
1534 1821
1539 689
1540 585
1544 1223
1546 1525
1551 1014
1553 1362
1555 948
1559 1169
1561 741
1565 1526
1568 1038
1571 1695
1573 1110
1574 634
1575 615
1580 635
1582 1684
1584 1541
1586 997
1587 854
1588 822
1592 1568
1595 1116
1601 1129
1602 690
1607 1556
1609 1003
1610 888
1627 1275
1628 1196
1634 1012
1637 1656
1638 883
1643 1185
1644 1088
1645 1023
1646 950
1648 1812
1660 1680
1664 1233
1666 728
1669 1383
1672 1065
1676 554
1678 1895
1686 1384
1687 1345
1689 982
1695 1262
1696 1633
1699 1144
1700 1122
1709 742
1710 1256
1711 1139
1713 1401
1719 1572
1723 1939
1725 1171
1726 746
1730 1372
1738 1800
1740 1068
1741 1046
1742 1066
1744 617
1745 1349
1747 1061
1749 1874
1751 1708
1752 1219
1758 1155
1764 1097
1768 1722
1770 1551
1771 1117
1777 1269
1778 1140
1785 998
1793 1830
1807 1162
1809 1775
1810 1310
1815 1626
1817 1320
1818 1199
1829 1335
1830 962
1846 1897
1854 1355
1855 1234
1857 1591
1861 1981
1871 827
1874 1469
1875 1248
1876 1646
1877 1545
1880 1770
1884 1546
1886 1224
1889 1875
1891 1357
1895 1297
1897 1925
1910 1229
1913 1328
1918 1019
1922 1971
1928 1882
1930 1627
1933 1609
1935 1653
1937 1069
1940 999
1947 1030
1950 2146
1951 1205
1953 1593
1960 1698
1971 1510
1972 1288
1974 835
1976 1565
1978 1407
1980 892
1984 1726
1986 1505
1987 1492
1988 884
1991 1496
1992 1289
1996 2051
1999 1315
2005 984
2008 1771
2011 1133
2014 949
2018 1257
2027 1522
2033 1350
2039 1015
2040 1808
2042 1386
2044 1870
2045 1691
2048 1547
2049 1206
2050 1506
2051 1101
2054 1327
2056 1020
2060 1307
2061 1824
2068 1125
2070 1429
2071 1816
2082 1941
2083 1189
2093 1231
2095 1706
2104 2426
2109 1174
2112 1387
2119 1624
2126 2038
2128 1191
2138 1153
2144 1316
2150 1226
2156 1719
2159 2342
2171 2159
2172 1279
2174 1260
2178 1741
2184 1597
2192 1844
2193 1710
2197 2102
2205 1777
2211 1883
2214 2411
2221 1947
2224 2412
2228 2436
2231 1787
2234 1644
2244 2445
2256 1838
2262 1679
2267 2247
2268 2164
2269 2178
2282 1945
2287 1988
2296 1967
2318 1463
2320 1529
2325 2157
2326 1445
2328 2122
2329 1867
2336 1714
2339 2481
2359 1802
2368 1832
2389 1558
2407 1823
2414 1603
2435 2064
