f_0082872.png f_0082876.png
7 11
17 13
18 16
19 3
24 2
26 20
27 37
29 15
30 47
31 24
32 29
33 30
37 34
38 39
42 28
45 26
46 27
52 45
59 63
62 44
63 50
70 51
71 57
74 69
77 46
82 62
89 59
94 38
95 74
96 86
102 103
110 79
111 88
117 73
118 78
119 104
124 96
128 85
129 117
132 87
134 80
136 84
139 89
142 108
145 91
147 83
148 77
156 120
162 102
166 107
168 116
172 119
173 123
183 81
184 71
185 100
188 122
201 90
202 94
203 106
205 157
209 130
210 142
211 133
217 163
219 127
226 140
228 143
234 136
235 167
236 161
237 148
238 169
244 147
250 114
254 138
255 139
258 155
259 162
263 126
265 124
272 189
278 188
282 232
286 166
287 176
288 200
292 171
294 186
296 217
297 137
298 135
301 174
302 187
303 207
309 179
312 165
314 185
317 220
322 196
327 214
328 225
329 182
331 194
339 230
341 242
343 261
346 203
358 251
359 250
363 240
367 181
369 236
370 246
372 283
373 312
375 229
381 222
388 223
390 244
392 259
393 288
395 234
397 249
405 239
413 282
416 224
419 281
425 287
426 258
429 307
434 262
435 257
439 335
440 255
443 306
445 300
446 315
448 323
451 276
453 327
455 322
457 333
460 286
461 292
462 346
464 270
472 314
475 340
478 269
479 284
482 344
491 374
493 248
494 274
495 303
502 331
507 332
512 310
518 338
520 386
529 370
530 309
532 373
537 379
543 352
544 368
546 404
553 388
554 405
556 428
559 366
561 384
567 355
568 343
571 391
578 406
585 392
588 361
590 367
598 381
599 376
600 382
603 411
606 427
608 349
610 418
611 425
612 443
617 400
618 395
632 431
634 450
637 422
638 438
642 403
645 420
646 421
647 424
650 390
651 437
654 398
659 445
674 442
684 435
686 490
687 496
691 417
693 467
698 497
700 434
701 453
703 472
704 474
705 478
708 475
712 476
713 457
714 489
720 502
722 440
724 521
725 429
727 463
729 473
730 483
734 503
739 446
740 462
741 456
744 447
747 488
748 517
756 514
757 526
758 461
759 487
760 494
762 500
763 505
765 520
766 516
770 501
777 481
789 548
793 512
794 513
795 525
798 547
799 559
802 482
803 499
805 528
806 552
812 469
813 470
818 509
820 535
821 530
823 539
826 534
827 529
829 536
830 546
836 533
837 557
845 538
846 551
853 631
859 565
860 569
861 573
862 575
863 570
871 633
877 613
881 576
885 586
888 609
889 644
890 602
894 603
895 664
896 556
899 608
900 627
904 625
906 619
907 655
909 594
911 544
919 562
920 589
921 585
922 599
923 600
924 626
928 579
931 632
934 636
936 591
940 658
941 651
946 635
948 654
949 638
956 622
957 615
958 629
960 643
962 692
963 699
970 649
973 661
974 650
975 675
981 698
982 676
989 628
990 645
992 660
993 689
994 691
998 598
1000 687
1001 793
1004 670
1005 712
1007 713
1008 717
1009 708
1010 760
1012 656
1015 711
1016 716
1020 707
1021 735
1029 680
1031 703
1032 657
1033 696
1034 690
1035 697
1037 731
1038 729
1042 706
1043 736
1044 737
1046 761
1049 647
1052 769
1055 727
1056 728
1057 768
1061 758
1064 668
1065 704
1067 679
1068 686
1069 681
1070 720
1071 756
1072 743
1073 759
1074 777
1080 755
1083 685
1084 710
1089 749
1090 753
1091 757
1095 778
1097 784
1098 779
1099 789
1100 814
1102 797
1108 709
1110 792
1112 813
1114 742
1115 766
1117 774
1124 820
1128 765
1129 754
1134 828
1138 823
1139 802
1146 799
1148 816
1149 826
1151 763
1152 764
1154 795
1155 791
1159 788
1161 796
1162 818
1165 810
1169 850
1170 851
1171 857
1179 790
1183 812
1191 798
1193 843
1198 794
1202 856
1210 870
1211 874
1213 858
1224 884
1225 889
1227 891
1235 808
1236 846
1237 837
1239 841
1241 860
1244 838
1245 839
1246 855
1248 877
1249 886
1252 805
1253 830
1254 848
1255 869
1256 865
1257 887
1261 803
1265 847
1266 849
1274 895
1275 827
1278 881
1280 883
1285 890
1286 833
1288 834
1289 880
1291 921
1292 909
1296 908
1302 863
1306 897
1308 864
1312 943
1313 915
1314 944
1318 875
1320 907
1322 953
1324 821
1346 914
1353 926
1354 961
1357 913
1359 919
1363 868
1366 872
1368 878
1370 879
1372 960
1377 867
1379 941
1380 949
1386 924
1388 999
1392 990
1394 893
1398 896
1399 989
1400 1020
1403 966
1412 996
1415 1038
1419 1010
1420 918
1421 956
1424 995
1425 1028
1426 1015
1427 1016
1432 917
1433 922
1434 974
1435 958
1438 965
1439 977
1443 910
1446 957
1447 973
1448 975
1459 976
1460 1029
1462 1132
1463 945
1465 985
1470 946
1473 987
1476 1026
1479 1051
1482 986
1486 938
1487 971
1490 1025
1491 1044
1492 1050
1496 994
1497 981
1499 1049
1500 1065
1504 1024
1507 1012
1508 1023
1509 1031
1510 1061
1514 1086
1517 1041
1523 1083
1529 1076
1530 1095
1531 1077
1532 1079
1534 982
1537 1022
1538 1019
1539 1030
1541 979
1547 983
1550 1104
1555 1054
1556 1048
1559 1001
1562 1105
1563 1006
1566 1040
1574 1147
1578 1060
1582 1090
1583 1165
1584 1139
1586 1103
1591 1037
1592 1039
1593 1074
1602 1075
1604 1114
1606 1120
1611 1021
1613 1179
1615 1081
1618 1108
1621 1052
1624 1144
1625 1177
1626 1161
1629 1071
1630 1099
1638 1073
1639 1101
1642 1137
1643 1154
1644 1067
1647 1087
1650 1170
1651 1138
1654 1036
1655 1085
1658 1164
1662 1097
1665 1125
1668 1155
1670 1045
1673 1098
1675 1146
1676 1143
1677 1187
1678 1210
1679 1124
1681 1176
1683 1110
1684 1118
1685 1159
1688 1160
1691 1152
1694 1206
1702 1197
1704 1198
1705 1199
1711 1106
1714 1141
1718 1116
1722 1168
1723 1189
1726 1231
1729 1133
1738 1214
1740 1191
1741 1175
1743 1126
1747 1248
1749 1255
1755 1183
1757 1193
1758 1264
1759 1209
1760 1250
1763 1254
1764 1258
1765 1247
1766 1284
1769 1213
1771 1173
1772 1151
1775 1201
1778 1305
1779 1290
1782 1268
1784 1219
1789 1188
1790 1226
1791 1269
1794 1217
1797 1218
1799 1324
1800 1259
1801 1310
1802 1237
1804 1263
1806 1233
1809 1230
1810 1246
1811 1238
1813 1275
1818 1190
1819 1212
1821 1281
1822 1316
1826 1280
1827 1282
1833 1262
1834 1332
1836 1261
1837 1313
1840 1216
1845 1325
1849 1314
1850 1341
1852 1243
1853 1249
1857 1221
1859 1232
1861 1315
1864 1273
1865 1307
1866 1304
1867 1387
1868 1297
1869 1312
1871 1318
1878 1342
1880 1344
1885 1319
1887 1345
1889 1265
1891 1295
1893 1339
1900 1294
1902 1388
1904 1350
1907 1392
1909 1375
1911 1271
1912 1272
1915 1323
1918 1317
1919 1329
1920 1374
1924 1373
1926 1362
1929 1411
1931 1337
1934 1377
1935 1391
1936 1406
1937 1404
1939 1343
1942 1428
1944 1412
1947 1358
1948 1359
1950 1440
1954 1422
1955 1410
1958 1357
1961 1334
1964 1386
1966 1347
1967 1361
1968 1396
1970 1453
1974 1409
1977 1321
1981 1462
1983 1352
1984 1370
1986 1381
1990 1447
1992 1481
1993 1368
1997 1413
2005 1427
2007 1496
2008 1395
2009 1415
2018 1401
2020 1464
2022 1460
2023 1487
2024 1421
2026 1416
2028 1451
2029 1449
2032 1448
2035 1522
2041 1389
2042 1425
2046 1455
2047 1486
2048 1506
2049 1516
2051 1436
2052 1442
2056 1454
2058 1502
2061 1424
2063 1505
2067 1546
2068 1577
2070 1423
2071 1446
2072 1507
2075 1556
2082 1521
2086 1433
2087 1478
2088 1493
2089 1491
2091 1458
2095 1501
2101 1567
2102 1555
2103 1557
2108 1477
2110 1483
2116 1514
2119 1576
2121 1476
2124 1515
2125 1523
2129 1581
2136 1614
2141 1469
2148 1518
2149 1580
2152 1538
2153 1536
2157 1527
2159 1573
2160 1604
2161 1534
2165 1499
2168 1543
2169 1568
2177 1533
2178 1535
2185 1566
2187 1560
2193 1640
2197 1627
2199 1572
2200 1613
2201 1626
2204 1579
2211 1587
2216 1565
2219 1575
2222 1596
2223 1541
2226 1564
2229 1593
2230 1583
2231 1599
2235 1645
2236 1659
2238 1670
2244 1594
2248 1656
2251 1606
2252 1651
2257 1558
2258 1578
2261 1650
2265 1616
2267 1620
2271 1715
2277 1666
2280 1619
2286 1605
2291 1610
2294 1618
2295 1638
2297 1639
2299 1664
2302 1601
2305 1637
2307 1705
2311 1683
2315 1701
2316 1734
2319 1672
2321 1673
2325 1663
2335 1698
2339 1777
2340 1635
2341 1636
2350 1682
2351 1699
2352 1629
2353 1662
2354 1655
2355 1697
2356 1722
2362 1733
2367 1681
2370 1696
2372 1761
2383 1746
2384 1654
2386 1689
2387 1721
2391 1771
2392 1648
2394 1725
2396 1712
2398 1770
2400 1752
2404 1703
2405 1724
2406 1711
2408 1726
2410 1772
2416 1680
2419 1832
2423 1710
2426 1743
2428 1718
2429 1732
2434 1717
2436 1776
2437 1686
2444 1731
2446 1764
2447 1755
2451 1750
2453 1769
2454 1815
2455 1807
2456 1833
2458 1707
2467 1782
2476 1760
2478 1806
2481 1739
2482 1740
2487 1762
2488 1775
2490 1828
2494 1802
2498 1759
2506 1774
2508 1791
2509 1790
2510 1805
2512 1873
2515 1794
2518 1767
2520 1800
2521 1793
2522 1814
2525 1820
2526 1867
2529 1781
2531 1827
2534 1954
2536 1798
2545 1845
2546 1826
2551 1785
2553 1799
2557 1847
2566 1836
2571 1843
2574 1861
2577 1898
2585 1871
2586 1872
2587 1897
2595 1838
2599 1924
2602 1874
2607 1834
2609 1865
2611 1921
2612 1942
2613 1885
2614 1886
2615 1890
2622 1856
2627 1899
2628 1870
2629 1901
2630 1896
2632 1864
2633 1938
2634 1967
2638 1855
2654 1923
2655 1853
2656 1869
2659 1911
2663 1883
2664 1884
2667 1912
2669 1909
2670 1929
2671 1939
2675 1895
2678 1931
2681 1928
2682 1981
2683 1905
2686 1949
2687 1900
2688 1894
2704 1945
2705 1953
2707 1933
2708 1946
2709 1968
2710 1915
2713 1956
2714 1957
2716 1930
2719 1882
2721 1936
2726 1932
2729 1990
2730 1935
2732 1974
2734 1991
2738 1965
2740 1977
2741 1970
2743 1984
2744 1979
2748 1969
2749 1983
2750 1962
2751 1964
2754 2051
2756 1976
2757 1978
2761 2005
2763 1961
2768 2002
2772 1941
2774 1960
2782 1993
2785 1998
2787 1959
2788 1985
2789 1975
2793 2026
2794 2023
2795 1986
2799 1992
2802 1996
2806 2032
2812 2052
2816 2058
2818 2021
2822 2062
2829 2082
2836 2028
2837 2111
2838 2105
2849 2034
2850 2010
2851 2040
2852 2042
2853 2044
2854 2045
2860 2030
2861 2055
2863 2025
2865 2049
2866 2054
2872 2039
2878 2065
2880 2090
2881 2115
2884 2061
2885 2114
2886 2104
2893 2059
2899 2129
2907 2073
2912 2150
2913 2074
2917 2113
2918 2120
2923 2080
2924 2093
2926 2139
2927 2180
2930 2099
2935 2131
2936 2118
2940 2147
2949 2141
2952 2076
2953 2092
2956 2089
2959 2116
2960 2121
2962 2100
2963 2101
2972 2095
2980 2125
2982 2133
2987 2184
2990 2132
2995 2166
3000 2167
3001 2128
3005 2156
3008 2193
3011 2203
3019 2151
3022 2185
3023 2173
3024 2164
3035 2155
3039 2157
3041 2183
3042 2172
3044 2217
3045 2158
3047 2197
3049 2176
3051 2208
3059 2169
3061 2221
3062 2216
3064 2209
3068 2182
3069 2196
3078 2252
3083 2198
3085 2238
3086 2239
3087 2207
3088 2202
3100 2253
3110 2233
3114 2218
3116 2266
3123 2227
3128 2246
3130 2268
3132 2226
3133 2243
3134 2283
3135 2225
3136 2242
3143 2241
3147 2273
3148 2316
3151 2231
3154 2282
3156 2315
3158 2289
3160 2263
3161 2259
3162 2298
3165 2288
3167 2330
3172 2303
3174 2270
3178 2256
3179 2295
3182 2336
3185 2281
3187 2314
3189 2331
3190 2320
3200 2300
3202 2334
3209 2368
3210 2353
3212 2287
3221 2296
3230 2378
3239 2374
3247 2371
3248 2367
3257 2332
3259 2388
3260 2419
3262 2343
3267 2356
3268 2385
3271 2363
3282 2391
3285 2365
3288 2382
3292 2399
3294 2381
3296 2422
3297 2452
3301 2424
3302 2354
3308 2409
3309 2412
3319 2464
3320 2460
3323 2429
3327 2402
3328 2428
3329 2441
3339 2473
3340 2415
3341 2438
3342 2447
3348 2480
3351 2396
3353 2420
3359 2435
3361 2425
3365 2451
3371 2456
3373 2476
3375 2454
3376 2482
3379 2457
3381 2469
3390 2468
3397 2499
3411 2529
3412 2481
3416 2516
3435 2543
3436 2531
3439 2522
3443 2583
3445 2530
3448 2461
3455 2548
3456 2550
3458 2544
3466 2574
3467 2563
3471 2526
3472 2568
3473 2532
3474 2564
3475 2616
3477 2549
3482 2555
3491 2536
3498 2558
3506 2578
3512 2577
3513 2571
3514 2554
3515 2573
3526 2582
3527 2605
3534 2590
3535 2584
3536 2585
3538 2588
3550 2599
3554 2608
3555 2609
3558 2551
3559 2602
3561 2634
3562 2610
3567 2615
3571 2631
3574 2637
3584 2620
3596 2629
3607 2656
3609 2651
3611 2626
3615 2661
3621 2640
3628 2646
