f_0082958.png f_0082968.png
50 95
75 44
89 73
125 263
138 15
204 32
233 120
237 88
270 100
277 139
305 34
323 171
346 8
347 114
373 3
376 26
379 21
380 22
381 45
394 149
404 62
412 187
420 415
425 158
426 61
441 90
443 530
456 154
472 279
474 329
479 280
484 109
490 133
491 166
497 384
519 349
529 452
531 203
532 291
538 172
549 364
557 204
561 627
578 185
583 297
584 449
591 593
600 466
601 390
602 441
609 241
613 420
620 230
622 478
623 646
635 371
646 509
663 897
664 275
668 565
675 330
678 682
682 389
683 568
696 601
700 411
707 345
716 346
722 377
736 849
742 563
758 624
767 424
769 592
790 783
796 731
798 762
804 519
808 915
829 558
837 486
847 518
850 840
874 955
881 698
887 871
895 663
899 614
914 987
931 680
933 1026
935 719
936 976
939 780
943 1036
948 1048
953 876
964 922
971 886
973 878
979 930
981 779
986 806
987 1003
993 890
1005 999
1010 820
1018 1013
1021 753
1035 1159
1063 1082
1085 908
1094 996
1096 1260
1102 1124
1110 990
1129 1172
1136 1165
1142 1201
1147 1412
1150 1598
1152 920
1169 919
1172 1191
1173 1217
1175 1230
1183 1265
1193 1057
1194 1158
1205 1243
1206 1457
1225 1609
1240 1337
1244 1328
1253 1319
1265 1120
1285 1386
1290 1021
1293 1162
1296 1649
1299 1062
1313 1209
1322 1061
1323 1089
1324 1450
1328 1258
1330 1498
1333 1488
1335 1161
1347 1199
1351 1482
1353 1305
1355 1518
1357 1449
1369 1548
1374 1517
1378 1154
1392 1267
1405 1487
1411 1208
1417 1571
1422 1468
1424 1506
1431 1197
1436 1360
1440 1301
1444 1425
1447 1359
1449 1322
1450 1394
1452 1389
1459 1407
1460 1604
1461 1651
1468 1578
1472 1515
1473 1682
1475 1381
1476 1415
1481 1461
1482 1525
1483 1547
1485 1911
1488 1443
1496 1738
1499 1601
1503 1625
1504 1746
1514 1492
1516 1611
1524 1467
1531 1756
1539 1560
1541 1639
1547 1460
1548 1534
1550 1406
1556 1576
1559 1514
1560 1690
1561 2115
1565 1846
1569 1568
1579 1825
1587 1616
1591 2142
1593 2079
1596 1510
1600 1855
1605 2049
1607 1724
1608 1807
1612 1744
1613 1750
1616 1881
1619 1697
1620 1716
1640 1689
1643 2145
1648 1594
1657 1671
1663 1769
1664 1865
1671 1723
1678 1754
1679 1804
1680 1823
1682 1765
1683 1960
1690 1737
1694 1768
1695 1916
1700 1942
1701 1953
1708 2212
1711 1614
1713 2034
1718 1906
1719 1923
1720 1969
1728 2019
1732 1816
1734 1666
1738 2236
1744 2179
1745 1741
1750 1877
1751 2240
1752 2249
1758 1990
1765 1810
1766 1872
1767 2029
1768 2018
1774 1854
1780 1860
1784 1767
1791 1735
1792 1893
1793 1968
1794 2085
1797 2299
1799 1714
1800 1721
1803 2336
1806 2296
1808 2318
1812 2006
1813 2295
1817 1843
1825 2084
1829 2053
1831 2073
1837 2102
1842 2005
1850 1941
1853 2368
1854 2017
1855 2052
1858 2004
1864 2365
1873 2113
1874 2209
1881 1875
1883 1892
1884 2078
1896 2200
1902 2415
1904 1974
1905 2037
1908 2155
1911 1930
1925 2109
1936 2427
1941 2147
1942 2210
1943 2208
1954 2463
1958 2185
1963 2454
1971 2206
1972 2259
1992 2099
1993 2492
2001 2353
2003 2509
2007 2205
2014 2507
2015 2229
2021 2039
2026 2184
2032 2257
2035 2517
2038 2021
2039 2107
2040 2157
2044 2560
2050 2555
2051 2214
2052 2215
2053 2226
2069 2171
2075 2230
2076 2263
2077 2276
2078 2290
2079 2352
2081 2256
2082 2314
2085 2219
2087 2245
2089 2635
2092 2244
2096 2116
2097 2199
2105 2286
2112 2371
2113 2378
2121 2198
2122 2269
2137 2351
2139 2305
2140 2309
2150 2543
2159 2342
2165 2361
2166 2343
2176 2355
2178 2358
2184 2341
2185 2388
2201 2340
2214 2350
2216 2442
2232 2414
2236 2761
2259 2462
2271 2901
2279 2532
2295 2756
2339 2567
2356 2511
2375 2485
2378 2630
2405 2669
2409 2667
2475 2738
2528 2769
2574 2736
