f_0082926.png f_0082928.png
7 28
8 29
9 67
18 60
29 20
31 23
32 35
44 34
46 3
47 4
48 36
53 18
54 19
55 33
56 6
57 49
58 51
59 52
61 32
62 39
64 50
66 57
67 41
69 12
72 84
75 45
76 14
80 87
81 15
82 2
83 78
85 38
87 77
88 79
89 108
90 62
91 82
94 56
103 107
104 88
105 95
109 71
112 99
114 85
115 120
116 170
117 114
119 94
122 61
123 105
124 117
125 129
128 111
129 83
131 119
132 121
133 101
134 69
136 104
138 106
140 97
142 113
144 147
148 116
149 118
151 123
157 135
158 142
164 96
165 152
166 163
167 168
170 165
171 176
172 100
173 110
177 154
180 133
181 146
183 132
184 175
185 182
188 144
190 164
191 203
192 187
193 169
194 223
195 205
197 138
198 145
200 126
201 139
204 166
205 186
206 153
207 204
208 188
210 174
211 197
215 160
216 143
217 161
219 202
226 196
227 201
228 252
229 218
230 261
236 199
238 216
239 237
241 136
242 172
244 215
245 255
246 198
254 222
255 260
256 235
258 279
265 234
266 243
268 251
269 292
275 244
277 233
278 259
281 269
282 287
283 291
285 211
292 296
294 308
296 212
300 275
302 321
304 207
305 189
306 208
310 213
313 283
316 241
317 284
318 336
320 257
321 314
322 294
324 328
332 327
333 315
340 368
341 373
345 307
346 293
350 306
351 335
352 348
356 300
357 310
359 326
360 357
363 281
364 264
366 313
368 377
370 372
371 386
373 406
375 253
376 309
383 289
385 384
386 329
387 305
389 405
390 435
392 353
393 344
396 332
398 343
399 393
400 441
405 385
406 395
407 401
409 338
411 375
414 352
417 362
421 374
425 424
427 419
428 432
429 467
430 485
431 361
432 351
438 422
439 382
440 443
441 544
446 398
448 379
449 442
450 453
451 497
452 363
453 364
454 400
456 448
458 493
460 397
462 452
463 431
464 474
465 433
466 475
467 417
469 483
471 520
474 505
475 533
476 516
477 472
478 449
479 491
480 396
481 407
482 378
485 464
486 512
489 532
490 408
491 421
492 457
497 425
498 426
500 418
501 481
503 515
504 527
507 526
509 545
510 414
514 503
520 514
521 479
522 480
523 496
524 562
526 538
527 531
530 522
531 524
533 537
536 494
537 427
540 543
544 530
546 548
547 549
550 468
551 536
555 556
556 592
557 499
559 521
560 547
562 598
563 477
565 570
572 574
573 575
574 567
575 619
577 546
578 553
579 565
580 602
581 624
583 540
584 552
586 588
590 594
591 629
595 607
596 608
597 638
603 580
604 581
605 642
606 643
607 528
609 517
614 595
615 636
616 535
618 628
619 666
621 612
622 606
628 564
630 600
631 611
632 675
637 579
640 559
641 691
649 593
650 573
652 641
659 584
661 604
663 599
664 659
665 667
666 660
670 663
671 647
672 664
675 578
681 695
682 690
684 609
685 635
686 670
688 656
690 685
692 716
697 654
698 655
699 662
700 681
701 768
703 760
706 634
708 719
709 652
714 698
715 699
716 709
717 700
721 672
723 726
724 712
725 749
727 678
729 718
730 708
733 737
735 707
737 725
740 733
744 710
747 769
752 694
754 739
757 775
761 766
762 792
767 743
769 705
772 753
773 723
774 713
776 721
777 717
778 759
783 773
784 807
785 791
787 741
788 765
794 720
796 784
797 779
800 808
804 799
805 817
806 801
807 810
810 785
819 777
822 756
824 798
826 797
827 787
834 796
836 795
840 830
841 842
844 855
848 820
850 761
853 840
854 821
855 849
857 829
859 816
866 793
870 878
871 781
873 818
874 839
875 846
876 901
877 873
878 880
881 831
883 865
884 894
888 937
890 907
891 851
896 866
900 864
903 852
910 915
911 906
912 926
913 916
914 896
917 841
920 936
926 900
927 888
931 845
933 825
936 876
937 867
939 943
940 922
941 895
944 947
945 956
947 883
949 910
950 961
952 975
953 921
954 913
955 944
957 964
961 934
964 942
965 935
966 945
968 925
973 891
975 930
978 890
980 950
981 962
988 951
991 986
995 885
997 932
998 960
999 920
1000 929
1001 967
1003 968
1004 970
1005 984
1013 924
1014 948
1015 1005
1016 983
1019 958
1024 1018
1025 1062
1026 976
1028 1001
1030 911
1033 1012
1035 1033
1036 1056
1038 1090
1041 1010
1042 1035
1044 1061
1048 999
1049 1024
1050 1060
1051 940
1052 957
1055 1016
1056 1089
1057 1073
1059 990
1060 1029
1062 1031
1063 1067
1064 1041
1068 1069
1073 1099
1076 1048
1080 1097
1083 1008
1085 1020
1087 995
1090 1070
1097 1140
1099 1088
1100 1072
1105 1028
1106 1095
1111 1059
1112 1096
1113 1139
1114 1094
1115 1117
1121 1064
1122 1113
1124 1106
1126 1135
1127 1078
1128 1084
1130 1116
1131 1105
1134 1046
1135 1114
1137 1145
1141 1077
1147 1130
1148 1131
1149 1151
1151 1136
1153 1159
1154 1058
1155 1133
1156 1122
1157 1142
1159 1079
1165 1083
1168 1103
1169 1112
1179 1128
1180 1149
1182 1144
1185 1138
1186 1156
1187 1082
1188 1121
1193 1148
1194 1158
1197 1127
1198 1118
1200 1146
1201 1172
1205 1147
1206 1170
1208 1196
1209 1189
1214 1185
1219 1188
1222 1166
1223 1157
1224 1184
1225 1215
1229 1197
1230 1206
1232 1195
1233 1212
1235 1207
1236 1223
1238 1247
1244 1230
1245 1258
1246 1216
1247 1217
1249 1200
1250 1176
1258 1243
1259 1225
1262 1187
1264 1211
1267 1181
1269 1231
1271 1224
1272 1239
1274 1175
1281 1269
1284 1205
1288 1261
1290 1263
1291 1295
1298 1238
1304 1249
1305 1267
1307 1293
1308 1202
1310 1221
1313 1274
1314 1276
1318 1351
1319 1292
1320 1203
1321 1210
1323 1235
1326 1255
1327 1313
1329 1234
1330 1220
1333 1340
1334 1330
1335 1306
1336 1322
1340 1291
1341 1328
1344 1242
1346 1287
1347 1312
1349 1304
1350 1305
1354 1233
1356 1241
1359 1254
1366 1272
1369 1338
1370 1321
1371 1329
1372 1372
1374 1266
1376 1337
1384 1349
1385 1350
1392 1388
1393 1259
1397 1339
1398 1271
1400 1309
1404 1280
1406 1348
1408 1377
1409 1371
1411 1283
1415 1367
1417 1368
1420 1369
1421 1370
1424 1402
1428 1308
1431 1441
1435 1385
1436 1361
1437 1396
1446 1301
1451 1397
1452 1417
1457 1318
1462 1391
1464 1452
1468 1344
1473 1419
1474 1420
1485 1485
1489 1416
1490 1475
1492 1469
1494 1358
1496 1410
1498 1346
1499 1425
1500 1454
1504 1415
1508 1389
1513 1504
1519 1414
1520 1437
1521 1438
1522 1439
1523 1451
1524 1495
1525 1503
1528 1379
1531 1466
1533 1467
1534 1468
1536 1446
1537 1484
1542 1491
1543 1435
1544 1465
1545 1550
1546 1394
1549 1430
1551 1459
1552 1493
1555 1539
1557 1541
1558 1458
1559 1477
1563 1520
1564 1502
1565 1540
1570 1513
1572 1527
1573 1470
1574 1501
1576 1533
1578 1473
1581 1580
1585 1455
1586 1481
1591 1456
1595 1490
1598 1434
1600 1482
1603 1499
1605 1500
1606 1519
1607 1553
1610 1525
1611 1561
1612 1552
1617 1489
1618 1537
1620 1563
1621 1598
1624 1449
1626 1554
1632 1618
1633 1544
1634 1631
1638 1506
1639 1583
1640 1619
1643 1523
1644 1602
1645 1625
1650 1609
1651 1497
1659 1558
1666 1582
1668 1573
1671 1635
1672 1629
1674 1546
1676 1601
1680 1547
1684 1535
1685 1545
1688 1634
1690 1596
1691 1636
1694 1656
1695 1551
1697 1592
1700 1646
1701 1667
1702 1690
1703 1616
1704 1633
1706 1673
1708 1569
1710 1600
1712 1660
1714 1687
1715 1688
1717 1588
1718 1579
1719 1672
1720 1694
1721 1707
1724 1651
1729 1665
1732 1711
1739 1699
1746 1622
1747 1645
1748 1658
1750 1663
1751 1705
1752 1700
1761 1692
1762 1683
1763 1684
1767 1650
1768 1728
1771 1682
1772 1735
1775 1678
1777 1719
1778 1729
1783 1697
1785 1715
1787 1781
1789 1657
1793 1637
1794 1713
1798 1766
1802 1753
1805 1696
1806 1704
1808 1748
1811 1778
1812 1785
1819 1734
1822 1764
1824 1675
1828 1797
1829 1791
1830 1732
1835 1712
1836 1726
1837 1733
1838 1780
1841 1773
1843 1774
1844 1775
1845 1777
1846 1789
1849 1787
1857 1848
1860 1741
1865 1830
1868 1724
1874 1819
1879 1825
1880 1833
1881 1880
1883 1837
1884 1854
1885 1784
1887 1771
1895 1889
1897 1851
1899 1794
1900 1832
1901 1850
1902 1871
1904 1810
1907 1885
1910 1793
1911 1801
1913 1836
1917 1817
1918 1841
1919 1807
1921 1823
1930 1831
1931 1866
1933 1911
1934 1893
1936 1857
1942 1867
1944 1892
1947 1803
1948 1883
1950 1863
1951 1882
1953 1955
1954 1862
1955 1856
1956 1876
1958 1940
1959 1844
1960 1840
1964 1919
1965 1905
1968 1859
1970 1912
1973 1916
1974 1913
1976 1897
1977 1929
1980 1910
1981 1928
1983 1944
1984 1895
1985 1927
1987 1948
1989 1861
1990 1894
1991 1962
1994 1932
2000 1891
2003 1890
2005 1921
2011 1971
2012 1909
2013 1936
2015 1943
2016 1961
2018 1974
2023 1947
2026 1983
2030 1907
2035 1967
2042 1953
2045 1975
2048 1970
2053 1957
2057 2024
2058 1946
2062 1951
2063 2010
2064 1934
2067 1973
2071 1942
2073 1982
2078 1993
2081 1995
2084 1985
2088 1977
2090 2006
2092 2016
2097 2009
2104 2053
2113 1998
2116 2050
2117 1996
2118 1997
2128 2014
2130 2049
2131 2061
2135 2086
2139 2034
2140 2071
2142 2036
2145 2005
2150 2012
2153 2021
2154 2066
2160 2044
2162 2085
2164 2007
2166 2029
2170 2083
2172 2003
2176 2080
2180 2032
2181 2056
2183 2100
2187 2054
2191 2077
2199 2075
2201 2055
2202 2069
2203 2064
2208 2099
2209 2107
2211 2164
2212 2031
2216 2114
2217 2096
2218 2051
2221 2118
2229 2082
2232 2095
2233 2137
2234 2106
2235 2132
2236 2113
2239 2090
2243 2163
2246 2081
2251 2093
2257 2135
2258 2131
2260 2171
2262 2103
2264 2112
2268 2168
2277 2152
2278 2185
2280 2127
2281 2147
2283 2123
2284 2161
2287 2183
2288 2188
2289 2149
2291 2136
2293 2184
2294 2154
2297 2173
2300 2116
2302 2134
2305 2205
2309 2126
2310 2144
2314 2130
2316 2213
2317 2181
2320 2167
2322 2195
2323 2202
2325 2157
2326 2160
2333 2252
2337 2166
2338 2224
2341 2180
2348 2158
2349 2221
2352 2244
2355 2175
2356 2225
2359 2274
2361 2133
2363 2220
2367 2212
2376 2236
2379 2233
2383 2209
2386 2214
2387 2228
2389 2258
2390 2247
2391 2273
2393 2208
2395 2223
2400 2254
2405 2265
2409 2256
2411 2288
2415 2251
2416 2278
2417 2300
2419 2272
2421 2249
2422 2289
2424 2360
2425 2314
2430 2306
2431 2292
2433 2293
2438 2311
2440 2271
2441 2324
2445 2281
2446 2342
2449 2299
2450 2291
2455 2277
2456 2304
2457 2320
2458 2321
2459 2326
2471 2341
2475 2310
2477 2371
2478 2307
2479 2323
2482 2302
2488 2334
2489 2390
2491 2398
2495 2339
2497 2333
2498 2359
2501 2296
2502 2297
2504 2350
2508 2338
2514 2340
2517 2397
2518 2403
2519 2414
2520 2430
2523 2375
2524 2355
2525 2382
2526 2376
2527 2405
2529 2349
2530 2368
2533 2329
2534 2364
2536 2387
2538 2379
2539 2401
2540 2389
2544 2353
2547 2386
2548 2381
2551 2332
2555 2424
2556 2419
2558 2441
2560 2412
2561 2413
2563 2460
2566 2393
2571 2456
2574 2418
2576 2434
2580 2452
2581 2453
2585 2478
2588 2467
2594 2427
2595 2433
2596 2477
2597 2473
2601 2422
2602 2437
2604 2484
2607 2465
2608 2479
2609 2471
2611 2472
2614 2421
2615 2459
2617 2426
2619 2447
2620 2474
2629 2485
2632 2463
2633 2483
2634 2551
2641 2511
2646 2519
2647 2544
2652 2509
2656 2448
2657 2524
2658 2514
2660 2560
2662 2508
2665 2523
2666 2541
2668 2496
2673 2497
2676 2581
2677 2512
2682 2513
2685 2582
2689 2572
2692 2528
2694 2559
2695 2580
2699 2533
2701 2534
2702 2521
2704 2516
2706 2575
2707 2565
2708 2549
2709 2542
2712 2502
2719 2606
2723 2546
2725 2593
2728 2576
2729 2569
2733 2579
2736 2562
2738 2637
2743 2561
2744 2571
2748 2592
2749 2639
2750 2633
2755 2591
2761 2622
2771 2597
2776 2611
2778 2641
2779 2587
2782 2586
2789 2598
2794 2677
2796 2610
2813 2651
2815 2619
2816 2629
2823 2595
2838 2635
2842 2663
2853 2654
2854 2658
2858 2644
2861 2643
2862 2655
2872 2652
2873 2660
2876 2671
2878 2678
2882 2665
2884 2674
2886 2670
2888 2749
2892 2661
2899 2653
2900 2680
2901 2681
2903 2710
2904 2711
2910 2722
2911 2785
2919 2756
2925 2664
2927 2730
2939 2745
2940 2709
2941 2702
2948 2685
2953 2843
2955 2693
2956 2718
2957 2731
2960 2758
2964 2794
2966 2754
2967 2783
2970 2774
2974 2805
2978 2767
2979 2692
2981 2784
2982 2868
2984 2772
2985 2780
2987 2807
2990 2781
2992 2759
2994 2778
2998 2761
2999 2863
3000 2829
3001 2773
3002 2782
3003 2801
3004 2818
3006 2901
3010 2810
3012 2800
3013 2840
3017 2825
3018 2869
3019 2837
3020 2819
3022 2790
3023 2817
3027 2815
3028 2861
3033 2814
3034 2824
3036 2799
3038 2826
3042 2834
3043 2882
3044 2870
3045 2841
3049 2883
3050 2875
3054 2849
3055 2845
3058 2853
3059 2913
3063 2852
3064 2858
3066 2889
3072 2873
3074 2911
3076 2885
3077 2956
3078 2838
3079 2831
3081 2877
3084 2912
3090 2937
3091 2944
3093 2890
3094 2948
3097 2888
3100 2929
3104 2984
3108 2899
3109 2879
3111 2925
3112 2887
3113 2976
3115 2894
3122 3082
3123 2922
3130 2940
3132 2923
3137 2856
3139 2966
3140 2994
3142 2954
3144 2962
3146 2957
3147 2902
3149 2953
3154 2993
3160 2992
3162 2963
3163 2959
3164 3032
3165 3040
3170 2981
3177 3018
3181 2986
3185 3007
3186 3031
3188 3019
3190 2974
3191 3026
3194 3008
3198 3005
3200 3090
3202 3025
3211 3120
3215 3047
3219 3010
3220 3046
3222 3052
3226 3069
3228 3027
3229 3039
3231 3121
3233 3016
3234 3075
3235 3063
3239 3049
3240 3070
3247 3060
3248 3147
3255 3107
3256 3077
3258 3092
3261 3124
3266 3085
3271 3083
3274 3148
3286 3118
3301 3104
3302 3126
3310 3151
3313 3094
3315 3181
3319 3154
3323 3168
3327 3133
3331 3161
3332 3171
3333 3209
3343 3189
3344 3180
3347 3195
3348 3191
3349 3220
3354 3172
3359 3184
3360 3169
3361 3186
3367 3216
3370 3261
3371 3262
3385 3246
3389 3210
3390 3248
3391 3270
3393 3240
3394 3241
3402 3291
3407 3260
3408 3253
3411 3237
3413 3250
3418 3247
3422 3257
3426 3229
3427 3267
3429 3317
3435 3259
3437 3279
3439 3264
3443 3268
3449 3272
3456 3302
3477 3309
3478 3297
3489 3303
3491 3347
3506 3313
3509 3351
3511 3378
3513 3338
3518 3359
3519 3387
3524 3331
3525 3337
3528 3330
3540 3363
3543 3364
3549 3355
3561 3388
3575 3413
3585 3381
3588 3415
3591 3395
3597 3407
3605 3416
