f_0082924.png f_0082926.png
8 7
10 8
12 12
14 15
17 39
20 25
21 13
22 14
24 22
29 20
30 34
31 26
34 58
35 72
36 44
40 45
43 23
44 57
45 32
49 66
50 59
55 29
57 64
60 28
61 38
63 49
64 65
68 54
76 48
79 43
81 52
82 47
83 61
85 105
89 51
90 70
91 71
94 77
97 87
98 120
102 86
103 112
104 117
105 96
106 92
109 139
111 106
112 82
114 91
117 126
119 144
123 158
125 109
129 110
131 111
133 119
136 121
137 95
139 129
140 148
141 124
143 136
145 169
150 197
151 146
153 135
157 150
159 132
161 138
162 141
163 176
165 185
168 140
169 190
171 142
174 160
178 171
179 196
180 164
186 173
187 165
188 214
190 192
191 220
194 208
198 184
202 264
205 231
207 205
208 207
209 178
211 232
213 199
215 215
217 217
218 188
219 247
220 204
221 227
222 229
224 240
225 210
226 226
228 238
229 219
230 259
231 200
232 218
233 272
239 211
241 283
242 269
247 260
251 212
253 303
254 235
255 209
256 244
257 254
258 280
259 281
265 276
266 289
268 266
269 302
271 341
273 250
274 262
275 234
276 253
278 293
279 332
281 258
283 334
286 251
289 331
290 203
291 267
292 333
297 278
299 324
301 325
303 326
306 287
307 288
308 290
309 307
310 340
311 292
312 313
313 323
314 338
315 339
321 300
323 291
324 317
327 327
328 296
329 298
330 312
331 321
333 309
336 314
338 295
339 366
340 369
344 285
348 310
349 337
350 395
353 336
355 356
356 407
357 400
358 353
359 359
360 371
362 348
363 350
364 346
365 368
368 380
369 357
370 394
372 385
374 389
378 360
381 379
383 383
384 370
385 441
391 429
393 384
395 406
396 440
398 415
399 374
400 392
403 456
405 376
407 388
408 450
410 405
414 437
415 446
416 457
417 410
418 451
420 417
422 404
423 427
424 471
425 486
426 458
427 474
428 402
429 423
430 466
431 473
436 412
437 478
438 489
440 476
443 463
444 426
452 452
454 469
458 444
459 414
461 477
462 485
463 493
464 494
465 504
466 453
467 447
470 436
472 448
474 438
475 484
487 492
489 507
490 509
492 467
493 543
494 515
495 524
497 491
501 532
502 526
505 460
507 552
510 540
511 556
512 549
513 480
518 514
519 546
520 555
521 533
524 497
525 573
526 567
528 523
534 521
537 547
538 574
539 566
540 575
541 581
542 496
543 606
545 483
546 557
548 558
549 559
550 580
552 517
554 529
555 544
556 551
557 503
558 565
559 591
561 564
563 545
566 560
567 590
573 602
574 570
576 530
580 605
584 550
587 584
588 572
590 595
591 596
595 587
596 610
598 589
599 618
600 623
605 583
607 614
610 612
611 604
614 632
617 637
618 622
619 615
620 563
622 679
625 578
631 636
638 645
642 640
643 601
645 658
646 630
653 629
655 634
656 650
657 652
658 665
659 666
660 653
665 669
666 691
669 695
675 687
680 635
682 682
684 649
691 670
692 724
695 648
696 657
697 721
699 731
701 703
702 686
703 699
705 700
709 698
710 660
711 685
712 717
720 716
724 714
726 763
727 659
731 766
732 767
734 675
735 706
739 730
742 684
743 727
744 758
748 734
749 737
751 709
753 745
759 720
760 759
761 807
763 712
766 736
768 753
770 738
772 750
773 735
775 798
776 711
777 719
778 749
779 779
781 772
786 773
787 792
789 804
790 805
791 743
792 776
793 760
794 784
795 742
797 815
799 788
800 813
803 814
808 769
809 781
811 775
812 809
813 810
814 827
818 824
819 831
820 803
823 774
825 797
827 795
830 843
832 793
834 828
836 855
841 859
843 848
844 870
848 860
850 822
852 853
856 833
857 894
858 857
859 878
860 858
862 875
864 835
870 884
874 877
875 904
876 865
877 889
880 873
882 896
883 886
885 872
886 851
887 883
888 911
890 906
891 914
896 919
897 920
898 850
899 867
901 940
902 913
908 902
909 937
910 901
911 923
912 892
913 927
914 929
915 932
916 900
917 926
918 910
921 909
922 956
924 931
925 938
926 965
927 957
931 966
935 972
937 953
938 955
939 943
940 967
943 1006
944 977
945 934
950 974
953 990
957 988
958 989
959 982
961 985
963 948
964 1011
965 949
969 978
970 973
975 1005
978 960
979 999
980 998
981 1025
983 980
984 1004
991 1023
994 1015
996 1022
997 1024
1002 1001
1003 1003
1009 1021
1010 1028
1011 1016
1012 1035
1018 1043
1019 1050
1023 1026
1024 1056
1025 1081
1027 1014
1028 1040
1030 1057
1031 1019
1032 1041
1040 1062
1041 1054
1042 1055
1045 1030
1047 1047
1050 1114
1051 1036
1053 1031
1056 1091
1059 1059
1060 1060
1061 1064
1064 1092
1066 1039
1077 1032
1078 1096
1083 1076
1085 1080
1088 1115
1091 1119
1092 1120
1094 1086
1095 1090
1097 1151
1098 1147
1100 1111
1101 1124
1102 1126
1106 1135
1107 1128
1112 1083
1114 1075
1116 1122
1117 1125
1119 1153
1121 1190
1123 1116
1126 1146
1127 1148
1129 1149
1130 1082
1131 1142
1134 1109
1135 1087
1136 1154
1142 1155
1144 1210
1145 1192
1146 1170
1148 1117
1149 1177
1150 1173
1151 1161
1158 1208
1160 1180
1163 1178
1164 1182
1165 1206
1166 1200
1176 1237
1177 1203
1188 1169
1193 1164
1195 1188
1196 1185
1198 1214
1199 1187
1201 1217
1202 1265
1204 1233
1206 1245
1209 1175
1212 1234
1216 1231
1219 1247
1225 1271
1228 1220
1230 1232
1231 1243
1232 1244
1234 1238
1237 1229
1238 1255
1243 1212
1245 1230
1246 1259
1249 1297
1252 1282
1254 1218
1255 1264
1257 1239
1259 1250
1261 1252
1262 1288
1267 1221
1269 1287
1270 1319
1271 1300
1272 1278
1273 1263
1278 1274
1280 1313
1283 1290
1285 1318
1286 1283
1289 1289
1291 1275
1294 1312
1296 1306
1297 1349
1298 1251
1304 1311
1307 1309
1308 1328
1312 1338
1313 1333
1314 1352
1316 1340
1318 1327
1328 1329
1330 1301
1335 1365
1336 1322
1337 1324
1341 1317
1343 1383
1344 1402
1347 1390
1350 1401
1351 1372
1352 1320
1353 1364
1356 1451
1357 1422
1361 1321
1364 1382
1366 1437
1367 1397
1368 1420
1370 1406
1371 1407
1372 1396
1373 1424
1376 1418
1377 1419
1378 1408
1379 1431
1384 1433
1385 1380
1386 1473
1387 1374
1391 1434
1393 1436
1396 1442
1398 1423
1401 1353
1404 1452
1409 1414
1411 1459
1414 1429
1415 1530
1416 1474
1417 1440
1418 1389
1419 1405
1421 1462
1423 1410
1425 1460
1426 1525
1428 1412
1434 1506
1437 1479
1438 1483
1440 1439
1444 1413
1445 1499
1446 1489
1447 1500
1448 1511
1450 1457
1454 1481
1458 1537
1459 1533
1461 1468
1462 1534
1463 1475
1464 1432
1466 1518
1467 1521
1468 1524
1469 1507
1471 1446
1473 1503
1477 1536
1478 1523
1479 1531
1480 1542
1482 1555
1484 1515
1488 1564
1490 1572
1492 1480
1493 1502
1498 1498
1499 1508
1500 1448
1503 1562
1504 1478
1505 1541
1507 1517
1508 1529
1509 1520
1510 1563
1513 1547
1514 1568
1515 1570
1520 1558
1521 1535
1526 1577
1527 1501
1528 1538
1530 1540
1532 1574
1533 1597
1535 1539
1537 1550
1540 1622
1543 1596
1544 1631
1545 1581
1546 1497
1550 1606
1551 1613
1555 1578
1558 1579
1559 1605
1563 1656
1566 1594
1567 1610
1568 1566
1571 1655
1575 1633
1577 1573
1578 1587
1580 1619
1581 1611
1586 1628
1587 1601
1588 1612
1592 1592
1593 1617
1594 1618
1596 1640
1601 1650
1602 1634
1603 1567
1604 1614
1608 1691
1609 1609
1611 1659
1620 1658
1621 1648
1622 1668
1625 1616
1629 1660
1630 1671
1632 1677
1635 1669
1636 1702
1638 1683
1640 1692
1649 1608
1650 1642
1656 1694
1661 1643
1662 1667
1666 1720
1667 1690
1668 1688
1669 1698
1670 1705
1671 1651
1673 1676
1678 1663
1680 1699
1681 1697
1684 1714
1686 1684
1687 1664
1688 1685
1689 1704
1690 1706
1691 1752
1693 1747
1694 1703
1695 1768
1699 1675
1700 1712
1701 1739
1703 1686
1705 1751
1706 1733
1709 1730
1718 1695
1721 1731
1724 1722
1725 1727
1728 1750
1729 1728
1730 1777
1731 1764
1738 1772
1739 1828
1740 1795
1742 1744
1744 1763
1745 1784
1748 1787
1750 1718
1757 1760
1758 1724
1761 1754
1762 1857
1765 1783
1766 1778
1769 1791
1774 1746
1775 1794
1781 1789
1783 1804
1784 1801
1786 1807
1788 1809
1789 1803
1798 1759
1801 1817
1802 1818
1804 1811
1805 1815
1806 1849
1808 1856
1810 1837
1812 1832
1817 1788
1818 1793
1821 1836
1823 1820
1824 1776
1826 1842
1827 1855
1829 1797
1830 1854
1832 1831
1833 1862
1834 1935
1837 1884
1839 1866
1844 1841
1848 1927
1851 1869
1852 1896
1854 1871
1855 1872
1856 1852
1858 1886
1859 1932
1860 1897
1863 1901
1867 1920
1868 1868
1872 1883
1876 1922
1877 1885
1878 1904
1883 1986
1885 1970
1889 1931
1892 1887
1893 1925
1897 1867
1898 1910
1901 1900
1904 1957
1906 1965
1908 1914
1911 1949
1912 1996
1913 1933
1918 1951
1919 1942
1921 1974
1931 1921
1933 1903
1934 1950
1935 1888
1936 1948
1937 1941
1939 1982
1942 1959
1954 1911
1955 1940
1956 1926
1961 1968
1964 1980
1965 1998
1968 1976
1969 1985
1970 1956
1972 1972
1973 1912
1975 1966
1976 1967
1983 2015
1985 1991
1986 1971
1988 1954
1999 1973
2005 2011
2008 2009
2011 2033
2013 1984
2015 1997
2021 2048
2022 2044
2023 2035
2026 2014
2029 2032
2031 1989
2034 2006
2035 2043
2036 2007
2038 2055
2045 1988
2047 2057
2055 2073
2056 2004
2058 2051
2061 2030
2062 2054
2064 2068
2071 2078
2075 2079
2084 2049
2085 2082
2087 2047
2092 2058
2094 2042
2099 2096
2100 2041
2103 2097
2105 2130
2106 2090
2107 2109
2108 2084
2110 2114
2114 2147
2116 2113
2120 2089
2124 2148
2128 2108
2132 2120
2135 2136
2136 2127
2137 2112
2138 2128
2140 2101
2142 2094
2143 2071
2147 2160
2148 2110
2149 2086
2156 2161
2160 2123
2162 2176
2171 2083
2172 2203
2179 2125
2181 2189
2185 2107
2190 2195
2191 2150
2197 2208
2198 2163
2205 2169
2206 2190
2213 2200
2214 2180
2217 2152
2218 2188
2219 2217
2222 2173
2227 2197
2230 2174
2231 2181
2232 2227
2233 2235
2234 2236
2237 2207
2238 2199
2241 2233
2242 2243
2243 2294
2245 2164
2246 2201
2249 2198
2255 2255
2258 2277
2259 2278
2260 2185
2263 2229
2264 2318
2267 2240
2269 2298
2270 2306
2274 2258
2277 2213
2278 2252
2283 2267
2286 2223
2287 2253
2290 2281
2294 2257
2297 2266
2300 2260
2304 2333
2305 2316
2306 2251
2307 2262
2309 2289
2311 2290
2312 2291
2313 2322
2315 2282
2323 2302
2325 2283
2330 2336
2335 2280
2338 2321
2339 2330
2341 2309
2342 2310
2347 2347
2349 2358
2353 2325
2354 2344
2355 2334
2356 2340
2357 2363
2363 2356
2365 2377
2371 2341
2379 2374
2380 2369
2381 2390
2386 2385
2391 2366
2392 2368
2394 2405
2400 2404
2402 2362
2404 2408
2406 2372
2409 2350
2415 2389
2417 2425
2418 2406
2420 2410
2435 2415
2438 2421
2439 2400
2441 2438
2445 2424
2447 2386
2449 2433
2451 2412
2452 2413
2453 2452
2455 2393
2458 2468
2459 2449
2460 2458
2462 2471
2463 2414
2468 2485
2469 2489
2470 2426
2472 2450
2474 2479
2475 2457
2477 2517
2482 2451
2483 2526
2487 2427
2491 2498
2492 2532
2497 2478
2499 2536
2503 2504
2507 2518
2517 2510
2518 2534
2520 2586
2523 2538
2524 2562
2525 2588
2527 2494
2532 2587
2533 2597
2536 2565
2537 2547
2538 2540
2539 2555
2540 2560
2541 2561
2546 2577
2548 2550
2551 2508
2552 2581
2553 2487
2559 2589
2563 2585
2564 2608
2566 2641
2567 2551
2571 2613
2575 2580
2576 2627
2577 2628
2581 2569
2583 2614
2584 2584
2589 2578
2590 2619
2601 2664
2604 2634
2606 2583
2607 2624
2609 2653
2614 2598
2615 2593
2616 2623
2625 2631
2626 2599
2628 2684
2630 2640
2631 2676
2638 2701
2640 2675
2641 2654
2643 2660
2644 2649
2645 2674
2646 2694
2650 2663
2654 2699
2657 2710
2665 2688
2666 2668
2667 2698
2669 2707
2674 2700
2677 2661
2678 2642
2679 2702
2681 2718
2684 2729
2685 2760
2686 2761
2688 2708
2691 2686
2692 2722
2695 2733
2703 2747
2704 2748
2706 2794
2710 2730
2714 2724
2719 2793
2724 2798
2725 2772
2727 2779
2728 2765
2729 2751
2730 2745
2731 2790
2735 2727
2738 2744
2741 2766
2742 2775
2744 2785
2747 2784
2748 2767
2749 2759
2753 2812
2756 2780
2760 2804
2761 2799
2763 2842
2765 2845
2768 2757
2776 2764
2780 2839
2786 2783
2787 2802
2788 2816
2789 2857
2792 2821
2794 2834
2795 2828
2802 2847
2808 2814
2809 2856
2811 2911
2812 2862
2813 2846
2814 2877
2816 2864
2818 2896
2819 2851
2821 2837
2829 2853
2830 2890
2831 2885
2836 2887
2841 2869
2848 2913
2850 2878
2858 2906
2862 2930
2866 2904
2868 2881
2875 2990
2877 2924
2880 2883
2881 2950
2882 2855
2883 2876
2884 2892
2885 2961
2890 2971
2892 2916
2902 2981
2903 2943
2907 2920
2910 2959
2912 2960
2915 2982
2916 2898
2918 2952
2919 2951
2920 2953
2923 2957
2924 2970
2926 2989
2930 3002
2938 3020
2939 2944
2940 2983
2944 2956
2945 2966
2950 3003
2954 2980
2959 2997
2960 2998
2961 3038
2967 3019
2968 3046
2971 2994
2972 3023
2973 3045
2975 2992
2976 2996
2981 3044
2982 3040
2991 3039
2993 3001
2994 3050
2996 3052
2997 3017
2999 3033
3000 3034
3007 3062
3010 3012
3011 3055
3032 3068
3036 3051
3038 3120
3040 3031
3043 3083
3044 3084
3045 3026
3046 3116
3055 3118
3056 3125
3058 3097
3059 3088
3070 3127
3071 3110
3075 3142
3078 3135
3079 3104
3080 3163
3085 3119
3086 3129
3089 3164
3091 3143
3096 3130
3099 3159
3101 3154
3105 3133
3108 3169
3110 3181
3113 3151
3120 3180
3122 3177
3123 3187
3124 3223
3126 3168
3129 3203
3130 3141
3132 3148
3138 3146
3142 3138
3144 3184
3146 3194
3147 3221
3154 3167
3157 3212
3165 3179
3166 3197
3168 3207
3170 3209
3175 3211
3181 3261
3187 3246
3190 3172
3201 3224
3203 3240
3204 3241
3205 3242
3214 3267
3216 3248
3221 3227
3222 3249
3227 3271
3234 3245
3241 3244
3248 3334
3253 3256
3254 3322
3258 3268
3262 3262
3271 3304
3274 3311
3275 3293
3277 3264
3287 3289
3290 3277
3291 3340
3292 3291
3303 3314
3309 3315
3313 3312
3314 3343
3316 3344
3322 3310
3323 3365
3326 3286
3346 3352
3350 3351
3358 3368
3363 3391
3364 3389
3366 3392
3369 3354
3376 3396
3377 3337
3379 3382
3387 3372
3388 3353
3398 3381
3404 3397
3408 3400
3409 3416
3416 3425
3428 3418
3429 3411
3437 3444
3441 3430
3442 3412
3446 3437
3447 3453
3450 3455
3455 3452
3466 3451
3470 3439
3471 3456
3478 3446
3479 3473
3485 3447
3489 3460
3491 3484
3492 3485
3493 3474
3497 3478
3502 3486
3504 3513
3505 3494
3506 3497
3514 3487
3515 3495
3518 3470
3528 3520
3531 3519
3536 3515
3541 3529
3543 3518
3545 3544
3547 3505
3550 3507
3551 3548
3553 3545
3554 3552
3555 3559
3557 3509
3562 3539
3565 3526
3569 3500
3573 3564
3575 3521
3578 3568
3586 3575
3604 3554
3608 3595
3609 3557
3615 3596
3618 3600
3620 3599
3621 3601
3622 3579
3626 3588
3627 3604
3629 3572
3634 3582
3636 3606
3648 3630
3650 3585
3651 3629
3652 3615
3653 3584
3659 3607
3662 3608
3667 3624
3670 3632
3672 3618
