f_0082912.png f_0082918.png
1 110
3 1
5 60
12 73
14 58
17 24
20 66
22 27
23 37
26 43
27 29
33 77
34 79
36 90
46 145
50 168
63 177
87 210
88 144
90 101
95 214
97 127
99 157
114 186
125 221
128 254
132 289
135 267
137 226
139 207
140 216
144 199
145 234
150 279
153 310
155 260
160 257
162 202
163 277
175 292
176 270
178 225
183 332
188 248
189 327
196 263
200 287
203 424
206 298
209 320
213 398
218 302
219 165
220 286
234 335
235 306
248 400
249 352
252 386
257 371
258 356
260 406
266 422
267 383
268 392
270 423
272 403
278 460
283 513
285 451
286 453
293 372
302 433
307 501
308 504
310 431
311 455
314 494
315 508
316 557
319 463
320 434
326 427
329 430
332 531
336 487
338 488
343 545
345 412
350 479
353 509
354 471
356 524
357 563
358 480
359 574
368 539
385 420
388 625
389 580
392 614
393 615
394 596
397 529
400 598
407 595
416 533
421 649
422 650
425 641
426 653
430 642
433 583
434 688
437 609
438 518
439 577
441 746
442 704
443 709
451 621
453 622
455 340
460 629
463 678
467 651
468 711
484 660
485 707
491 681
492 738
494 750
498 689
501 655
502 647
504 716
506 683
510 717
512 829
513 712
516 669
521 720
529 713
536 739
539 779
540 740
554 839
565 845
574 733
575 752
584 842
587 835
599 727
600 771
601 872
604 825
606 794
611 814
614 869
617 877
619 854
621 873
623 895
624 827
625 807
630 775
635 892
639 924
640 904
641 951
643 853
644 899
646 725
647 742
653 857
659 913
664 926
671 920
677 928
679 885
682 890
688 906
693 955
701 952
725 858
729 1005
738 1014
745 1020
751 1028
752 1006
758 940
761 1078
771 966
773 1070
778 1065
779 939
780 907
783 933
788 1066
791 1047
793 1133
797 1063
798 1064
799 1074
801 891
805 1024
808 932
817 1007
821 1098
824 1073
832 1094
833 1149
841 1096
843 1139
846 1126
847 1076
860 1095
861 1138
862 1083
868 1199
869 1154
872 1124
884 1084
887 1115
889 986
897 1128
901 1119
902 1188
905 1141
908 1148
917 1175
919 1060
921 1230
927 1243
928 1163
929 1204
933 1033
938 1250
942 1231
946 1164
947 1191
952 1224
960 1327
961 1317
973 1192
984 1350
985 1113
989 1310
990 1194
996 1283
998 1299
1005 1309
1010 1001
1013 1343
1019 1333
1020 1359
1030 1329
1031 1321
1033 1346
1035 1370
1038 1300
1042 1280
1043 1379
1045 1334
1047 1422
1057 1337
1060 1367
1062 1378
1063 1380
1064 1143
1065 1360
1069 1371
1075 1347
1078 1407
1085 1348
1092 1356
1094 1398
1095 1418
1103 1351
1106 1399
1108 1335
1109 1389
1117 1454
1118 1411
1120 1456
1127 1525
1129 1430
1132 1301
1133 1584
1136 1441
1138 1530
1139 1455
1142 1489
1145 1473
1149 1517
1153 1515
1157 1518
1158 1500
1168 1547
1173 1516
1182 1656
1185 1514
1191 1549
1199 1531
1203 1396
1209 1505
1214 1543
1225 1564
1227 1383
1231 1621
1239 1601
1255 1643
1256 1624
1265 1654
1271 1675
1272 1487
1275 1652
1276 1589
1282 1696
1283 1640
1289 1636
1295 1737
1297 1426
1305 1603
1306 1693
1307 1664
1308 1721
1320 1669
1322 1759
1327 1623
1332 1731
1336 1741
1338 1760
1348 1710
1357 1717
1363 1732
1378 1780
1383 1810
1385 1806
1389 1704
1393 1769
1394 1751
1398 1781
1400 1812
1415 1807
1426 1816
1430 1891
1436 1817
1439 1734
1440 1849
1442 1826
1449 1830
1450 1743
1456 1927
1458 1862
1464 1875
1468 1837
1469 1894
1473 1861
1474 1904
1484 1979
1485 1848
1504 1957
1506 1901
1519 1896
1523 1822
1529 1832
1537 1976
1538 1931
1540 1886
1550 1850
1560 1921
1569 1944
1584 1960
1591 2004
1599 1987
1612 2005
1615 1989
1620 2013
1621 2019
1637 2014
1649 2047
1653 2075
1655 2041
1656 2087
1659 2064
1669 1929
1673 1949
1677 2057
1679 1955
1701 2159
1702 2121
1703 2078
1704 2096
1705 2022
1706 2088
1707 2058
1710 2141
1711 2218
1741 2178
1746 2154
1751 2294
1754 2220
1766 2232
1767 2202
1771 2139
1781 2339
1784 2160
1794 2206
1797 2145
1800 2233
1801 2203
1802 2187
1806 2192
1807 2259
1813 2153
1816 2099
1817 2234
1825 2147
1832 2303
1836 2221
1855 2118
1858 2306
1862 2324
1863 2328
1867 2275
1873 2283
1882 2242
1883 2304
1887 2445
1897 2282
1902 2299
1903 2399
1907 2326
1914 2380
1917 2416
1918 2351
1928 2413
1930 2371
1934 2443
1936 2334
1960 2182
1970 2485
1973 2430
1974 2483
1979 2438
1981 2495
1993 2436
2008 2239
2010 2507
2021 2432
2024 2487
2030 2569
2037 2478
2038 2523
2045 2620
2051 2280
2063 2599
2081 2481
2086 2585
2094 2644
2095 2674
2096 2515
2107 2531
2114 2446
2125 2702
2129 2602
2136 2558
2138 2685
2139 2714
2142 2745
2147 2667
2149 2639
2151 2748
2155 2743
2157 2655
2158 2605
2161 2489
2169 2763
2170 2622
2171 2634
2182 2643
2195 2681
2209 2753
2210 2712
2211 2788
2223 2636
2229 2774
2230 2686
2237 2733
2238 2724
2256 2554
2260 2711
2263 2786
2264 2822
2265 2505
2267 2808
2272 2746
2273 2688
2276 2663
2289 2616
2293 2512
2295 2855
2297 2809
2305 2832
2308 2864
2315 2739
2317 2916
2322 2764
2334 2737
2337 2814
2346 2795
2348 2708
2349 2659
2350 2836
2351 2706
2355 2696
2367 2765
2373 2828
2376 2831
2380 2992
2381 2802
2385 2728
2386 2849
2387 2860
2389 2912
2392 2949
2402 2906
2414 3012
2424 2821
2426 2874
2427 2827
2429 2837
2432 2649
2436 2934
2443 2848
2444 2889
2449 2988
2452 2875
2459 3022
2466 2892
2474 2978
2475 2979
2476 2925
2478 2813
2479 2973
2492 2933
2496 3029
2498 2960
2503 2969
2506 2896
2507 2987
2510 3104
2518 2972
2527 2963
2538 2943
2539 3062
2540 2879
2549 3025
2555 3046
2560 3094
2561 2945
2569 2895
2578 3056
2581 3013
2586 2914
2591 3088
2593 3262
2600 3160
2604 3172
2605 2983
2614 3065
2617 3154
2620 3054
2621 3071
2623 3037
2624 3206
2625 3113
2631 3084
2633 3117
2639 3197
2642 3182
2644 3286
2649 3203
2651 3163
2652 3143
2657 3002
2658 3124
2660 3149
2661 3139
2662 3087
2664 3214
2668 3151
2671 3185
2674 3073
2677 3157
2678 3227
2683 3051
2697 3236
2699 3167
2704 3138
2711 3126
2713 3259
2725 3311
2727 3217
2735 3202
2737 3332
2739 3188
2743 3226
2746 3306
2749 3208
2753 3251
2757 3321
2762 3263
2763 3175
2773 3252
2791 3199
2798 3298
2800 3393
2810 3299
2819 3313
2821 3247
2822 3237
2839 3232
2844 3266
2845 3372
2857 3345
2860 3349
2861 3341
2864 3405
2875 3414
2881 3441
2885 3434
2889 3314
2902 3374
2905 3288
2926 3418
2927 3397
2937 3361
2942 3319
2951 3411
2955 3376
2957 3426
2959 3417
2963 3453
2969 3396
2973 3431
2981 3457
2997 3455
3001 3477
3009 3510
3025 3499
3026 3459
3035 3447
3050 3508
3052 3522
3053 3531
3063 3511
3075 3518
3082 3599
3094 3550
3102 3533
3108 3566
3111 3584
3112 3483
3122 3549
3123 3575
3134 3489
3139 3529
3150 3591
3170 3595
3171 3613
3176 3562
3178 3557
3185 3601
3186 3616
3188 3583
3190 3497
3191 3638
3193 3586
3199 3639
3200 3623
3213 3653
3222 3661
3231 3644
3233 3598
3234 3622
3236 3612
3246 3654
3247 3685
3258 3684
3259 3692
3272 3656
3273 3642
3278 3573
3286 3494
3292 3592
3294 3689
3295 3716
3312 3727
3317 3646
3324 3767
3325 3736
3335 3546
3339 3735
3341 3749
3344 3589
3348 3752
3370 3740
3374 3708
3381 3703
3388 3704
3400 3755
3401 3768
3409 3739
3413 3787
3414 3788
3424 3789
3425 3754
3428 3728
3429 3732
3436 3790
3440 3797
3441 3772
3451 3806
3452 3795
3459 3817
3464 3718
3468 3802
3472 3781
3477 3756
3495 3856
3498 3742
3500 3832
3507 3841
3509 3799
3515 3837
3530 3911
3532 3814
3539 3809
3545 3827
3546 3810
3563 3899
3573 3845
3576 3855
3587 3875
3600 3898
3605 3909
3632 3921
3636 3882
3637 3936
3640 3938
3649 3890
3654 3933
3658 3901
3659 3885
3664 3917
3667 3922
3668 3932
3688 3953
3690 4013
3703 3988
3714 3956
3716 3874
3729 3962
3730 3950
3736 3974
3751 3934
3753 3931
3758 3968
3765 4002
3773 3963
3778 3952
3779 4009
3799 3942
3807 3860
3810 3970
3821 3999
3827 3993
3841 4115
3849 4006
3853 4036
3862 4069
3876 4058
3890 4079
3893 4063
3895 4031
3897 4068
3901 4091
3911 4082
3918 4165
3924 4090
3958 4094
3961 4097
3963 4062
3969 4100
3973 4127
3977 4084
3978 4102
3980 4092
3981 4056
3992 4088
3996 4126
4004 4099
4005 4134
4007 4112
4012 4107
4013 4119
4020 4065
4021 4161
4029 4130
4031 4136
4050 4155
4061 4152
4064 4123
4073 4168
4081 4154
4082 4139
4087 4140
4089 4188
4093 4184
4094 4219
4099 4148
4109 4192
4110 4210
4127 4209
4128 4204
4133 4297
4136 4125
4139 4197
4140 4235
4145 4217
4147 4187
4154 4183
4155 4215
4157 4216
4169 4198
4177 4250
4182 4213
4200 4227
4204 4180
4211 4259
4212 4315
4215 4236
4221 4270
4225 4240
4229 4196
4234 4133
4236 4179
4243 4296
4250 4268
4255 4264
4262 4199
4272 4280
4279 4322
4289 4278
4296 4284
4297 4304
4313 4144
4314 4372
4322 4428
4324 4302
4328 4274
4337 4387
4340 4348
4343 4295
4357 4385
4358 4353
4359 4354
4363 4391
4369 4358
4382 4368
4386 4313
4392 4360
4393 4361
4398 4381
4399 4343
4408 4396
4412 4347
4423 4378
4426 4376
4437 4393
4441 4390
4442 4418
4443 4379
4451 4407
4454 4395
4470 4357
4477 4463
4484 4415
4493 4441
4496 4383
4497 4404
4508 4431
4511 4223
4517 4508
4527 4242
4535 4403
4539 4437
4540 4454
4549 4483
4553 4462
4555 4495
4560 4467
4568 4479
4573 4458
4576 4487
4580 4555
4589 4528
4594 4517
4596 4449
4601 4473
4608 4504
4609 4465
4611 4457
4612 4490
4614 4510
4625 4468
4631 4367
4637 4569
4649 4509
4662 4565
4666 4568
4669 4515
4678 4536
4682 4474
4684 4501
4694 4533
4712 4489
4713 4552
4720 4560
4722 4616
4724 4631
4725 4545
4726 4538
4732 4549
4740 4572
4742 4518
4743 4519
4745 4548
4756 4579
4757 4505
4758 4553
4765 4576
4777 4637
4788 4614
4789 4577
4791 4539
4793 4623
4794 4651
4799 4586
4800 4672
4801 4544
4802 4608
4839 4648
4841 4619
4851 4600
4859 4580
4860 4593
4863 4627
4864 4656
4869 4599
4881 4625
4884 4630
4886 4677
4888 4641
4900 4639
4901 4755
4902 4643
4903 4645
4911 4647
4921 4634
4922 4624
4933 4650
4934 4733
4941 4629
4945 4657
4952 4636
4962 4663
4963 4669
4982 4740
5015 4741
5022 4660
5028 4693
5034 4713
5046 4610
5048 4659
5049 4699
5054 4635
5055 4680
5067 4670
5081 4721
5087 4676
5097 4734
5098 4735
5099 4714
5114 4711
5115 4842
5117 4767
5122 4696
5124 4758
5139 4726
5141 4759
5145 4708
5146 4744
5147 4754
5149 4731
5162 4761
5165 4749
5168 4792
5169 4773
5176 4774
5178 4788
5193 4782
5194 4787
5211 4777
5215 4725
5219 4830
5224 4771
5229 4803
5230 4790
5239 4804
5241 4789
5251 4877
5268 4848
5283 4798
5299 4843
5308 4861
5309 4839
5310 4816
5316 4847
5329 4853
5341 4859
5366 4870
5369 4845
5376 4868
5383 4856
5385 4846
5387 4852
5391 4905
5423 4871
5428 4909
5430 4926
5436 4880
5442 4939
5452 4896
5455 4920
5462 4922
5466 4911
5475 4895
5477 4944
5490 4940
5497 4918
5500 4962
5521 4933
5527 4955
5536 4958
5537 4925
5539 4982
5544 4951
5547 4960
5556 4975
5565 4953
5608 4983
5609 5008
5612 4979
5625 5000
5627 4999
5631 4984
5633 4972
5639 5015
5641 5029
5647 5037
5649 5003
5652 5014
5657 5020
5662 5025
5670 5024
5671 5017
5674 5062
5681 5027
5683 5061
5692 5054
