f_0082412.png f_0082452.png
8 298
9 325
11 350
12 356
17 305
19 461
29 278
30 341
36 429
37 430
39 125
42 333
49 331
50 398
53 142
54 200
57 595
60 187
66 332
68 421
69 460
70 541
75 100
78 297
82 188
83 213
89 318
92 359
94 73
95 166
99 409
102 561
104 257
105 470
106 575
116 589
122 558
123 173
134 417
139 384
140 389
145 370
148 141
152 540
156 671
158 178
161 526
165 71
170 459
172 124
173 252
177 207
181 301
182 375
183 383
187 194
190 304
191 408
200 300
201 317
216 480
218 193
221 450
223 686
227 275
231 290
234 346
236 192
244 232
245 217
247 454
258 177
259 289
263 265
265 288
269 486
270 677
278 261
279 323
291 287
294 413
298 260
301 603
303 277
304 532
307 772
319 340
321 497
336 310
339 827
342 434
348 525
351 339
353 458
359 240
365 330
379 309
380 349
389 264
391 365
394 281
395 353
396 354
397 415
411 267
423 369
424 402
432 412
442 647
449 479
453 328
458 501
459 521
461 382
470 397
471 407
480 425
487 452
488 449
494 559
496 272
501 428
520 396
521 475
523 664
529 466
531 834
539 665
541 847
546 618
552 363
557 703
576 362
577 395
579 699
586 495
588 500
589 507
590 659
592 368
598 361
600 420
601 432
602 474
603 478
604 546
617 578
620 880
626 1072
628 394
629 440
633 854
643 358
645 565
647 908
648 445
649 469
652 917
659 613
660 868
661 1071
662 506
663 520
667 984
676 424
677 444
682 602
686 439
691 616
693 448
694 516
697 601
707 542
708 721
713 714
716 755
720 940
723 572
724 588
726 427
731 568
737 571
753 953
754 961
755 965
758 539
759 567
762 512
765 864
767 952
770 594
773 744
775 947
776 564
779 623
780 780
782 468
785 938
786 381
787 488
789 593
794 494
795 544
797 637
799 689
805 937
806 1095
807 1099
811 624
814 511
816 946
817 493
821 607
824 477
825 873
826 936
827 484
839 776
844 552
846 669
851 935
858 824
860 627
862 1148
863 491
864 551
869 1138
870 622
871 951
872 492
873 504
874 538
875 570
876 592
877 697
878 726
881 563
883 654
886 713
887 733
889 615
894 950
896 1159
899 556
903 591
914 989
916 678
922 907
925 720
926 761
931 668
932 719
933 793
935 632
939 811
949 725
951 1098
960 737
964 818
969 587
970 995
975 696
977 750
984 663
985 667
990 518
991 612
994 807
997 641
1000 702
1006 741
1008 769
1009 636
1012 688
1014 732
1015 1097
1017 819
1019 536
1020 635
1025 832
1027 879
1029 1011
1031 662
1037 684
1041 749
1045 1056
1048 708
1053 600
1054 656
1059 836
1064 657
1070 643
1075 1025
1083 1092
1086 582
1088 631
1089 740
1090 816
1091 676
1094 830
1103 1032
1105 798
1107 823
1112 682
1113 683
1116 757
1122 784
1125 1226
1127 775
1128 806
1132 1133
1135 728
1136 778
1149 675
1152 768
1154 801
1156 1070
1160 1074
1175 701
1182 716
1184 846
1192 718
1197 897
1201 1301
1205 767
1208 1112
1211 756
1214 1096
1216 760
1217 838
1220 1205
1221 1311
1224 700
1227 886
1229 1326
1230 739
1232 1111
1233 1276
1238 788
1239 1127
1252 1102
1257 863
1258 878
1260 1200
1261 754
1278 1010
1281 1236
1287 842
1289 851
1293 1267
1296 1368
1297 734
1299 901
1304 934
1313 1382
1315 841
1316 922
1317 949
1319 980
1320 1077
1321 1142
1323 896
1329 877
1331 933
1333 1248
1334 1281
1344 1019
1351 994
1353 1005
1354 1001
1362 921
1368 892
1373 893
1374 1045
1378 1018
1380 1055
1385 876
1392 932
1393 976
1395 1367
1396 1435
1403 875
1404 1017
1405 1073
1407 1126
1408 1332
1411 1060
1417 1004
1424 1009
1432 840
1434 1141
1438 1080
1443 1244
1449 1036
1450 1031
1451 1059
1456 964
1457 1008
1460 1461
1462 1521
1464 1050
1465 1135
1470 1409
1471 1450
1474 1116
1479 1035
1481 845
1488 1314
1502 987
1506 1531
1511 895
1513 986
1518 1537
1521 1274
1531 1132
1532 1175
1547 997
1548 1441
1550 1213
1560 1228
1566 1065
1574 1265
1576 1541
1588 1157
1593 1007
1601 1085
1602 1447
1603 1551
1604 1558
1605 1564
1609 1109
1614 1448
1618 1034
1619 1044
1624 1155
1627 1596
1633 1136
1636 1134
1637 1186
1639 1381
1640 1477
1642 1030
1643 1058
1651 1173
1652 1331
1659 1576
1665 1084
1667 1360
1674 1470
1679 1283
1682 1131
1686 1318
1695 1165
1698 1195
1699 1389
1702 1329
1709 1243
1715 1108
1721 1513
1727 1563
1728 1571
1731 1220
1737 1101
1740 1696
1750 1629
1752 1171
1755 1273
1760 1282
1765 1288
1778 1482
1781 1189
1782 1209
1783 1241
1784 1258
1787 1562
1788 1648
1800 1359
1802 1545
1810 1507
1815 1355
1817 1115
1818 1183
1828 1665
1835 1476
1837 1106
1849 1769
1854 1194
1861 1272
1871 1377
1875 1686
1879 1231
1881 1242
1885 1796
1895 1233
1899 1481
1900 1128
1904 1412
1907 1144
1911 1638
1913 1208
1918 1522
1920 1707
1923 1240
1926 1475
1927 1626
1928 1663
1932 1202
1945 1405
1946 1561
1948 1247
1949 1727
1959 1185
1963 1543
1965 1287
1971 1354
1974 1758
1976 1295
1979 1733
1980 1848
1986 1416
1993 1428
2004 1659
2009 1188
2011 1628
2016 1400
2017 1456
2021 1212
2028 1255
2032 1606
2039 1342
2043 1317
2046 1235
2053 1250
2057 1633
2060 1286
2067 1211
2072 1387
2081 1350
2083 1807
2086 1376
2094 1246
2102 1349
2106 1285
2108 1348
2113 1253
2114 1280
2119 1492
2120 1540
2122 1828
2132 1264
2140 1365
2141 1366
2142 1950
2145 1519
2146 1650
2152 1835
2168 1449
2176 1334
2181 1853
2183 1399
2184 1647
2187 1420
2189 1550
2190 1642
2191 1802
2192 1538
2196 1373
2198 1605
2204 1560
2205 1680
2206 1341
2207 1408
2208 1455
2209 1539
2216 1512
2220 1896
2225 1569
2229 1946
2233 1591
2237 1391
2245 1705
2251 1846
2259 1488
2267 1548
2276 1574
2278 1805
2279 1823
2283 1726
2286 1491
2288 1581
2289 1867
2290 1938
2291 2000
2293 1310
2294 1330
2302 1937
2306 1600
2312 1413
2314 1893
2319 1440
2321 1535
2324 1858
2325 1892
2332 1487
2335 1745
2339 1556
2345 1910
2349 1504
2353 1340
2357 1840
2359 1975
2360 2050
2361 1339
2362 1424
2370 1611
2373 1580
2377 1480
2381 1777
2388 1434
2390 1529
2400 1768
2401 1364
2429 1445
2433 1845
2440 1676
2441 1789
2449 1804
2457 1474
2459 1820
2460 1874
2465 1579
2470 1515
2479 1518
2481 1667
2485 1878
2489 1895
2490 1918
2491 2040
2493 1510
2496 2124
2498 1882
2502 1798
2504 1672
2522 1954
2525 1410
2536 2135
2537 1453
2541 1900
2542 2086
2546 1795
2556 1844
2562 1761
2565 1671
2567 1775
2571 2141
2578 1625
2587 1995
2588 2071
2596 1781
2598 1891
2603 1866
2608 1899
2612 1517
2618 1794
2620 2152
2622 1675
2625 1873
2635 1767
2636 2151
2644 2170
2652 2079
2656 1898
2667 2136
2669 1749
2670 1817
2671 1877
2673 1674
2675 1917
2681 2108
2685 2194
2693 1526
2694 1698
2695 1743
2706 2139
2708 1715
2713 1609
2714 1615
2718 1931
2724 2164
2742 1725
2746 1793
2748 1985
2749 2119
2766 1754
2771 1916
2773 1732
2779 1907
2782 1688
2786 2029
2788 1682
2789 1889
2794 1772
2802 1792
2809 1964
2812 1833
2816 2085
2817 1788
2819 1691
2820 1800
2821 1811
2822 2100
2827 2265
2829 1760
2835 1774
2841 1832
2845 1909
2849 2294
2857 1719
2859 1784
2860 2239
2865 1827
2866 1857
2879 1881
2893 1826
2894 1854
2922 1803
2924 1742
2925 1839
2940 2364
2954 1894
2977 1825
2979 1935
2981 1989
2991 1838
3000 1852
3005 2011
3019 1824
3022 2025
3024 2174
3025 2177
3057 2173
3064 2195
3065 2211
3090 1994
3092 2348
3097 2095
3098 2102
3123 2255
3130 1988
3134 2091
3135 2144
3140 2034
3168 2271
3170 1934
3178 1971
3187 2424
3192 2048
3224 2307
3226 1922
3246 2398
3250 2266
3258 2031
3272 2392
3282 2379
3287 2099
3291 2188
3311 2150
3312 2347
3317 2180
3322 2264
3346 2346
3349 2098
3371 2192
3383 2330
3384 2043
3405 2293
3411 2257
3418 2278
3423 2326
3426 2191
3429 2368
3436 2371
3441 2375
3443 2205
3444 2286
3462 2312
3464 2332
3465 2345
3467 2367
