f_0082670.png f_0082702.png
9 188
11 193
19 216
21 176
24 222
25 197
26 211
30 207
32 224
37 251
38 239
39 225
47 187
48 233
64 221
66 249
68 227
76 208
79 247
85 272
86 200
88 252
89 264
91 226
93 245
103 321
104 277
106 258
116 291
117 271
122 237
134 274
139 311
140 312
142 310
155 263
161 337
177 276
185 309
189 338
193 273
196 305
197 319
201 406
204 331
207 318
219 287
220 373
222 374
223 396
225 389
228 325
229 330
236 401
238 395
242 306
244 324
247 418
252 387
257 372
263 425
266 340
272 435
273 323
275 415
277 360
283 371
293 453
297 458
298 454
299 364
300 427
304 379
309 365
311 393
315 433
316 443
321 357
322 461
326 398
329 465
330 328
331 411
332 404
333 416
335 446
337 471
342 423
343 424
344 456
355 469
362 489
364 464
368 485
370 498
380 497
381 502
385 526
386 509
388 513
390 508
403 523
404 543
413 527
414 462
417 532
421 531
422 559
423 479
424 476
427 492
434 506
438 554
445 555
448 583
456 468
459 504
468 549
469 573
479 529
482 580
484 569
487 541
488 558
493 495
496 578
508 561
512 618
514 535
519 601
520 516
522 600
527 612
530 614
537 611
538 615
542 534
545 623
555 647
556 628
559 566
564 646
569 654
570 701
571 641
575 571
577 625
582 575
588 591
592 661
595 595
596 617
601 637
603 700
614 609
616 696
627 690
630 707
635 716
636 723
640 624
643 706
648 635
654 660
655 650
656 651
657 726
663 742
665 752
673 687
682 769
685 681
686 686
690 639
693 751
696 768
700 674
702 689
703 722
704 676
705 703
707 783
708 704
711 794
712 781
713 663
716 759
719 797
721 782
722 656
728 720
729 804
739 818
742 763
744 807
745 702
747 830
748 728
750 729
752 714
755 817
756 829
759 848
764 762
765 841
766 754
769 835
770 732
775 816
779 854
780 773
788 776
789 861
790 876
791 879
794 827
797 877
798 878
800 813
802 814
803 815
806 833
807 838
812 869
814 753
816 889
817 894
822 825
832 824
834 897
836 885
837 790
839 867
841 811
846 812
847 884
848 915
849 920
855 806
863 921
866 823
867 796
868 820
875 819
881 947
882 931
886 873
889 936
898 906
899 913
903 857
905 888
907 973
918 981
919 883
930 980
931 989
936 988
937 895
941 1019
945 979
946 1015
955 969
957 972
958 999
959 1000
962 918
966 1014
968 949
972 912
976 904
978 928
979 994
980 1013
982 1024
986 995
987 1023
988 1018
990 1035
995 1022
1003 933
1005 1008
1007 1012
1015 1071
1019 1021
1020 1068
1026 961
1028 1062
1031 1004
1032 1011
1036 1080
1037 951
1043 971
1049 1005
1050 1064
1053 1053
1059 1003
1064 1052
1072 1051
1073 1074
1077 1122
1081 1010
1083 1117
1089 985
1090 1020
1093 1049
1094 1102
1096 1133
1097 1157
1105 1156
1109 1047
1113 1127
1115 1067
1118 1139
1121 1147
1126 1154
1128 1090
1130 1057
1137 1109
1140 1056
1141 1131
1143 1189
1145 1086
1146 1101
1148 1171
1152 1078
1153 1107
1154 1108
1158 1152
1159 1153
1162 1135
1163 1214
1172 1130
1173 1077
1176 1249
1182 1106
1183 1185
1184 1209
1186 1204
1191 1151
1192 1234
1196 1212
1197 1254
1201 1231
1202 1136
1203 1159
1204 1167
1206 1203
1207 1198
1208 1225
1209 1129
1211 1149
1213 1175
1214 1197
1215 1241
1218 1137
1219 1146
1220 1226
1227 1208
1228 1211
1229 1164
1235 1238
1237 1166
1238 1196
1242 1291
1243 1174
1244 1201
1250 1316
1251 1191
1255 1247
1259 1252
1260 1240
1261 1272
1264 1315
1265 1246
1266 1207
1267 1260
1275 1210
1277 1269
1283 1259
1284 1270
1286 1190
1290 1334
1292 1206
1298 1283
1302 1271
1303 1217
1304 1277
1306 1308
1309 1239
1316 1305
1317 1237
1318 1244
1321 1294
1328 1325
1331 1289
1332 1300
1337 1292
1339 1307
1342 1354
1344 1276
1346 1338
1349 1349
1350 1422
1352 1342
1353 1358
1354 1287
1357 1321
1360 1382
1363 1361
1365 1404
1369 1420
1379 1274
1380 1275
1381 1313
1383 1320
1384 1360
1386 1373
1387 1393
1390 1353
1391 1379
1394 1318
1403 1329
1404 1340
1411 1348
1412 1341
1413 1356
1421 1312
1422 1332
1427 1317
1428 1370
1430 1401
1432 1304
1437 1339
1438 1369
1442 1386
1443 1412
1445 1442
1449 1429
1450 1391
1451 1371
1452 1411
1455 1378
1458 1351
1463 1470
1468 1368
1470 1392
1475 1481
1479 1491
1480 1336
1483 1398
1485 1399
1489 1324
1491 1434
1492 1377
1493 1433
1496 1414
1498 1438
1506 1468
1509 1409
1511 1457
1512 1459
1516 1488
1526 1437
1535 1456
1537 1542
1539 1402
1541 1472
1542 1479
1544 1455
1545 1486
1546 1527
1550 1436
1551 1483
1559 1406
1563 1496
1570 1485
1571 1500
1574 1499
1579 1494
1590 1512
1598 1478
1600 1522
1601 1538
1602 1509
1604 1511
1607 1539
1615 1557
1616 1604
1617 1536
1618 1537
1619 1523
1623 1453
1630 1462
1631 1530
1633 1551
1639 1544
1641 1569
1642 1444
1643 1476
1646 1559
1657 1560
1658 1556
1667 1568
1669 1597
1674 1503
1676 1493
1680 1529
1683 1624
1685 1567
1687 1586
1689 1600
1694 1587
1703 1622
1705 1653
1709 1564
1710 1553
1712 1590
1713 1628
1718 1547
1723 1610
1727 1621
1728 1655
1734 1629
1737 1642
1740 1657
1741 1673
1746 1577
1748 1620
1749 1666
1760 1627
1763 1641
1764 1643
1767 1651
1770 1646
1771 1584
1778 1599
1779 1670
1780 1664
1784 1571
1787 1702
1801 1709
1804 1607
1808 1698
1809 1695
1811 1689
1812 1583
1824 1686
1830 1626
1832 1700
1834 1618
1835 1694
1839 1710
1840 1721
1852 1705
1854 1711
1856 1649
1862 1637
1871 1787
1872 1625
1878 1746
1881 1725
1884 1759
1887 1660
1891 1680
1894 1766
1897 1731
1899 1697
1900 1745
1901 1737
1903 1742
1904 1747
1906 1648
1907 1679
1908 1728
1919 1754
1921 1741
1925 1757
1935 1756
1940 1773
1943 1776
1944 1783
1951 1772
1953 1800
1955 1777
1956 1778
1963 1715
1964 1736
1965 1782
1969 1775
1972 1784
1973 1797
1976 1828
1978 1790
1981 1805
1983 1839
1986 1804
1987 1871
1988 1770
1991 1789
1992 1816
1997 1837
1998 1817
1999 1822
2005 1738
2007 1820
2011 1753
2013 1827
2014 1829
2015 1844
2023 1836
2025 1834
2031 1843
2036 1750
2043 1762
2049 1858
2050 1850
2057 1768
2058 1788
2063 1863
2067 1870
2089 1815
2093 1873
2097 1809
2103 1825
2104 1803
2112 1885
2115 1826
2118 1842
2120 1832
2130 1853
2143 1908
2144 1909
2145 1913
2156 1937
2158 1973
2164 1952
2173 1868
2181 1889
2187 1949
2190 1899
2195 1898
2196 1920
2200 1894
2209 1897
2222 1943
2229 1928
2230 1916
2235 2011
2251 1930
2254 1919
2257 1992
2258 2018
2264 1946
2280 1932
2300 1953
2306 1956
2314 1981
2321 2003
2328 1968
2336 2004
2341 1998
2343 2044
2347 2046
2351 2023
2353 1997
2361 2028
2363 2081
2365 2060
2372 2040
2395 2050
2410 2098
2420 2106
2423 2085
2427 2093
2433 2133
2441 2128
2453 2071
2463 2057
2472 2153
2483 2112
2491 2089
2536 2108
2549 2101
2560 2100
2573 2202
2587 2132
2589 2122
2590 2127
2595 2162
2615 2161
2640 2145
2663 2178
2667 2194
2670 2126
2672 2188
2706 2313
2707 2318
2715 2192
2716 2193
2752 2342
2758 2282
2762 2211
2771 2148
2774 2159
2789 2199
2799 2273
2803 2352
2832 2397
2835 2256
2848 2288
2849 2298
2850 2330
