f_0082724.png f_0082776.png
218 34
274 8
317 53
322 40
327 123
345 47
367 86
368 68
370 69
379 21
386 41
406 170
419 109
425 132
427 7
435 104
450 168
455 336
457 196
467 188
469 198
476 113
482 216
483 260
493 237
494 212
502 220
518 202
523 176
530 304
536 265
545 230
551 355
552 271
562 349
566 213
572 353
591 294
593 370
594 363
604 401
605 408
609 476
610 394
626 201
627 451
628 416
630 403
647 117
663 346
665 305
668 518
669 448
670 385
675 427
676 312
681 500
683 419
687 481
689 137
691 489
693 322
694 517
697 279
698 203
700 507
701 484
703 514
704 524
715 550
719 597
747 576
760 628
761 593
768 584
774 421
778 641
783 611
785 496
790 314
792 656
803 687
809 671
811 684
812 651
817 692
837 719
838 708
845 699
847 705
851 754
859 744
862 700
865 743
866 746
868 694
871 745
886 763
887 712
889 620
920 790
921 784
922 768
927 783
928 779
929 777
931 835
937 824
938 791
939 841
941 797
942 807
947 816
957 837
959 826
968 825
972 857
992 867
1001 855
1004 868
1009 865
1014 851
1022 879
1039 912
1044 924
1045 891
1059 946
1071 977
1073 937
1105 661
1108 1041
1109 1022
1116 883
1120 983
1121 988
1126 920
1128 1005
1129 984
1137 1025
1144 965
1154 1059
1163 713
1165 1026
1168 1045
1169 1047
1170 1029
1175 1088
1176 1082
1181 1124
1184 1064
1194 1123
1211 1125
1217 1099
1218 1105
1232 1145
1240 1106
1255 1116
1259 997
1268 1164
1284 1150
1286 1208
1305 1171
1306 1201
1309 1215
1313 1172
1319 1139
1320 1158
1326 1179
1336 1252
1338 1188
1341 1057
1345 1178
1348 1240
1356 1286
1360 1290
1361 1254
1385 1214
1388 1108
1391 1331
1398 1314
1400 1373
1401 1255
1413 1327
1418 1257
1424 1353
1435 1376
1446 1409
1450 1413
1464 1391
1475 1412
1501 1259
1504 1435
1517 1475
1518 1450
1525 1451
1541 1503
1542 1491
1552 1399
1556 1521
1560 1479
1568 1533
1571 1554
1572 1508
1588 1425
1590 1579
1598 1596
1602 1528
1605 1426
1626 1593
1633 1612
1650 1598
1654 1564
1682 1649
1684 1685
1685 1641
1723 1646
1760 1667
1779 1801
1815 1824
1835 1745
1866 1784
1878 1735
1887 1819
1923 1869
1987 1947
2044 1887
2072 2080
2086 2108
2146 2224
2154 2184
2187 2219
2189 2187
2201 2211
2207 2193
2219 1989
2226 2287
2240 2313
2252 2051
2257 2283
2272 2297
2282 2364
2287 2318
2297 2129
2304 2195
2310 2360
2331 2372
2335 2328
2341 2425
2342 2383
2359 2448
2364 2392
2365 2350
2366 2352
2374 2453
2375 2280
2378 2446
2402 2418
2407 2511
2412 2487
2445 2514
2454 2521
2463 2539
2470 2549
2481 2467
2508 2597
2524 2644
2532 2602
2537 2605
2549 2625
2577 2387
2583 2642
2596 2637
2600 2556
2616 2681
