f_0082942.png f_0082946.png
5 3
6 23
9 34
10 25
17 46
20 39
23 29
29 59
33 60
35 62
39 71
46 68
51 75
53 105
54 77
55 88
57 87
60 96
61 86
68 104
69 90
73 72
76 102
77 106
80 99
91 135
97 103
98 118
101 127
103 120
105 114
109 142
111 121
112 119
116 133
118 148
119 151
123 136
124 131
126 140
128 160
131 166
134 183
137 152
144 194
151 165
154 180
158 171
164 206
169 176
170 181
171 200
176 179
177 188
178 184
182 205
184 228
189 195
192 193
193 214
201 213
202 192
203 217
204 218
217 208
218 202
220 225
221 227
224 236
225 254
230 238
231 265
233 222
245 241
256 262
261 263
265 253
267 301
273 267
275 303
277 289
280 275
282 283
284 268
291 284
293 277
297 309
298 281
302 317
306 315
311 338
312 321
313 346
320 296
326 357
329 299
331 314
332 316
333 339
334 366
335 308
336 343
337 305
345 298
347 342
350 337
354 329
358 341
359 312
360 353
362 364
365 347
371 385
377 387
378 354
380 374
383 356
390 379
392 397
393 375
394 378
396 389
397 367
399 410
400 411
401 388
402 406
414 421
415 405
417 401
418 396
419 454
421 414
422 428
429 449
430 470
434 438
437 471
439 425
440 450
443 431
450 452
453 446
457 489
458 412
459 458
463 442
464 486
479 494
482 483
483 468
484 485
485 445
488 476
490 478
497 479
498 542
499 519
500 524
505 506
507 488
510 510
512 505
517 529
518 533
519 509
521 492
525 517
529 522
533 498
534 570
535 540
537 555
541 526
542 515
550 549
553 543
555 550
557 569
562 544
564 575
570 599
571 558
572 576
573 587
575 611
580 573
586 597
591 595
592 591
595 600
596 609
597 598
599 594
601 641
605 616
606 638
613 612
615 644
616 608
620 618
621 631
622 605
624 636
625 619
626 623
629 656
631 628
633 632
634 650
640 655
641 640
642 664
643 679
648 630
649 648
652 653
653 645
654 646
656 680
657 674
661 699
664 673
669 671
670 678
671 701
672 709
674 667
681 666
683 669
684 686
685 688
688 681
689 651
693 707
694 676
702 662
704 743
705 702
706 716
707 661
708 714
709 715
712 677
714 717
716 713
720 761
725 745
734 742
741 722
746 727
750 711
751 720
754 750
764 746
765 736
767 757
771 759
772 768
780 734
781 779
786 801
789 788
794 785
797 771
802 805
803 825
804 826
806 827
807 792
808 816
809 817
812 776
815 850
816 812
819 824
821 806
824 810
830 822
831 831
832 859
834 838
836 860
838 840
840 854
844 843
847 867
850 821
857 873
858 846
859 862
864 879
867 869
869 864
875 907
877 884
880 893
881 887
882 923
886 906
892 876
893 911
896 910
897 916
899 892
900 921
901 894
904 908
906 939
907 888
911 913
912 928
918 925
919 912
922 947
923 953
924 943
925 964
928 937
933 950
934 954
939 957
943 968
946 965
952 969
953 971
954 973
956 966
957 970
958 983
959 996
961 967
964 994
965 974
967 999
968 1003
969 1010
973 1001
974 1017
978 1009
981 1032
985 1002
988 1031
992 1033
995 1022
996 1039
997 1047
1002 1013
1003 1053
1004 1059
1007 1029
1009 1065
1015 1080
1016 1058
1024 1063
1025 1064
1026 1066
1027 1082
1028 1070
1029 1090
1030 1074
1031 1098
1032 1095
1034 1077
1035 1092
1037 1081
1040 1067
1043 1076
1044 1061
1050 1062
1051 1108
1052 1072
1055 1111
1059 1087
1063 1112
1064 1104
1065 1094
1067 1116
1068 1153
1069 1109
1071 1100
1074 1101
1075 1102
1077 1123
1079 1096
1081 1120
1084 1121
1088 1134
1090 1133
1091 1148
1093 1141
1095 1122
1098 1137
1101 1165
1106 1160
1107 1147
1114 1155
1115 1174
1119 1159
1120 1154
1121 1172
1124 1151
1125 1157
1127 1171
1132 1195
1134 1162
1135 1164
1136 1176
1152 1192
1154 1188
1157 1177
1161 1197
1163 1183
1164 1218
1166 1215
1167 1184
1173 1190
1178 1189
1180 1212
1182 1234
1184 1219
1187 1233
1189 1211
1190 1206
1193 1217
1199 1216
1202 1213
1206 1226
1214 1223
1218 1249
1219 1239
1223 1238
1227 1268
1230 1253
1234 1288
1235 1273
1239 1266
1240 1259
1241 1271
1249 1270
1252 1293
1254 1300
1258 1282
1260 1289
1267 1313
1272 1281
1274 1299
1279 1306
1280 1317
1283 1315
1286 1322
1287 1318
1289 1308
1297 1304
1301 1312
1303 1324
1306 1329
1311 1328
1313 1333
1318 1354
1322 1367
1324 1331
1328 1347
1330 1342
1332 1339
1337 1362
1338 1366
1342 1348
1343 1353
1349 1359
1350 1378
1352 1363
1358 1383
1360 1379
1362 1358
1364 1369
1366 1381
1369 1372
1372 1376
1379 1377
1382 1416
1387 1412
1393 1414
1396 1428
1399 1418
1408 1427
1412 1426
1414 1430
1415 1437
1422 1436
1426 1432
1434 1463
1444 1459
1448 1467
1449 1458
1452 1448
1453 1439
1461 1461
1462 1482
1465 1483
1466 1454
1471 1499
1472 1495
1480 1489
1484 1493
1489 1485
1492 1511
1498 1500
1500 1503
1501 1519
1504 1527
1506 1529
1512 1521
1513 1577
1518 1508
1519 1535
1522 1526
1523 1506
1524 1541
1526 1517
1527 1531
1528 1554
1533 1551
1535 1556
1540 1555
1541 1536
1542 1575
1545 1581
1547 1564
1553 1582
1557 1565
1561 1562
1565 1599
1566 1590
1567 1567
1568 1572
1569 1583
1572 1611
1573 1586
1575 1605
1577 1558
1589 1559
1592 1624
1594 1631
1600 1622
1601 1609
1602 1628
1603 1632
1604 1642
1612 1637
1613 1639
1620 1598
1621 1615
1622 1616
1624 1678
1625 1652
1630 1625
1631 1662
1632 1633
1636 1671
1642 1658
1643 1659
1646 1653
1649 1686
1662 1692
1666 1703
1668 1725
1676 1680
1679 1707
1681 1684
1682 1693
1684 1721
1686 1691
1692 1685
1693 1688
1698 1729
1699 1723
1701 1734
1708 1736
1709 1732
1710 1733
1715 1727
1717 1741
1718 1738
1719 1730
1723 1751
1729 1758
1736 1746
1740 1752
1742 1740
1744 1745
1745 1761
1746 1750
1747 1756
1752 1753
1758 1777
1761 1754
1762 1776
1767 1749
1775 1778
1794 1792
1797 1794
1799 1775
1809 1829
1812 1807
1814 1805
1816 1823
1825 1838
1833 1826
1838 1821
1840 1836
1843 1837
1847 1815
1856 1825
1858 1839
1859 1843
1870 1871
1871 1864
1878 1859
1879 1889
1883 1852
1885 1876
1891 1868
1892 1888
1893 1913
1906 1920
1909 1873
1913 1910
1914 1895
1917 1891
1920 1916
1921 1926
1938 1954
1943 1975
1945 1974
1956 1956
1959 1973
1964 2012
1965 1927
1966 1936
1973 1989
1977 1994
1997 2010
1998 2019
2007 2000
2013 2016
2014 2037
2018 2046
2021 2093
2023 2034
2026 2072
2027 2075
2028 1999
2032 2076
2033 2062
2039 2051
2041 2069
2043 2105
2044 2061
2045 2036
2051 2071
2053 2041
2055 2130
2058 2074
2063 2079
2064 2085
2065 2087
2074 2145
2075 2129
2079 2078
2080 2084
2081 2117
2082 2112
2083 2106
2087 2157
2088 2118
2091 2158
2093 2113
2094 2149
2095 2138
2097 2137
2101 2128
2103 2177
2105 2120
2107 2103
2108 2116
2110 2156
2111 2135
2115 2126
2117 2141
2120 2146
2126 2160
2128 2178
2129 2167
2132 2144
2133 2172
2146 2171
2149 2147
2150 2148
2151 2185
2152 2168
2153 2170
2158 2181
2160 2223
2162 2216
2163 2175
2164 2194
2165 2182
2176 2207
2179 2219
2184 2184
2188 2242
2189 2208
2190 2233
2192 2246
2197 2209
2200 2234
2203 2187
2207 2232
2209 2241
2211 2201
2213 2206
2224 2243
2230 2259
2233 2272
2245 2266
2246 2251
2247 2271
2248 2286
2253 2263
2255 2281
2256 2285
2258 2274
2261 2280
2262 2299
2269 2277
2277 2279
2279 2300
2280 2315
2281 2289
2284 2307
2285 2318
2286 2325
2288 2294
2292 2260
2297 2353
2303 2284
2305 2331
2306 2359
2323 2336
2328 2363
2329 2309
2338 2330
2340 2357
2348 2356
2360 2390
2364 2355
2369 2317
2372 2370
2378 2377
2386 2362
2388 2379
2390 2393
2394 2411
2395 2423
2396 2387
2397 2419
2405 2444
2407 2340
2412 2407
2414 2406
2421 2453
2431 2432
2437 2350
2442 2433
2445 2413
2448 2441
2449 2501
2453 2557
2463 2451
2464 2487
2468 2457
2469 2440
2475 2422
2476 2430
2479 2458
2485 2519
2487 2427
2491 2488
2492 2502
2498 2456
2505 2483
2509 2443
2514 2454
2515 2470
2519 2460
2523 2477
2524 2474
2525 2466
2529 2421
2532 2464
2539 2521
2545 2475
2554 2527
2555 2446
2556 2476
2563 2523
2567 2544
2573 2479
2578 2504
2580 2550
2585 2526
2586 2528
2587 2549
2588 2543
2589 2529
2592 2517
2603 2546
2608 2585
2614 2564
2620 2515
2628 2561
2637 2588
2641 2522
2650 2599
2656 2600
2672 2652
2676 2602
2683 2720
2691 2623
2693 2634
2695 2642
2698 2587
2699 2633
2707 2681
2708 2661
2709 2636
2716 2682
2718 2723
2719 2719
2720 2843
2729 2657
2747 2738
2749 2662
2751 2705
2752 2683
2755 2714
2769 2696
2772 2704
2782 2677
2788 2701
2799 2735
2809 2734
2810 2766
2826 2772
2832 2724
2834 2771
2841 2808
2843 2746
2845 2767
2850 2711
2851 2733
2861 2756
2866 2754
2867 2779
2869 2748
2872 2821
2882 2794
2884 2743
2887 2799
2891 2852
2903 2744
2907 2921
2909 2813
2913 2731
2916 2769
2927 2805
2930 2873
2937 2752
2948 2841
2949 2956
2951 2796
2959 2811
2962 2865
2964 2856
2967 2924
2973 2802
2989 2861
2992 2819
3004 2933
3006 2838
3011 2930
3027 2871
3031 2874
3033 2965
3042 2864
3045 2900
3048 2889
3070 2946
3086 2977
3087 2964
3092 2890
3094 2976
3100 3015
3101 2934
3105 3000
3111 2957
3115 2988
3118 2952
3119 2962
3124 2938
3127 3078
3139 3040
3145 3005
3149 3113
3150 2998
3152 3032
3163 3088
3172 3029
3177 3188
3179 3030
3182 3050
3187 3135
3190 3074
3200 3091
3202 3054
3203 3055
3204 3082
3208 3097
3212 3171
