f_0082492.png f_0082518.png
0 5
26 15
63 6
69 2
81 14
86 41
95 33
98 25
101 11
105 3
111 34
119 9
120 23
126 20
128 22
138 26
146 44
147 39
154 47
159 62
162 76
168 60
172 54
174 52
178 48
186 51
188 35
200 53
201 63
211 71
216 74
219 75
221 80
222 100
224 73
226 116
230 93
241 110
251 113
257 130
259 97
262 129
266 101
271 79
273 102
278 112
279 109
280 96
286 114
288 117
303 119
306 127
323 142
325 111
326 134
327 141
329 120
333 140
342 174
349 170
352 135
358 139
371 161
375 156
384 162
389 173
399 155
404 172
406 163
414 203
416 217
424 176
425 179
440 185
447 189
448 197
449 206
451 194
454 193
456 186
457 220
469 230
480 224
496 234
497 235
498 232
499 228
503 218
525 253
526 233
527 259
535 254
537 252
540 244
541 257
551 303
554 277
562 272
564 275
570 269
574 261
576 281
579 301
584 295
586 291
588 290
590 285
592 323
594 280
598 302
609 297
619 321
621 306
630 317
638 318
647 326
653 294
659 348
661 322
662 330
670 333
672 335
679 345
685 346
688 339
693 325
703 350
706 351
709 354
711 336
713 390
733 371
737 375
738 359
740 362
741 391
742 367
743 373
744 376
746 399
763 388
765 379
778 404
779 378
807 423
809 397
815 401
819 426
822 414
824 424
829 431
837 411
844 448
845 430
850 442
855 428
856 429
857 468
867 452
868 434
880 479
886 460
890 471
892 462
893 458
899 480
901 478
910 483
936 492
944 493
945 482
946 512
947 513
948 489
953 505
957 518
961 496
964 502
969 487
972 497
979 510
982 520
984 503
985 495
989 515
992 533
1000 541
1002 529
1005 527
1007 537
1015 539
1017 536
1018 516
1020 547
1024 540
1026 538
1027 544
1030 557
1031 545
1032 498
1037 561
1049 566
1059 553
1062 563
1072 572
1075 577
1078 554
1080 592
1088 549
1091 588
1093 574
1096 578
1098 587
1101 597
1103 560
1110 569
1124 613
1126 581
1129 590
1135 598
1136 609
1140 584
1141 600
1155 640
1156 602
1157 610
1160 636
1171 635
1175 629
1176 595
1177 633
1178 630
1188 623
1191 647
1194 638
1198 637
1203 644
1205 619
1211 653
1217 649
1220 639
1222 645
1227 651
1234 662
1246 664
1248 655
1255 658
1257 666
1268 668
1283 669
1290 672
1298 698
1301 688
1302 689
1312 694
1319 687
1334 699
1336 702
1358 704
1359 705
1361 710
1370 744
1372 731
1376 697
1381 708
1388 733
1389 735
1390 725
1392 714
1393 715
1394 711
1399 726
1400 716
1408 727
1415 719
1417 740
1421 754
1429 741
1436 703
1441 778
1445 767
1453 770
1455 750
1464 751
1467 779
1468 771
1470 747
1476 775
1480 761
1485 769
1486 791
1494 792
1496 762
1498 818
1500 783
1501 808
1503 789
1514 807
1522 823
1525 813
1530 812
1532 810
1533 822
1534 809
1541 821
1550 842
1556 856
1558 896
1564 841
1566 830
1573 870
1580 861
1583 826
1591 838
1593 846
1595 854
1607 860
1610 864
1611 878
1615 850
1616 868
1622 881
1628 872
1633 875
1639 966
1647 898
1649 944
1658 876
1659 892
1660 906
1661 908
1671 887
1677 925
1678 919
1680 891
1687 937
1689 938
1695 907
1699 920
1703 950
1708 916
1709 941
1715 953
1725 940
1734 947
1736 951
1753 955
1755 932
1756 974
1759 956
1760 960
1813 983
1818 994
1830 1009
1833 993
1838 981
1844 1019
1854 1005
1856 1023
1858 1002
1862 1008
1867 1007
1869 1036
1875 1038
1876 1028
1880 1046
1883 1053
1886 1025
1893 1055
1895 1080
1896 1030
1901 1032
1902 1033
1907 1094
1913 1050
1915 1098
1919 1049
1924 1077
1925 1087
1930 1116
1933 1071
1938 1101
1940 1068
1941 1133
1945 1075
1951 1062
1955 1103
1958 1139
1960 1074
1961 1085
1963 1104
1969 1090
1987 1125
1988 1086
1990 1108
1991 1119
1992 1162
1994 1113
2004 1141
2008 1106
2010 1130
2015 1118
2016 1169
2017 1122
2023 1161
2024 1174
2030 1140
2035 1147
2038 1186
2043 1124
2050 1170
2051 1142
2052 1144
2055 1173
2064 1199
2069 1153
2071 1155
2076 1137
2077 1188
2082 1200
2084 1242
2090 1204
2100 1209
2103 1171
2111 1184
2112 1214
2119 1177
2120 1202
2121 1183
2122 1187
2125 1255
2140 1201
2154 1247
2160 1236
2165 1217
2177 1251
2181 1288
2184 1314
2193 1246
2197 1296
2199 1226
2202 1245
2213 1235
2216 1264
2220 1295
2223 1248
2240 1335
2246 1294
2250 1284
2254 1326
2257 1277
2258 1259
2263 1258
2267 1272
2272 1302
2274 1270
2275 1271
2281 1280
2290 1355
2298 1293
2303 1359
2306 1323
2317 1306
2324 1311
2327 1373
2347 1337
2359 1348
2365 1336
2376 1350
2382 1339
2385 1347
2388 1372
2390 1388
2393 1392
2398 1399
2401 1403
2402 1396
2409 1418
2413 1391
2415 1437
2421 1434
2426 1432
2441 1408
2442 1411
2443 1425
2444 1472
2448 1398
2455 1404
2457 1410
2460 1436
2464 1441
2471 1393
2475 1442
2478 1406
2481 1416
2486 1401
2487 1423
2495 1476
2504 1481
2505 1421
2509 1431
2510 1422
2521 1474
2522 1500
2535 1454
2539 1479
2541 1444
2546 1464
2550 1498
2555 1487
2561 1516
2563 1455
2565 1503
2568 1552
2569 1473
2571 1505
2573 1509
2574 1528
2578 1492
2582 1478
2594 1497
2595 1529
2602 1549
2606 1536
2609 1542
2618 1553
2620 1590
2623 1594
2628 1595
2631 1551
2635 1569
2638 1519
2639 1532
2658 1531
2661 1535
2665 1589
2666 1582
2668 1539
2670 1558
2672 1624
2676 1571
2677 1602
2688 1585
2690 1575
2695 1588
2696 1609
2706 1581
2708 1625
2710 1580
2714 1587
2721 1640
2722 1623
2724 1664
2729 1644
2732 1600
2735 1668
2739 1579
2742 1635
2743 1660
2749 1577
2754 1649
2757 1662
2758 1584
2768 1599
2775 1621
2776 1666
2780 1672
2790 1671
2792 1675
2796 1637
2797 1638
2802 1636
2807 1688
2815 1711
2816 1712
2820 1633
2829 1719
2834 1718
2838 1692
2840 1695
2851 1691
2861 1739
2864 1679
2865 1717
2875 1751
2881 1716
2885 1714
2886 1730
2890 1747
2902 1766
2903 1768
2908 1732
2923 1731
2930 1757
2937 1788
2940 1744
2942 1786
2946 1812
2951 1742
2953 1791
2956 1771
2957 1773
2960 1796
2961 1803
2973 1760
2974 1809
2977 1802
2979 1819
2980 1818
2988 1851
2989 1835
2990 1837
2995 1842
3002 1828
3012 1784
3028 1816
3030 1858
3054 1867
3057 1913
3065 1866
3067 1848
3068 1840
3071 1839
3092 1920
3094 1906
3095 1877
3103 1927
3105 1882
3112 1888
3117 1900
3119 1905
3126 1898
3135 1918
3147 1952
3154 1964
3163 1959
3171 1930
3172 1980
3175 1988
3177 1932
3191 2002
3208 2012
3230 2000
3234 1971
3236 2011
3237 2021
3248 2017
3252 2032
3259 2044
3270 2018
3298 2022
