f_0082952.png f_0082958.png
9 12
11 62
14 37
19 21
24 29
39 64
50 28
58 33
59 30
60 67
66 97
69 27
85 86
86 109
92 132
95 6
98 85
100 45
110 58
112 105
118 20
119 49
120 46
125 57
126 96
131 151
141 68
142 140
144 24
146 99
150 163
165 54
166 169
176 23
183 139
185 167
193 211
205 66
208 72
209 87
212 172
219 100
222 123
223 138
224 171
228 83
231 198
234 77
236 197
238 243
239 245
242 178
244 82
245 205
252 133
262 229
266 92
270 187
273 202
275 238
276 256
279 91
284 236
285 237
286 244
297 321
298 234
299 242
302 255
303 263
307 162
310 320
314 156
324 292
326 208
329 278
333 165
334 269
336 315
341 201
343 286
345 281
347 338
351 337
357 215
358 233
361 196
363 330
365 370
368 248
372 206
373 309
377 275
378 267
379 314
380 345
384 310
392 308
394 369
396 274
399 290
402 336
405 259
407 362
408 272
414 313
417 397
421 302
422 368
427 289
428 301
429 328
430 343
432 410
435 300
436 350
441 334
442 360
443 257
444 307
445 347
446 355
451 189
453 366
454 434
456 435
460 422
464 190
468 409
472 365
481 326
484 477
485 359
491 346
492 403
495 421
497 460
501 406
505 385
507 415
508 468
510 506
512 332
513 333
514 325
516 453
520 394
523 448
524 454
529 378
532 500
536 331
542 412
544 459
552 373
557 358
560 458
564 425
565 433
568 447
574 402
576 431
577 432
579 498
584 371
587 515
591 387
596 379
597 445
602 442
603 473
607 465
610 533
611 534
612 530
618 472
619 479
620 510
621 550
623 551
631 393
636 559
639 478
640 496
643 566
644 580
650 528
651 594
653 504
656 595
657 627
658 456
660 520
661 572
668 591
669 592
670 491
671 519
673 593
674 632
679 440
680 585
681 641
682 439
686 618
687 424
689 461
691 470
692 483
693 532
705 631
706 663
708 603
709 507
712 565
717 605
718 614
723 602
724 649
728 508
730 617
731 654
732 655
735 518
736 625
739 538
740 539
741 613
746 587
751 685
753 502
754 578
755 571
757 720
759 531
766 553
767 570
770 678
776 644
778 646
780 671
781 740
786 645
787 662
789 616
790 599
793 724
794 725
796 596
798 680
802 711
806 564
807 581
808 610
809 653
811 701
819 611
820 683
821 705
823 629
824 630
826 658
832 692
843 667
844 730
846 755
847 736
848 744
851 661
852 695
853 734
856 793
857 657
858 709
860 784
862 777
867 748
869 647
871 779
873 803
878 754
881 673
883 783
886 792
888 782
891 733
897 810
899 664
900 770
904 845
906 686
907 687
908 698
910 742
913 759
914 808
916 703
919 643
924 766
928 790
929 834
932 857
933 707
934 722
935 824
936 832
941 746
950 833
955 840
957 818
958 856
959 875
961 762
962 797
966 852
968 859
969 854
970 855
976 853
977 868
982 863
986 726
987 767
990 843
994 715
996 822
997 823
1005 864
1017 867
1018 872
1019 889
1021 714
1025 850
1028 885
1029 908
1031 917
1036 883
1040 910
1043 877
1044 816
1045 873
1046 888
1047 906
1050 957
1053 874
1054 907
1058 892
1062 926
1064 927
1066 921
1068 882
1069 924
1081 887
1086 961
1090 952
1094 933
1098 923
1101 920
1106 943
1108 966
1114 984
1116 954
1122 940
1123 948
1124 847
1125 980
1127 894
1129 880
1135 881
1136 959
1140 982
1141 960
1149 995
1150 861
1151 988
1154 919
1156 972
1161 947
1167 939
1170 1040
1172 985
1173 953
1179 971
1181 989
1182 987
1183 1048
1185 1039
1192 991
1194 1029
1196 1038
1203 1006
1205 1007
1206 1009
1210 973
1214 946
1215 942
1218 1080
1220 1019
1224 1046
1225 1066
1226 1093
1230 1005
1233 1035
1234 1044
1238 918
1240 1032
1241 1045
1243 1089
1244 981
1245 1018
1246 1060
1248 1023
1250 1120
1251 1115
1253 1028
1254 1034
1255 1064
1257 1106
1258 1098
1262 1119
1264 1151
1273 1065
1274 1097
1275 1137
1278 990
1279 1017
1281 1072
1282 1138
1285 1122
1287 1091
1288 1130
1289 1101
1290 1103
1293 1202
1295 1031
1297 1063
1301 1161
1302 1189
1303 1190
1304 1166
1309 1096
1310 1162
1311 1176
1313 1157
1314 1148
1316 1027
1317 1087
1320 1159
1324 1051
1325 1191
1328 1125
1331 1188
1335 1199
1338 1129
1339 1154
1341 1200
1344 1095
1350 1144
1351 1198
1355 1181
1358 1085
1359 1142
1360 1223
1362 1135
1367 1180
1369 1226
1370 1227
1372 1143
1376 1256
1379 1222
1382 1236
1391 1206
1392 1250
1394 1124
1400 1174
1405 1152
1406 1194
1407 1195
1412 1108
1414 1275
1415 1261
1422 1273
1425 1254
1426 1274
1427 1160
1433 1082
1436 1220
1437 1277
1438 1279
1440 1133
1450 1170
1453 1240
1457 1084
1459 1253
1464 1307
1466 1179
1467 1298
1468 1314
1475 1128
1478 1295
1484 1346
1485 1315
1488 1294
1489 1289
1490 1340
1494 1272
1495 1303
1497 1258
1499 1267
1501 1338
1504 1238
1507 1331
1508 1334
1509 1339
1511 1285
1512 1318
1516 1304
1518 1345
1530 1319
1536 1376
1544 1270
1545 1271
1547 1317
1548 1337
1550 1348
1552 1349
1554 1204
1558 1390
1563 1316
1566 1365
1575 1301
1578 1389
1581 1375
1582 1361
1587 1329
1593 1353
1594 1369
1597 1324
1602 1394
1603 1385
1604 1387
1605 1420
1608 1336
1609 1328
1611 1433
1612 1415
1613 1442
1614 1430
1615 1438
1619 1360
1626 1357
1633 1399
1634 1437
1643 1443
1645 1350
1648 1419
1649 1469
1656 1428
1657 1455
1659 1321
1660 1378
1666 1478
1669 1426
1673 1384
1674 1417
1680 1425
1681 1487
1689 1462
1693 1477
1696 1441
1701 1342
1703 1413
1704 1398
1711 1404
1712 1461
1713 1463
1714 1490
1715 1522
1717 1523
1719 1485
1721 1500
1722 1453
1731 1422
1734 1423
1735 1472
1736 1506
1739 1484
1741 1520
1742 1521
1743 1534
1747 1554
1753 1543
1755 1549
1759 1436
1760 1467
1761 1563
1763 1482
1768 1447
1769 1519
1770 1532
1772 1562
1774 1475
1776 1561
1781 1503
1783 1567
1785 1494
1786 1499
1788 1504
1792 1542
1796 1471
1798 1498
1802 1435
1803 1515
1804 1574
1806 1585
1808 1530
1809 1557
1810 1552
1811 1591
1817 1529
1818 1531
1819 1510
1820 1572
1823 1573
1832 1609
1833 1617
1834 1551
1837 1622
1842 1541
1844 1565
1846 1593
1847 1606
1850 1540
1851 1590
1852 1597
1856 1539
1857 1560
1860 1571
1861 1589
1862 1614
1864 1631
1865 1493
1868 1538
1874 1548
1875 1644
1888 1669
1889 1666
1892 1604
1904 1688
1905 1674
1908 1555
1914 1667
1920 1625
1922 1698
1925 1545
1930 1642
1931 1630
1935 1708
1937 1569
1938 1612
1939 1725
1941 1576
1942 1607
1946 1726
1947 1729
1948 1659
1949 1599
1951 1608
1952 1621
1955 1714
1958 1683
1960 1723
1961 1649
1962 1673
1969 1722
1971 1739
1972 1747
1979 1624
1981 1735
1984 1695
1987 1721
1990 1752
1992 1662
1993 1682
2005 1751
2008 1648
2012 1743
2013 1744
2016 1778
2019 1678
2020 1719
2024 1677
2028 1738
2029 1797
2032 1687
2035 1785
2036 1759
2037 1789
2038 1782
2041 1727
2043 1777
2045 1776
2046 1769
2049 1809
2051 1790
2054 1694
2059 1679
2060 1796
2061 1806
2063 1834
2065 1685
2067 1813
2070 1758
2071 1801
2075 1795
2077 1826
2085 1757
2087 1827
2090 1742
2093 1780
2094 1775
2095 1794
2097 1847
2100 1857
2101 1871
2102 1865
2106 1802
2107 1846
2108 1750
2113 1781
2120 1783
2123 1793
2124 1869
2128 1863
2131 1829
2132 1875
2133 1886
2135 1880
2136 1733
2138 1899
2142 1901
2143 1929
2144 1930
2145 1919
2146 1837
2149 1814
2150 1788
2153 1909
2154 1931
2155 1947
2156 1799
2160 1855
2161 1885
2162 1952
2163 1763
2168 1944
2171 1854
2172 1975
2173 1934
2176 1963
2177 1945
2179 1823
2182 1824
2183 1883
2184 1879
2191 1858
2192 1884
2193 1993
2194 1946
2196 1982
2198 1872
2199 1890
2200 1959
2202 1974
2206 1900
2207 1933
2212 1973
2220 1985
2222 1996
2223 2018
2226 1942
2230 1914
2231 1923
2233 1958
2235 1903
2236 2009
2241 1860
2242 1939
2243 2014
2244 1980
2249 2042
2252 1915
2253 1949
2255 2036
2257 1920
2268 1911
2272 2050
2273 2054
2274 1992
2275 2016
2276 2041
2284 2004
2287 2026
2291 1979
2295 2070
2305 2039
2313 2032
2314 2101
2319 2025
2321 2089
2323 1998
2324 2055
2325 2040
2327 2052
2330 2011
2331 2069
2332 2079
2333 2083
2336 2061
2342 2022
2345 2075
2353 2076
2354 2082
2360 2078
2362 2088
2364 2100
2366 2142
2367 2123
2370 2038
2371 2099
2373 2143
2380 2087
2384 2092
2386 2150
2389 2154
2392 2068
2395 2126
2398 2161
2406 2151
2409 2181
2411 2098
2413 2093
2416 2171
2417 2145
2422 2137
2424 2153
2428 2108
2429 2096
2433 2140
2435 2180
2436 2217
2438 2195
2451 2222
2452 2196
2453 2152
2459 2202
2463 2160
2470 2139
2473 2209
2474 2147
2475 2165
2476 2206
2478 2178
2484 2191
2486 2177
2487 2176
2488 2216
2492 2212
2494 2175
2497 2239
2500 2199
2505 2260
2508 2201
2511 2244
2514 2205
2515 2182
2520 2224
2523 2213
2525 2192
2532 2227
2535 2235
2536 2246
2541 2198
2548 2211
2550 2250
2565 2254
2569 2289
2570 2218
2571 2268
2574 2238
2576 2228
2578 2242
2582 2248
2591 2267
2593 2284
2594 2286
2595 2305
2601 2311
2603 2327
2604 2328
2605 2263
2608 2293
2609 2272
2612 2277
2614 2323
2625 2330
2627 2315
2628 2316
2634 2345
2639 2372
2641 2265
2642 2322
2643 2342
2644 2343
2645 2312
2648 2331
2651 2357
2652 2369
2657 2354
2659 2349
2662 2360
2664 2298
2665 2320
2672 2340
2675 2307
2678 2367
2680 2353
2685 2329
2690 2348
2694 2361
2699 2392
2700 2385
2707 2339
2708 2398
2711 2421
2714 2371
2719 2350
2720 2399
2721 2382
2723 2356
2724 2393
2725 2400
2728 2366
2729 2409
2738 2395
2742 2406
2749 2381
2751 2416
2754 2413
2755 2443
2758 2485
2760 2454
2761 2386
2762 2389
2763 2433
2766 2362
2769 2436
2770 2397
2776 2510
2780 2459
2781 2474
2783 2452
2794 2437
2796 2468
2798 2514
2803 2427
2807 2515
2808 2451
2811 2424
2813 2469
2814 2495
2822 2511
2837 2432
2839 2449
2848 2475
2854 2513
2858 2461
2863 2546
2864 2551
2866 2467
2871 2484
2872 2531
2875 2522
2876 2563
2877 2569
2881 2490
2883 2509
2898 2541
2900 2554
2904 2501
2905 2498
2917 2521
2918 2649
2925 2550
2929 2508
2931 2538
2935 2564
2939 2553
2959 2547
2961 2568
2962 2595
2968 2572
2971 2552
2978 2586
2987 2594
2988 2626
2989 2641
2995 2600
2998 2596
3000 2603
3010 2566
3017 2636
3023 2570
3030 2615
3034 2642
3039 2639
3048 2593
3056 2645
3057 2634
3070 2684
3073 2644
3074 2696
3077 2679
3079 2700
3081 2648
3088 2665
3094 2628
3096 2704
3099 2699
3100 2688
3113 2707
3114 2726
3116 2723
3118 2760
3122 2660
3129 2769
3132 2661
3135 2716
3141 2713
3145 2728
3150 2685
3154 2730
3167 2766
3169 2785
3181 2761
3182 2768
3197 2783
3203 2796
3205 2808
3207 2773
3209 2788
3217 2771
3219 2807
3224 2742
3231 2793
3233 2822
3238 2826
3242 2764
3244 2715
3250 2830
3251 2839
3259 2838
3260 2846
3261 2828
3265 2854
3268 2873
3271 2772
3272 2801
3273 2782
3274 2852
3275 2842
3280 2885
3292 2834
3295 2888
3301 2899
3309 2898
3310 2879
3312 2894
3316 2880
3320 2811
3324 2918
3325 2904
3331 2821
3339 2825
3350 2921
3353 2896
3355 2960
3360 2889
3361 2910
3366 2831
3371 2925
3372 2924
3374 2851
3388 2937
3395 2946
3403 2877
3413 2963
3427 2956
3428 2943
3434 2972
3437 2959
3442 2957
3444 2978
3462 2985
3471 2979
3474 2984
3481 2969
3503 2981
3507 2990
