f_0082518.png f_0082558.png
162 61
172 49
189 51
197 35
228 170
231 118
234 43
249 69
254 196
262 197
277 206
280 234
281 265
285 211
289 717
296 446
297 224
298 105
302 255
303 847
309 248
320 692
321 342
323 190
328 353
329 996
343 700
349 1021
354 310
359 947
363 441
366 404
371 779
374 362
375 1076
392 346
412 390
416 428
424 487
426 1160
427 1042
432 982
434 981
436 486
437 453
455 496
457 706
458 663
472 598
473 587
490 798
492 702
493 703
494 676
495 1029
503 1264
514 822
515 759
516 729
529 1338
532 823
536 774
537 730
539 1276
542 1013
545 985
550 857
557 1121
560 851
562 1216
563 1116
575 868
578 916
579 829
582 1191
585 804
586 826
595 949
597 1425
598 1026
605 1006
606 1133
607 1046
616 1196
618 1083
628 1289
640 1372
649 1085
653 1158
657 1381
660 1504
665 1560
666 1185
674 1646
683 1527
684 1528
686 1230
688 1465
689 1404
690 1628
697 1373
698 1578
699 1362
708 1573
710 1445
711 1385
716 1360
718 1773
720 1485
738 1656
740 1682
749 1725
755 1666
757 1575
762 1471
769 1766
770 1749
771 1623
774 1741
795 1639
799 1791
801 1615
812 1858
813 1696
817 1687
820 1782
823 1708
826 1709
833 1557
842 1649
843 1736
848 1837
851 1690
855 1616
856 1668
862 1761
865 1737
872 1982
875 1729
878 1960
881 1762
884 2007
886 1909
897 1880
906 1852
908 1853
912 2083
914 1954
917 2009
918 1854
922 2015
925 1881
931 1900
934 2018
942 2059
943 1996
945 1874
946 2143
951 2028
953 1785
954 1959
956 2219
962 1899
964 2201
970 1940
972 2072
975 2073
987 2145
988 1850
993 2019
995 2123
999 2002
1000 2003
1013 2254
1016 2305
1025 2313
1035 2406
1036 2241
1037 2379
1038 2223
1055 2146
1059 2329
1060 2346
1063 2345
1064 2215
1068 2398
1070 2460
1072 2399
1076 2415
1077 2242
1087 2243
1092 2374
1093 2340
1094 2206
1095 2290
1096 2433
1097 2368
1101 2410
1103 2434
1108 2488
1118 2500
1123 2140
1128 2429
1129 2507
1130 2444
1131 2333
1137 2605
1138 2394
1146 2470
1151 2474
1154 2492
1161 2448
1164 2564
1168 2599
1174 2456
1179 2554
1184 2597
1185 2553
1188 2577
1197 2612
1198 2583
1202 2666
1203 2423
1209 2588
1213 2712
1214 2601
1222 2691
1223 2644
1225 2589
1238 2496
1245 2704
1246 2714
1251 2698
1253 2847
1256 2663
1259 2853
1260 2700
1262 2775
1268 2720
1269 2557
1281 2801
1285 2734
1290 2848
1294 2803
1296 2724
1318 2856
1323 2865
1325 2780
1329 2967
1330 2883
1341 2969
1345 2910
1351 2868
1356 2688
1361 2931
1374 2942
1381 3017
1383 3285
1387 2958
1388 3039
1391 3081
1397 2960
1399 3045
1402 3050
1403 3082
1408 3085
1411 3111
1417 3006
1425 3012
1429 3066
1430 3124
1436 3149
1441 3199
1447 3206
1470 3211
1471 3166
1472 3175
1475 3196
1476 3182
1479 3278
1494 3240
1499 3481
1508 3523
1510 3344
1511 3257
1529 3364
1537 3389
1538 3390
1540 3365
1545 3535
1546 3473
1548 3475
1561 3457
1564 3517
1567 3463
1580 3564
1582 3488
1588 3556
1589 3557
1602 3602
1603 3521
1612 3603
1615 3634
1619 3792
1622 3714
1629 3559
1632 3688
1635 3677
1636 3759
1640 3647
1647 3614
1649 3690
1667 3693
1671 3752
1674 3724
1675 3717
1676 3709
1677 3684
1685 3755
1688 3733
1694 3794
1695 3728
1697 3774
1698 3740
1700 3861
1702 3828
1703 3791
1707 3801
1711 3789
1712 3790
1719 3802
1721 3797
1725 3858
1727 3817
1733 3889
1734 3870
1737 3898
1742 4003
1746 3891
1747 3882
1748 3850
1757 3914
1768 3909
1769 3922
1774 3933
1780 4030
1781 3964
1786 3956
1796 3996
1803 3965
1804 4046
1822 4025
1838 4134
1842 4058
1850 4136
1851 4077
1855 4073
1858 4096
1863 4132
1866 4182
1884 4173
1891 4125
1914 4204
1923 4345
1924 4194
1933 4283
1951 4368
1965 4370
1969 4330
1971 4593
1975 4426
1982 4454
1984 4369
1989 4469
2001 4387
2002 4756
2005 4507
2011 4589
2014 4531
2017 4546
2021 4494
2031 4565
2032 4536
2034 4608
2035 4618
2058 4624
2063 4844
2072 4659
2076 4751
2080 4692
2086 4850
2088 5076
2091 4711
2098 4849
2100 4834
2101 4835
2109 4894
2113 4934
2120 4910
2122 5191
