f_0082882.png f_0082886.png
2 111
9 75
21 64
22 136
24 89
25 104
26 5
34 49
39 106
40 132
42 81
43 85
52 93
55 103
59 19
72 142
76 16
78 126
80 70
83 221
87 84
93 137
102 69
113 134
123 212
124 266
126 202
127 302
129 186
137 257
138 314
140 141
148 326
156 340
163 313
168 207
172 318
174 386
179 289
182 214
183 215
184 247
191 366
193 166
194 167
198 244
199 397
202 239
211 159
214 368
217 363
222 295
230 191
231 211
232 278
234 370
238 223
240 256
241 300
245 390
249 467
252 336
258 466
259 267
273 219
279 237
280 375
284 508
286 331
287 344
288 365
291 385
297 343
305 434
306 455
307 520
312 364
317 493
318 537
320 525
321 416
323 550
327 402
330 273
332 401
333 433
336 425
338 414
340 585
342 413
345 444
346 448
350 471
352 439
353 491
362 569
366 415
369 595
370 482
373 453
374 485
375 498
378 464
382 359
390 560
391 490
392 568
395 511
397 534
399 565
411 626
414 548
416 627
420 358
421 457
425 461
429 474
432 404
433 530
438 422
439 512
441 599
443 510
451 451
452 443
456 450
462 648
464 709
467 447
473 618
476 499
477 607
482 650
483 575
487 708
489 518
498 589
500 629
501 762
503 702
511 532
512 663
517 686
529 680
530 685
531 681
533 597
534 598
537 639
538 774
541 588
543 707
544 756
545 833
550 644
555 801
559 817
560 736
564 824
566 825
571 821
572 840
578 642
579 697
585 888
586 720
589 800
591 614
592 721
594 798
597 729
598 725
599 740
601 755
604 763
605 764
606 870
607 700
608 735
613 790
616 884
618 813
623 880
626 886
630 904
637 768
638 903
641 830
642 852
644 847
651 860
652 895
665 874
672 761
676 961
680 893
683 771
684 894
689 811
696 937
697 980
699 827
701 942
702 982
703 838
707 868
711 977
716 796
718 877
721 1020
723 832
726 1014
727 1021
730 1030
742 910
743 941
750 828
756 1047
757 950
758 1069
765 1067
768 1009
775 1141
779 1109
782 882
783 902
794 1026
795 1051
801 926
802 1085
805 890
807 948
819 1163
823 985
825 1011
833 1077
835 934
836 984
846 1158
848 1156
851 983
852 1056
853 1093
854 1094
858 1146
864 1103
865 1185
866 1175
867 1212
869 1297
870 1149
883 1218
893 1066
896 1178
898 1037
900 1132
902 1192
907 1049
908 1115
909 1129
911 1334
913 1114
916 1199
918 1128
920 1211
923 1235
928 1162
929 1194
930 1326
932 1145
935 1223
936 1081
938 1177
940 1288
946 1247
952 1209
953 1191
954 1376
956 1295
960 1166
961 1339
964 1294
965 1331
967 1270
973 1308
980 1268
981 1341
987 1317
996 1252
1001 1330
1005 1279
1007 1306
1015 1316
1018 1298
1019 1329
1020 1366
1022 1415
1023 1284
1027 1292
1030 1407
1033 1406
1035 1414
1040 1273
1045 1369
1046 1370
1052 1374
1057 1388
1061 1251
1068 1382
1075 1345
1076 1403
1088 1450
1093 1336
1095 1449
1104 1458
1105 1455
1110 1441
1119 1475
1125 1488
1129 1495
1135 1506
1142 1503
1148 1516
1150 1519
1151 1513
1158 1487
1170 1447
1171 1453
1173 1532
1174 1533
1184 1564
1185 1505
1186 1641
1187 1527
1188 1556
1189 1560
1194 1537
1196 1547
1198 1575
1199 1433
1200 1508
1208 1531
1210 1592
1212 1563
1217 1640
1220 1544
1221 1604
1226 1644
1227 1614
1231 1559
1232 1603
1244 1630
1250 1731
1254 1621
1267 1664
1268 1685
1270 1668
1275 1662
1276 1671
1280 1701
1284 1711
1285 1696
1288 1748
1293 1695
1295 1766
1303 1782
1306 1691
1315 1689
1318 1710
1319 1770
1342 1775
1344 1809
1348 1698
1356 1777
1358 1839
1360 1735
1363 1740
1365 1755
1369 1626
1374 1808
1377 1754
1380 1764
1381 1725
1391 1788
1394 1796
1397 1744
1405 1854
1406 1872
1416 1797
1421 1784
1424 1921
1425 1742
1441 1901
1444 1920
1445 1751
1454 1852
1456 1887
1463 1930
1464 1844
1465 1926
1468 1829
1470 1879
1472 1909
1482 1896
1489 1886
1494 1959
1497 2001
1504 1908
1516 2038
1525 1968
1534 2085
1535 1975
1546 2062
1564 1966
1570 2090
1571 2102
1586 2030
1587 2061
1590 2053
1591 2119
1595 2069
1597 2142
1618 2199
1623 2118
1625 2124
1630 2176
1637 2045
1644 2180
1645 2198
1647 2270
1648 2147
1649 2192
1655 2233
1661 2292
1664 2094
1665 2163
1666 2184
1672 2150
1689 2159
1691 2314
1694 2141
1696 2168
1697 2223
1698 2217
1707 2291
1708 2257
1709 2274
1714 2323
1719 2326
1729 2359
1736 2273
1738 2166
1743 2370
1744 2401
1746 2278
1754 2308
1757 2427
1772 2405
1773 2441
1778 2409
1793 2490
1800 2351
1801 2354
1828 2376
1829 2486
1835 2383
1858 2437
1860 2554
1864 2494
1869 2457
1870 2532
