f_0082928.png f_0082942.png
2 89
8 208
20 196
22 220
23 228
25 154
26 161
27 182
28 171
29 184
30 266
31 153
36 207
39 211
41 225
45 221
49 238
51 236
57 244
58 308
59 275
61 157
65 128
70 112
73 248
76 234
79 249
81 218
82 192
87 280
88 284
90 227
94 235
98 264
99 261
101 279
103 135
104 290
107 265
110 224
112 302
116 247
118 278
121 298
122 318
126 202
133 277
135 333
141 292
144 242
152 317
154 387
162 311
165 362
175 313
191 258
200 368
215 351
218 347
220 323
222 361
225 288
226 332
229 409
235 381
236 382
243 373
254 466
255 437
269 415
275 376
282 331
283 408
285 422
293 389
294 433
303 414
308 491
309 281
310 350
317 464
318 461
325 404
326 457
334 371
336 458
338 339
348 440
355 421
357 485
363 301
367 447
370 322
373 523
377 478
380 379
382 428
386 499
394 482
398 483
401 484
402 517
404 536
406 516
410 454
411 505
415 324
418 418
430 480
431 519
433 535
436 426
440 538
441 559
442 518
447 510
448 504
449 549
454 614
456 469
458 527
459 590
461 360
463 439
467 576
471 490
472 509
475 643
476 268
478 453
483 548
488 479
490 547
491 573
492 629
496 557
502 650
503 563
504 569
507 465
514 525
515 606
517 398
518 489
521 586
525 589
531 672
533 657
537 607
538 655
539 431
542 581
543 613
554 597
555 601
556 646
558 438
559 468
561 591
564 532
566 640
569 610
571 706
574 592
576 698
581 621
582 738
589 671
590 714
598 687
599 542
602 739
609 503
619 755
626 703
627 660
634 562
639 585
658 708
663 733
668 754
669 713
671 531
674 775
681 712
686 772
691 888
692 552
695 776
696 540
706 751
708 783
720 676
721 682
722 746
724 807
725 832
726 836
727 837
732 785
733 806
734 794
735 828
736 777
739 786
742 743
743 835
754 616
755 818
756 692
761 599
770 730
776 823
779 803
781 675
786 831
787 871
788 651
793 700
798 876
799 861
804 689
805 866
806 867
807 890
809 899
814 931
815 966
817 911
819 865
820 896
822 897
823 912
824 920
826 801
827 898
831 805
832 817
836 904
847 860
848 843
853 846
854 910
855 944
856 945
858 882
863 936
864 838
865 886
866 930
873 962
875 830
878 949
888 928
889 982
891 859
893 934
895 980
898 909
900 918
903 1041
905 959
908 992
911 787
913 948
920 870
922 979
926 963
933 961
934 999
935 1004
943 965
946 990
951 978
952 1003
953 881
954 969
956 1088
957 874
958 916
959 968
961 1009
962 993
963 1040
969 977
970 974
971 988
972 1031
977 939
985 1039
990 907
995 895
996 889
1006 1083
1009 932
1011 995
1012 1037
1016 1016
1018 1051
1022 964
1028 892
1030 997
1032 1036
1034 947
1035 1023
1037 1038
1041 1014
1042 1154
1045 923
1046 924
1048 1029
1056 1096
1058 938
1062 1132
1068 1121
1070 1055
1074 1138
1080 1110
1082 901
1083 950
1084 1008
1086 1105
1087 1067
1088 1085
1089 1109
1090 1069
1092 1075
1095 1114
1097 1131
1104 1100
1105 1094
1106 1113
1108 1164
1111 1005
1115 1151
1117 1128
1124 1045
1125 1119
1127 985
1131 1181
1133 1093
1135 1176
1145 1104
1146 1142
1149 1135
1150 1103
1151 1187
1152 973
1153 983
1155 1175
1159 1194
1160 1207
1161 1195
1162 1002
1164 1200
1165 1206
1166 1237
1170 1167
1177 1205
1178 1011
1181 1053
1182 1060
1183 1141
1186 1276
1188 1162
1190 1192
1192 1204
1195 1203
1196 1234
1197 1199
1198 1238
1204 1089
1205 1219
1206 1215
1212 1211
1213 1226
1214 1191
1217 1289
1218 1277
1219 1299
1226 1293
1227 1334
1229 1150
1233 1102
1239 1283
1248 1242
1249 1274
1254 1174
1258 1296
1260 1243
1261 1265
1263 1313
1264 1308
1267 1271
1268 1305
1269 1314
1270 1355
1272 1180
1274 1295
1276 1287
1277 1307
1281 1179
1286 1269
1288 1330
1289 1337
1291 1304
1294 1147
1295 1320
1297 1173
1298 1218
1299 1359
1307 1346
1308 1213
1317 1459
1318 1214
1321 1329
1328 1360
1329 1396
1331 1279
1332 1352
1338 1344
1340 1376
1342 1342
1344 1210
1348 1351
1351 1392
1354 1241
1357 1399
1358 1267
1359 1412
1361 1370
1363 1209
1366 1385
1370 1408
1372 1433
1374 1285
1385 1350
1389 1272
1391 1387
1393 1246
1399 1442
1405 1340
1406 1386
1412 1473
1414 1373
1416 1414
1420 1472
1422 1465
1423 1332
1425 1422
1427 1440
1428 1451
1436 1366
1437 1384
1438 1406
1439 1407
1440 1436
1442 1469
1445 1327
1446 1398
1448 1477
1451 1444
1454 1462
1455 1348
1458 1403
1459 1411
1460 1494
1461 1481
1462 1301
1463 1379
1468 1485
1470 1349
1472 1378
1477 1456
1487 1372
1491 1471
1495 1514
1496 1520
1501 1493
1509 1449
1510 1492
1513 1480
1515 1364
1523 1461
1532 1559
1533 1617
1534 1625
1536 1468
1537 1484
1548 1448
1551 1377
1552 1540
1553 1519
1556 1538
1561 1528
1562 1556
1565 1427
1568 1640
1575 1598
1580 1583
1582 1527
1583 1547
1586 1577
1592 1506
1595 1563
1600 1454
1602 1566
1603 1557
1604 1604
1607 1426
1610 1599
1612 1499
1613 1500
1615 1534
1619 1589
1622 1490
1626 1618
1627 1638
1629 1645
1631 1646
1632 1553
1633 1546
1636 1655
1638 1491
1645 1518
1646 1654
1652 1714
1653 1543
1656 1706
1657 1483
1659 1576
1660 1623
1663 1572
1664 1573
1665 1574
1670 1505
1678 1539
1684 1612
1685 1614
1688 1705
1692 1571
1694 1707
1698 1631
1699 1641
1706 1718
1707 1725
1713 1622
1714 1648
1715 1649
1719 1667
1726 1592
1728 1644
1730 1561
1733 1601
1737 1738
1738 1764
1743 1702
1747 1630
1750 1586
1752 1684
1753 1693
1758 1692
1763 1730
1766 1689
1768 1763
1774 1666
1775 1696
1780 1697
1784 1629
1785 1785
1786 1628
1788 1754
1790 1774
1793 1635
1795 1682
1797 1713
1799 1804
1802 1809
1803 1591
1805 1811
1806 1791
1811 1722
1817 1699
1821 1815
1822 1805
1826 1808
1828 1686
1832 1753
1833 1827
1834 1837
1840 1661
1842 1828
1846 1820
1848 1830
1849 1831
1856 1708
1859 1743
1861 1716
1868 1840
1871 1874
1873 1908
1882 1814
1883 1788
1888 1863
1892 1841
1893 1865
1895 1761
1896 1800
1901 1861
1902 1879
1907 1715
1908 1802
1912 1872
1918 1878
1919 1895
1922 1769
1925 1795
1928 1881
1929 1899
1941 1756
1943 1870
1946 1752
1947 1858
1949 1779
1953 1812
1954 1892
1955 1924
1957 1833
1961 1912
1964 1931
1967 1923
1970 1921
1972 1868
1973 1905
1982 1933
1984 1857
1985 1876
1986 1838
1988 1911
1991 1849
1992 1884
1994 1936
1998 1901
2002 1956
2006 1944
2007 1845
2014 1916
2018 2002
2021 1880
2022 1964
2025 1854
2026 1856
2028 1980
2029 1890
2037 1915
2038 1945
2039 1946
2040 1943
2045 1938
2047 1883
2055 1925
2057 1930
2058 1999
2060 1949
2061 2015
2066 1977
2073 1928
2076 1973
2078 2022
2080 1998
2081 1947
2084 2024
2089 1896
2091 1958
2094 1942
2099 2014
2104 2021
2114 2045
2120 2068
2127 2004
2132 2044
2134 1984
2136 2032
2137 2051
2143 2026
2149 2025
2151 2075
2152 2097
2157 2008
2159 2012
2169 1994
2171 2094
2174 2127
2186 1957
2190 1972
2192 2039
2194 2063
2199 2082
2209 2058
2210 2062
2212 2119
2213 2181
2218 2091
2219 2120
2223 2071
2224 2129
2228 2076
2235 2080
2236 2087
2241 2135
2247 2151
2259 2143
2260 2191
2265 2170
2267 2142
2268 2150
2272 2164
2278 2125
2279 2200
2283 2109
2292 2160
2294 2187
2299 2141
2304 2132
2305 2202
2312 2257
2323 2159
2324 2169
2326 2186
2330 2163
2332 2105
2333 2190
2336 2233
2339 2178
2341 2217
2343 2286
2345 2198
2346 2216
2348 2226
2349 2146
2350 2185
2353 2138
2355 2189
2357 2204
2361 2318
2365 2297
2377 2247
2380 2209
2381 2229
2389 2255
2394 2215
2400 2201
2403 2271
2412 2256
2416 2333
2421 2176
2423 2283
2424 2279
2427 2196
2429 2306
2434 2253
2438 2280
2439 2289
2441 2355
2442 2264
2445 2206
2448 2172
2453 2328
2459 2269
2462 2282
2467 2449
2473 2421
2476 2343
2479 2339
2490 2344
2499 2332
2500 2375
2503 2304
2505 2383
2510 2420
2518 2281
2520 2397
2521 2268
2523 2396
2524 2390
2528 2310
2537 2359
2540 2382
2541 2432
2542 2500
2543 2517
2556 2482
2559 2433
2585 2401
2591 2448
2592 2442
2597 2364
2601 2388
2602 2400
2604 2463
2605 2534
2611 2426
2623 2386
2627 2387
2628 2410
2635 2409
2637 2547
2638 2424
2643 2414
2650 2522
2655 2471
2657 2601
2659 2516
2660 2476
2663 2558
2671 2515
2674 2504
2678 2598
2680 2506
2681 2497
2688 2509
2689 2651
2691 2626
2695 2528
2696 2510
2701 2545
2703 2652
2709 2566
2713 2519
2719 2544
2720 2533
2728 2532
2729 2553
2732 2579
2738 2580
2741 2682
2746 2588
2754 2572
2759 2514
2761 2574
2776 2723
2778 2592
2786 2727
2788 2577
2794 2737
2800 2605
2805 2655
2814 2606
2819 2695
2821 2688
2824 2630
2826 2644
2835 2624
2840 2686
2841 2709
2845 2637
2867 2663
2871 2746
2884 2762
2889 2693
2892 2620
2901 2882
2908 2774
2914 2641
2918 2826
2928 2714
2929 2780
2933 2704
2941 2794
2948 2874
2949 2699
2956 2891
2969 2750
2974 2698
2979 2748
2980 2731
2981 2769
2982 2816
2994 2910
3001 2770
3002 2783
3009 2721
3010 2712
3016 2798
3030 2754
3036 2854
3043 2831
3050 2823
3054 2782
3065 2941
3070 2899
3073 2888
3079 2942
3089 2829
3090 3025
3114 2919
3116 2864
3122 2847
3124 2934
3130 2989
3131 3007
3133 2903
3135 2955
3139 2892
3140 2962
3143 2884
3152 2961
3161 2946
3165 2914
3175 3079
3182 3141
3190 3011
3196 3052
3201 2944
3216 3068
3221 3128
3223 2998
3236 3117
3240 3094
3249 3091
3250 3092
3259 2997
3277 3044
3281 3214
3287 3073
3300 3171
3308 3123
3311 3124
3313 3097
3316 3156
3322 3122
3328 3187
3331 3108
3355 3144
3373 3169
3381 3183
3394 3205
3400 3204
