f_0082886.png f_0082912.png
41 64
49 164
73 304
136 344
148 147
183 231
202 257
208 210
215 10
216 32
221 597
229 282
240 29
244 45
247 136
299 552
330 157
348 190
383 619
443 421
454 943
458 521
471 484
481 561
533 749
534 626
548 643
589 777
590 921
602 838
618 820
670 984
720 1102
729 1127
747 1129
749 1066
761 1099
762 1132
774 1411
784 1476
788 1354
792 1131
797 1226
812 1239
825 1215
826 1574
856 1365
884 1578
898 1505
913 1610
935 1553
944 1599
951 1624
1006 1853
1010 2058
1011 1845
1021 2101
1041 2072
1057 2055
1058 1615
1066 2102
1067 1719
1068 1807
1094 1907
1099 1838
1103 1934
1124 2246
1129 2033
1133 2124
1155 2020
1156 2113
1163 2116
1193 2301
1200 2225
1239 2422
1261 2587
1286 2303
1306 2491
1339 2617
1352 2556
1358 2706
1359 2793
1375 2825
1383 2408
1387 2737
1407 2510
1424 2652
1426 2537
1472 2862
1474 2905
1493 2746
1498 3073
1512 3124
1515 2979
1530 3025
1540 3067
1552 3176
1568 3187
1579 3286
1603 3249
1610 2947
1629 3297
1630 3284
1633 3271
1639 3283
1649 3432
1652 3415
1659 3316
1668 3452
1670 3324
1692 3380
1696 3343
1698 3397
1713 3462
1715 3371
1723 3423
1728 3678
1738 3670
1740 3602
1745 3780
1748 3292
1754 3554
1759 3971
1767 3754
1773 3811
1822 3660
1830 3958
1833 3468
1846 3871
1850 3516
1876 3662
1877 3506
1889 3579
1899 3757
1935 4268
1974 3873
2017 4286
2037 4117
2097 4711
2110 3914
2131 4524
2173 4864
2176 4796
2197 4682
2198 4150
2214 5133
2242 5188
2248 4525
2285 5260
2371 4856
2390 5046
2400 5177
2404 5522
2411 5361
2421 5137
2427 4997
2455 5681
2521 5517
2530 5138
2541 5216
