f_0082968.png f_0082976.png
103 23
261 148
302 32
314 21
343 41
434 79
473 86
491 51
499 49
511 258
605 322
618 206
630 255
645 344
651 292
657 261
663 152
680 153
692 146
693 169
700 397
710 218
722 451
733 490
750 321
770 299
771 340
780 282
784 398
807 480
850 449
852 520
862 377
874 298
877 571
882 459
894 324
916 455
921 303
936 521
943 540
953 271
979 423
985 400
987 634
1006 646
1012 791
1016 662
1024 631
1033 415
1037 387
1038 630
1045 610
1065 707
1069 501
1076 666
1077 772
1078 786
1081 429
1084 657
1095 474
1097 756
1099 414
1120 547
1124 789
1125 781
1128 929
1135 600
1142 596
1143 584
1147 531
1150 795
1155 855
1157 562
1162 626
1184 803
1190 867
1199 613
1204 935
1205 892
1209 669
1220 927
1223 939
1228 712
1229 859
1243 958
1254 850
1255 843
1258 731
1259 920
1264 735
1267 699
1274 779
1282 743
1289 625
1290 960
1295 951
1302 947
1305 806
1307 1042
1311 815
1316 607
1332 814
1334 841
1357 1090
1359 757
1360 742
1364 1072
1366 1123
1371 647
1373 1001
1378 1106
1380 725
1381 726
1382 1128
1394 820
1395 907
1401 1024
1407 876
1415 827
1425 906
1426 914
1427 932
1443 846
1446 1168
1449 1165
1452 819
1455 992
1462 1224
1467 813
1468 1071
1475 1064
1478 1193
1482 1228
1487 1127
1492 966
1505 990
1514 918
1515 1122
1516 1126
1517 1293
1524 1013
1525 1121
1526 1143
1534 989
1537 1206
1539 1343
1544 875
1545 1018
1547 1142
1548 1283
1552 1057
1553 1342
1560 1104
1562 1265
1563 1120
1570 1248
1571 1292
1576 1113
1580 1112
1581 1223
1583 1235
1584 1230
1601 1242
1602 1111
1604 1371
1605 1323
1615 1073
1616 1176
1619 1402
1625 1254
1629 1138
1638 1295
1644 1322
1662 1308
1672 1210
1675 1462
1677 1158
1681 1187
1688 1146
1689 1222
1690 1370
1696 1233
1703 1471
1710 1369
1716 1291
1724 1330
1736 1192
1737 1276
1738 1578
1740 1175
1741 1185
1756 1553
1757 1489
1758 1493
1759 1579
1767 1241
1768 1298
1774 1603
1777 1441
1781 1519
1784 1282
1785 1315
1792 1523
1795 1262
1796 1464
1798 1499
1801 1281
1803 1332
1809 1631
1810 1314
1811 1589
1822 1347
1823 1434
1835 1502
1850 1495
1853 1457
1854 1453
1863 1349
1865 1602
1877 1481
1899 1485
1902 1766
1920 1559
1938 1617
1942 1770
1947 1337
1948 1420
1953 1769
1970 1574
1975 1534
1977 1787
1989 1382
1990 1751
1993 1577
1994 1607
2008 1568
2027 1658
2028 1660
2031 1491
2036 1529
2039 1451
2040 1727
2041 1573
2042 1637
2043 1612
2057 1662
2071 1913
2074 1876
2077 1593
2081 1687
2082 1724
2099 1673
2102 1813
2107 1636
2109 1778
2129 1644
2148 1643
2149 1667
2156 1740
2165 1886
2170 1642
2184 1850
2198 1776
2199 1785
2204 1736
2205 1983
2212 2145
2214 1905
2227 2118
2231 1972
2239 1882
2245 1958
2269 1995
2274 1870
2275 2009
2286 2065
2289 1902
2293 1963
2297 1863
2305 2098
2311 1938
2332 1997
2333 2027
2334 2138
2343 2135
2361 2069
2362 2165
2371 2271
2382 2002
2392 2285
2395 2184
2399 2201
2414 2209
2427 2377
2428 2420
2430 2102
2448 2131
2450 2080
2462 2231
2466 2067
2477 2280
2478 2161
2480 2218
2486 2423
2495 2155
2499 2244
2511 2191
2512 2369
2520 2314
2526 2149
2539 2487
2554 2297
2562 2430
2563 2366
2567 2392
2571 2464
2572 2506
2583 2694
2589 2417
2590 2450
2608 2543
2612 2504
2627 2644
2630 2515
2640 2528
2641 2622
2642 2499
2647 2538
2651 2581
2670 2623
2673 2409
2685 2576
2703 2563
2704 2669
2732 2610
2743 2708
2751 2683
2752 2684
2759 2643
2769 2672
2775 2701
2786 2682
2935 2723
