f_0082452.png f_0082492.png
1 382
3 397
4 453
6 463
9 491
14 410
17 479
21 500
22 409
23 469
24 470
25 497
26 494
28 496
31 443
32 432
36 444
37 499
40 477
41 420
43 458
47 485
48 495
54 526
57 547
64 520
65 546
74 498
76 554
80 592
92 609
93 545
99 552
102 489
103 537
106 570
109 576
114 534
115 568
116 569
117 584
118 502
125 583
126 622
127 574
130 566
134 567
135 597
138 582
139 553
142 613
144 661
147 603
150 634
153 633
154 605
155 668
156 647
158 682
160 639
162 683
167 676
168 667
169 688
177 630
182 573
184 632
187 644
194 631
196 660
197 701
201 659
202 708
207 675
208 645
210 709
212 618
216 664
217 674
221 743
228 796
230 650
235 726
236 765
245 746
246 672
248 740
250 817
254 751
256 642
257 734
261 695
270 733
277 707
281 773
284 745
287 769
289 780
290 781
293 810
294 715
297 802
300 786
301 787
304 805
306 848
307 840
310 779
312 849
313 833
317 795
318 813
321 790
328 794
333 815
335 839
341 838
345 804
347 800
350 871
352 768
358 799
360 855
363 841
364 847
371 870
374 822
375 832
383 861
384 876
396 836
400 851
407 869
408 908
409 893
415 900
417 921
418 945
421 922
426 829
427 883
428 891
434 924
445 890
453 892
454 935
458 913
462 975
471 953
474 940
475 912
478 941
482 917
485 933
488 930
489 979
490 926
495 948
498 1007
500 962
513 961
515 988
520 978
523 1032
525 997
529 965
546 971
547 1005
549 1084
556 960
558 1079
559 994
561 1069
564 1009
565 970
568 1011
570 996
571 1010
572 1012
577 1003
579 1031
581 1004
590 985
591 1023
592 1030
594 1036
595 1103
597 1055
600 1042
601 1059
607 1043
608 1111
610 1112
613 1083
616 1077
622 1047
623 1054
624 1062
627 1048
628 1134
630 1144
631 1066
637 1086
638 1088
641 1076
644 1129
650 1178
653 1058
654 1067
658 1087
663 1109
664 1128
665 1158
666 1168
667 1114
668 1082
670 1159
674 1094
676 1120
678 1106
683 1127
684 1133
685 1139
686 1260
687 1145
689 1162
691 1116
696 1110
699 1185
703 1146
705 1211
716 1155
722 1284
730 1329
732 1150
733 1197
734 1189
737 1175
739 1190
742 1192
745 1188
755 1229
756 1202
761 1222
763 1256
767 1214
768 1209
771 1328
775 1221
778 1216
781 1232
786 1233
788 1253
796 1220
799 1242
800 1274
802 1276
803 1304
807 1275
812 1288
816 1265
818 1283
823 1271
830 1302
831 1294
833 1334
844 1264
845 1319
846 1293
851 1282
861 1396
863 1301
866 1377
867 1318
868 1400
873 1323
876 1292
878 1315
879 1303
880 1431
881 1423
886 1320
890 1326
892 1298
895 1346
896 1332
903 1395
906 1347
907 1361
914 1465
923 1360
934 1374
937 1393
938 1399
939 1408
943 1472
947 1418
950 1388
951 1389
954 1463
957 1386
961 1429
964 1380
965 1435
973 1445
979 1496
981 1422
982 1462
983 1494
984 1495
988 1405
991 1513
995 1440
996 1527
997 1421
998 1475
999 1385
1001 1455
1006 1452
1009 1443
1011 1461
1017 1439
1024 1460
1025 1469
1031 1454
1032 1488
1035 1474
1037 1468
1044 1453
1045 1459
1055 1520
1056 1506
1058 1517
1059 1505
1065 1518
1067 1617
1069 1519
1072 1600
1077 1522
1084 1523
1085 1565
1086 1548
1090 1504
1095 1610
1096 1560
1098 1537
1108 1544
1113 1657
1116 1535
1117 1638
1121 1623
1123 1554
1124 1559
1127 1603
1128 1608
1129 1576
1131 1577
1133 1615
1134 1592
1136 1593
1157 1595
1158 1689
1173 1632
1176 1704
1177 1635
1184 1684
1189 1656
1195 1673
1200 1660
1202 1644
1205 1661
1209 1650
1210 1677
1222 1681
1229 1715
1231 1676
1233 1700
1236 1741
1237 1710
1242 1701
1244 1736
1247 1731
1250 1725
1253 1750
1254 1735
1255 1734
1261 1739
1272 1751
1282 1761
1285 1782
1287 1740
1297 1826
1304 1810
1305 1821
1306 1869
1316 1836
1317 1791
1318 1802
1322 1850
1323 1893
1328 1815
1329 1827
1332 1897
1333 1875
1345 1884
1347 1837
1348 1847
1351 1849
1358 1856
1359 1857
1360 1867
1367 1906
1369 1925
1370 1915
1375 1887
1377 1848
1382 1924
1384 1886
1387 1874
1388 1883
1392 1879
1406 1919
1409 1972
1415 1914
1416 1911
1419 1927
1420 1910
1424 1933
1426 1946
1434 1940
1444 1928
1445 1937
1448 1956
1449 1923
1450 1957
1454 1929
1466 1992
1474 1962
1477 2007
1483 2042
1492 1955
1498 1977
1499 1985
1507 2005
1513 2063
1519 1986
1524 2113
1529 2015
1530 2100
1538 2020
1539 2021
1546 2082
1549 2047
1556 2041
1561 2061
1563 2077
1568 2045
1570 2184
1572 2181
1580 2071
1591 2090
1596 2180
1598 2119
1600 2087
1602 2128
1616 2095
1620 2126
1621 2188
1625 2120
1626 2146
1627 2111
1630 2151
1632 2121
1639 2152
1641 2171
1642 2150
1648 2220
1649 2143
1655 2178
1660 2260
1664 2259
1669 2160
1670 2248
1672 2165
1680 2179
1691 2201
1692 2202
1695 2227
1696 2277
1699 2195
1701 2307
1703 2204
1710 2246
1711 2244
1715 2233
1722 2238
1725 2232
1731 2313
1733 2344
1750 2339
1760 2264
1765 2276
1769 2364
1771 2341
1773 2293
1775 2368
1776 2301
1778 2372
1780 2292
1782 2359
1784 2306
1786 2320
1787 2299
1796 2404
1801 2393
1807 2402
1808 2431
1809 2376
1811 2325
1814 2423
1818 2426
1823 2390
1824 2377
1835 2422
1836 2412
1843 2388
1845 2379
1846 2401
1848 2480
1853 2460
1867 2435
1868 2399
1876 2417
1877 2418
1892 2497
1893 2513
1898 2430
1910 2522
1911 2498
1912 2553
1918 2452
1922 2440
1923 2449
1935 2441
1936 2442
1954 2521
1959 2483
1960 2519
1964 2520
1965 2550
1974 2566
1985 2532
1996 2583
1997 2529
1998 2490
2003 2573
2006 2601
2015 2591
2016 2600
2031 2578
2034 2538
2036 2645
2037 2618
2045 2545
2047 2689
2056 2677
2062 2664
2069 2632
2071 2695
2072 2665
2079 2688
2082 2676
2086 2721
2090 2669
2113 2734
2116 2672
2119 2656
2124 2728
2129 2744
2133 2655
2134 2761
2136 2742
2147 2792
2148 2816
2153 2786
2170 2791
2186 2815
2191 2731
2195 2754
2205 2739
2210 2746
2223 2847
2234 2737
2236 2827
2239 2840
2240 2860
2242 2876
2247 2767
2254 2802
2258 2796
2266 2828
2268 2896
2292 2857
2293 2838
2309 2927
2321 2874
2326 2909
2330 2887
2346 2930
2350 2918
2360 2990
2364 3021
2375 2959
2381 3055
2382 2984
2387 2977
2389 2964
2393 3084
2401 3070
2404 3009
2424 3092
2438 3047
2453 3091
2468 3094
2470 3090
2471 3147
2476 3133
2488 3088
2495 3162
2506 3125
2508 3208
2510 3141
2534 3233
2547 3216
2549 3248
2558 3252
