f_0082946.png f_0082952.png
124 19
142 25
156 50
162 13
178 131
182 70
197 113
198 98
214 112
221 100
223 99
231 119
243 276
244 286
251 166
253 302
254 185
273 154
282 347
285 207
288 133
301 187
302 246
307 179
309 273
314 219
334 198
345 196
347 199
348 259
357 364
358 418
368 555
371 357
376 484
385 361
402 358
403 442
407 456
417 367
420 399
421 446
438 543
442 360
446 398
450 433
451 524
461 570
464 404
465 506
467 592
473 452
482 520
487 637
489 483
493 479
494 549
506 636
508 464
515 480
518 661
520 512
521 514
538 585
539 618
543 519
544 557
546 617
553 708
555 757
565 616
571 694
574 591
585 700
589 815
591 736
592 773
595 598
608 605
609 693
614 590
624 679
626 690
630 729
632 845
636 786
644 856
656 898
659 691
661 726
664 932
673 939
685 809
689 977
706 740
709 958
715 992
722 765
724 965
739 753
746 1041
748 766
751 982
754 857
760 1032
771 964
780 1057
800 1012
806 1045
808 1064
830 917
832 1071
836 1097
841 1074
842 1053
843 1036
853 1118
859 1120
877 986
878 1056
880 1157
884 1141
888 971
891 1174
904 1014
911 1139
912 1193
921 1305
925 1161
931 1101
942 1021
944 1192
951 1234
954 1232
969 1178
974 1241
981 1202
982 1231
994 1210
995 1171
997 1302
998 1382
1005 1321
1021 1154
1022 1253
1024 1331
1025 1315
1030 1309
1033 1376
1038 1280
1047 1312
1048 1254
1051 1172
1058 1375
1061 1239
1063 1220
1065 1329
1066 1379
1067 1428
1072 1214
1073 1279
1074 1289
1081 1423
1086 1199
1090 1344
1091 1359
1092 1367
1097 1326
1102 1387
1106 1390
1108 1473
1116 1407
1122 1449
1123 1474
1126 1286
1128 1470
1141 1453
1151 1419
1152 1386
1153 1490
1154 1515
1155 1506
1159 1514
1161 1459
1163 1482
1164 1495
1170 1496
1173 1559
1176 1517
1180 1447
1181 1527
1184 1538
1192 1548
1194 1595
1197 1499
1199 1529
1207 1604
1213 1521
1215 1564
1216 1556
1225 1594
1232 1597
1233 1643
1239 1577
1245 1581
1248 1434
1250 1619
1253 1410
1255 1545
1261 1457
1271 1487
1283 1607
1285 1669
1286 1633
1288 1656
1295 1676
1299 1602
1301 1568
1314 1713
1317 1674
1318 1692
1322 1680
1324 1687
1327 1638
1339 1618
1348 1769
1349 1833
1354 1792
1373 1789
1377 1703
1378 1757
1379 1851
1381 1729
1383 1845
1384 1864
1385 1828
1403 1704
1404 1749
1411 1763
1412 1860
1422 1768
1423 1787
1425 1931
1426 1886
1443 1960
1448 1977
1456 1805
1458 1857
1459 1920
1461 1834
1462 1842
1463 2022
1467 1850
1481 1891
1489 1962
1493 1934
1494 1952
1499 1996
1508 1884
1509 1918
1514 2098
1525 2060
1529 1942
1531 1961
1534 1949
1535 2046
1541 2035
1547 2107
1555 2045
1569 2044
1578 2159
1582 2020
1590 2106
1600 2032
1601 2019
1602 2071
1610 2080
1616 2059
1624 2018
1629 2094
1632 2142
1647 2091
1651 2202
1672 2146
1678 2243
1685 2131
1701 2088
1704 2161
1710 2121
1713 2288
1721 2152
1724 2160
1741 2164
1742 2199
1745 2192
1749 2226
1753 2116
1758 2191
1777 2225
1783 2387
1789 2231
1811 2539
1818 2461
1826 2269
1829 2530
1834 2306
1853 2304
1868 2327
1877 2569
1885 2537
1891 2422
1917 2433
1954 2488
1963 2502
1974 2479
1975 2487
1990 2562
1993 2525
1997 2595
1998 2711
1999 2697
2004 2644
2022 2720
2024 2545
2037 2700
2047 2677
2049 2578
2056 2737
2061 2724
2063 2784
2085 2763
2112 2719
2113 2796
2125 2860
2128 2813
2129 2721
2136 2783
2137 2834
2149 2899
2156 2714
2165 2859
2166 2641
2168 2945
2176 2773
2185 2875
2190 2795
2191 2993
2195 3001
2210 3112
2214 2698
2219 2939
2237 2858
2251 2965
2259 2983
2262 2767
2272 3079
2283 3000
2297 2919
2347 2970
2357 3169
2390 3194
2392 3168
2397 3040
2400 3276
2405 3056
2410 3094
2418 3258
2432 3250
2440 3269
2456 3307
2461 3208
2474 3172
2477 3159
2493 3361
2529 3430
2554 3463
2575 3515
2576 3428
2598 3414
2605 3408
2613 3521
2633 3337
2643 3464
2660 3481
2672 3512
2690 3581
2701 3480
2702 3518
2722 3552
2741 3536
2755 3486
2761 3591
2775 3566
2784 3532
2791 3560
2798 3574
