f_0082918.png f_0082924.png
16 6
21 10
22 11
25 31
26 21
34 7
35 8
41 20
46 16
56 9
64 43
67 38
71 26
72 41
74 44
78 59
80 19
83 1
86 4
88 145
93 37
95 74
96 124
104 28
107 71
108 98
114 64
116 111
120 67
123 179
124 2
129 76
130 91
132 61
135 84
139 25
146 178
147 224
153 97
157 194
159 54
160 82
163 121
168 83
171 68
174 29
175 129
180 66
184 122
185 161
186 188
187 53
188 165
189 253
197 89
201 60
207 164
209 47
212 143
213 170
216 223
222 142
226 160
227 191
228 93
229 128
241 190
244 252
248 126
249 127
251 139
252 158
260 134
265 156
266 167
269 157
271 181
276 151
277 197
279 137
281 152
289 120
294 337
295 125
300 199
301 240
302 228
303 245
304 203
309 186
311 232
316 367
318 146
320 217
324 326
325 343
327 206
332 218
333 268
334 207
341 202
343 321
344 256
352 241
353 310
357 398
358 209
359 184
364 250
366 234
369 313
370 259
375 216
378 236
381 189
382 266
383 336
385 201
386 324
387 299
388 356
392 304
395 340
400 248
403 391
407 308
408 261
411 397
414 215
420 419
421 231
425 289
427 349
428 347
429 315
430 360
431 378
432 408
434 332
436 307
437 287
438 319
439 297
441 331
445 365
446 384
455 390
458 320
459 323
460 325
461 426
464 296
466 345
468 371
472 243
479 433
483 305
485 306
490 396
493 262
497 407
501 372
502 395
503 415
507 449
510 416
522 389
524 403
533 317
537 422
541 424
544 455
547 338
549 353
550 328
553 334
555 370
558 503
562 354
565 495
566 511
568 358
572 502
573 560
575 401
576 454
579 344
581 369
582 474
583 376
586 436
587 444
591 463
592 489
594 375
597 453
604 382
608 530
609 543
612 362
617 517
621 501
622 564
623 451
625 387
626 413
628 537
631 379
641 487
645 559
649 428
651 421
653 475
655 581
657 441
661 520
662 603
664 459
666 429
667 488
677 472
680 509
682 557
683 558
687 486
694 435
695 518
697 535
698 536
700 399
703 420
705 528
706 594
713 589
714 599
717 493
719 506
722 556
728 469
730 548
731 534
732 529
733 608
736 457
737 532
745 456
746 452
747 505
748 473
749 561
751 563
752 667
755 466
756 484
757 508
759 549
760 566
761 612
762 572
763 533
764 562
765 576
767 567
768 607
770 707
778 578
782 513
784 587
785 611
786 618
787 626
791 606
797 547
801 552
804 605
806 598
807 579
810 629
816 514
817 524
819 545
820 593
822 577
825 546
829 645
832 542
835 573
836 647
841 632
842 659
843 677
844 661
846 662
851 617
863 571
865 676
866 665
867 712
877 658
878 666
881 604
883 622
884 653
892 706
895 585
898 664
899 732
905 697
906 704
908 636
909 609
911 719
912 720
913 681
914 699
915 746
921 596
925 724
928 749
929 745
931 783
934 694
940 754
950 674
951 690
953 739
954 731
958 634
960 723
962 641
963 696
968 675
969 708
970 709
974 642
975 770
981 703
982 760
988 685
989 686
990 687
993 689
996 797
1001 655
1005 753
1007 785
1008 786
1014 800
1015 672
1016 715
1018 744
1019 803
1021 804
1027 711
1029 790
1035 680
1037 735
1039 743
1041 729
1042 784
1044 779
1047 847
1050 710
1051 734
1054 716
1059 801
1062 728
1064 781
1068 815
1073 799
1075 836
1076 826
1082 788
1083 819
1091 742
1096 813
1100 853
1102 877
1109 727
1113 765
1117 778
1119 843
1126 834
1127 876
1138 851
1139 857
1142 874
1143 884
1145 762
1154 817
1157 798
1158 828
1159 883
1162 875
1164 888
1172 821
1173 852
1183 811
1184 832
1190 889
1193 902
1199 833
1200 791
1201 812
1209 848
1211 887
1216 809
1217 868
1218 841
1224 915
1225 927
1226 944
1227 820
1228 827
1229 921
1230 914
1231 901
1232 931
1239 872
1247 850
1256 913
1259 926
1263 831
1264 881
1267 960
1268 953
1283 973
1285 838
1290 894
1291 900
1294 909
1295 895
1296 943
1299 986
1306 899
1307 866
1309 938
1312 849
1317 880
1318 947
1320 910
1322 1013
1331 937
1332 958
1334 997
1336 925
1339 985
1346 974
1347 1021
1348 1014
1352 871
1353 879
1354 886
1357 933
1359 989
1366 936
1368 957
1372 1044
1378 965
1379 980
1380 1012
1386 964
1387 984
1388 1020
1392 1011
1393 1052
1394 1043
1397 963
1399 995
1400 996
1402 892
1405 952
1410 1024
1412 1005
1416 924
1418 1009
1419 1019
1421 1051
1428 1001
1437 911
1442 1030
1447 941
1452 1032
1456 1064
1458 929
1459 950
1463 1039
1465 1074
1472 1041
1474 1056
1480 1033
1481 1040
1484 928
1487 951
1498 1084
1499 1085
1501 1007
1502 969
1505 1028
1507 1088
1510 956
1511 999
1515 1080
1516 1055
1517 1097
1518 1098
1519 1118
1525 1079
1529 1093
1530 1068
1531 1102
1538 1031
1539 1083
1544 978
1545 993
1549 1073
1553 1128
1557 1147
1559 992
1560 968
1572 1121
1573 1129
1574 1139
1582 1108
1583 967
1585 1046
1586 1047
1589 1153
1601 1120
1610 1126
1615 1094
1621 1137
1623 1167
1625 1144
1627 1156
1630 1053
1633 1092
1642 1133
1643 1146
1648 1087
1649 1078
1650 1142
1660 1072
1667 1160
1668 1165
1669 1174
1676 1114
1679 1181
1680 1113
1689 1151
1692 1214
1693 1076
1694 1104
1697 1152
1702 1225
1705 1239
1706 1075
1710 1100
1712 1150
1715 1196
1717 1198
1719 1205
1721 1190
1724 1247
1728 1211
1730 1202
1731 1213
1732 1224
1734 1257
1736 1206
1747 1170
1750 1189
1753 1252
1757 1110
1763 1233
1765 1246
1766 1265
1768 1237
1769 1218
1773 1123
1774 1155
1781 1263
1789 1222
1793 1271
1802 1245
1809 1285
1814 1230
1816 1274
1828 1262
1829 1284
1835 1162
1837 1210
1841 1334
1845 1188
1851 1168
1852 1186
1856 1173
1860 1281
1863 1302
1871 1273
1874 1294
1875 1296
1876 1318
1883 1228
1886 1297
1887 1322
1888 1323
1891 1199
1894 1288
1898 1351
1902 1338
1904 1340
1914 1320
1915 1357
1921 1373
1923 1203
1926 1300
1927 1316
1938 1369
1945 1358
1947 1208
1952 1343
1955 1406
1964 1248
1966 1398
1971 1386
1976 1267
1977 1309
1981 1278
1983 1311
1987 1348
1988 1365
1989 1371
1991 1397
1993 1292
1999 1399
2006 1339
2010 1438
2012 1235
2015 1437
2016 1426
2019 1293
2022 1355
2024 1286
2027 1329
2031 1393
2036 1287
2038 1335
2044 1404
2045 1405
2046 1277
2055 1402
2066 1354
2067 1391
2069 1409
2070 1446
2072 1447
2074 1336
2080 1445
2089 1346
2093 1363
2098 1467
2099 1490
2111 1306
2112 1341
2115 1480
2118 1361
2122 1456
2125 1475
2126 1517
2127 1353
2129 1420
2130 1433
2135 1374
2136 1415
2143 1444
2144 1388
2145 1479
2147 1525
2149 1359
2155 1496
2169 1505
2171 1540
2175 1412
2176 1413
2180 1510
2186 1384
2188 1417
2193 1533
2196 1443
2202 1532
2204 1602
2206 1487
2207 1494
2208 1543
2210 1427
2211 1502
2218 1394
2225 1473
2227 1485
2228 1509
2230 1542
2232 1531
2233 1608
2239 1474
2240 1522
2242 1597
2246 1450
2253 1440
2256 1581
2259 1596
2262 1636
2265 1423
2266 1461
2267 1513
2273 1535
2275 1520
2276 1559
2279 1616
2281 1634
2282 1617
2283 1657
2289 1537
2298 1507
2299 1529
2301 1607
2302 1640
2305 1499
2306 1500
2311 1453
2313 1512
2314 1501
2318 1665
2319 1666
2323 1554
2328 1536
2329 1558
2330 1595
2331 1631
2335 1498
2339 1549
2340 1524
2343 1622
2344 1630
2345 1632
2348 1497
2363 1670
2366 1685
2370 1528
2371 1578
2372 1579
2375 1683
2376 1664
2380 1506
2395 1626
2396 1691
2397 1727
2407 1669
2408 1705
2409 1749
2413 1620
2416 1643
2417 1654
2423 1653
2424 1673
2425 1700
2427 1763
2428 1546
2431 1661
2439 1565
2443 1660
2452 1694
2454 1701
2457 1659
2459 1733
2460 1747
2462 1748
2464 1591
2468 1734
2471 1614
2474 1680
2475 1667
2476 1689
2477 1674
2482 1610
2484 1710
2486 1746
2488 1767
2495 1703
2496 1725
2497 1709
2500 1613
2501 1650
2502 1692
2504 1637
2510 1797
2513 1706
2518 1789
2519 1796
2520 1790
2521 1791
2524 1792
2525 1825
2526 1647
2535 1651
2538 1699
2539 1708
2541 1711
2544 1809
2545 1724
2546 1679
2550 1838
2555 1648
2564 1837
2567 1686
2572 1770
2574 1804
2575 1795
2579 1840
2581 1658
2583 1688
2585 1741
2592 1857
2596 1787
2597 1811
2598 1806
2610 1800
2613 1824
2614 1816
2615 1813
2618 1750
2623 1836
2624 1850
2628 1742
2630 1823
2634 1849
2635 1860
2637 1879
2639 1776
2640 1848
2646 1794
2647 1775
2649 1830
2655 1801
2661 1810
2662 1802
2664 1894
2669 1735
2672 1781
2677 1847
2681 1821
2682 1829
2687 1856
2688 1822
2696 1757
2697 1773
2700 1815
2701 1845
2703 1846
2705 1884
2707 1885
2710 1941
2711 1783
2713 1833
2715 1826
2719 1913
2726 1805
2729 1863
2731 1906
2732 1895
2735 1950
2737 1798
2748 1926
2751 1818
2755 1843
2758 1920
2759 1912
2763 1870
2764 1887
2769 1958
2774 1854
2777 1832
2784 1817
2788 1869
2790 1878
2792 1901
2793 1902
2794 1889
2795 1939
2802 1875
2803 1911
2805 1991
2808 1841
2809 1874
2810 1918
2811 1903
2812 1919
2814 1949
2822 1828
2828 1831
2835 1925
2842 1853
2844 1965
2855 1899
2857 1935
2864 1984
2866 2012
2873 2038
2880 1947
2888 1964
2897 1915
2899 1893
2903 1890
2904 1891
2908 1948
2910 1999
2915 2006
2920 2030
2921 1877
2922 1928
2923 1892
2924 1971
2925 1968
2926 1982
2927 2035
2929 2037
2933 1998
2934 1983
2937 2068
2940 1962
2945 1997
2948 2055
2953 1980
2958 1953
2959 2064
2968 1932
2969 1933
2970 2019
2971 2028
2976 1960
2978 1995
2980 2081
2983 1951
2984 1970
2987 2052
2988 2082
2992 1994
2993 1972
2994 2027
2998 2083
3001 1988
3002 1989
3011 1942
3012 1943
3014 2054
3021 2126
3024 2016
3034 2062
3039 2125
3042 2025
3044 2014
3048 2107
3053 1975
3054 2009
3055 2010
3057 2070
3058 2071
3060 2178
3063 2032
3065 2132
3070 2044
3072 2097
3078 2031
3079 2042
3082 2015
3087 2158
3091 2039
3092 2050
3094 2040
3098 2157
3103 2162
3109 2088
3112 2122
3113 2123
3121 2163
3124 2094
3126 2155
3127 2131
3129 2213
3137 2161
3139 2187
3144 2060
3147 2077
3148 2087
3149 2128
3151 2138
3152 2129
3153 2197
3155 2208
3156 2211
3159 2102
3160 2120
3165 2078
3167 2166
3168 2175
3171 2092
3174 2093
3175 2196
3180 2101
3183 2113
3187 2254
3189 2084
3190 2137
3194 2167
3195 2242
3209 2154
3210 2172
3211 2205
3212 2219
3217 2233
3222 2153
3223 2206
3227 2115
3228 2152
3232 2225
3234 2259
3236 2243
3238 2275
3241 2181
3246 2250
3254 2180
3259 2171
3263 2210
3279 2142
3285 2239
3289 2304
3290 2170
3293 2301
3301 2232
3303 2247
3305 2284
3307 2222
3308 2246
3309 2224
3311 2253
3312 2256
3322 2199
3324 2230
3326 2299
3327 2231
3328 2282
3330 2340
3333 2184
3334 2185
3335 2252
3336 2273
3337 2255
3339 2263
3341 2349
3345 2227
3352 2249
3353 2271
3357 2384
3359 2245
3360 2226
3361 2266
3365 2375
3367 2220
3369 2281
3371 2294
3374 2312
3378 2267
3382 2248
3387 2308
3389 2329
3396 2338
3406 2327
3409 2386
3413 2321
3414 2325
3418 2357
3424 2343
3428 2405
3431 2417
3436 2396
3450 2353
3453 2355
3454 2372
3455 2368
3463 2379
3465 2434
3471 2411
3476 2367
3485 2371
3489 2399
3490 2412
3496 2317
3498 2390
3499 2378
3500 2395
3505 2369
3508 2366
3509 2401
3512 2456
3521 2453
3531 2432
3532 2433
3533 2440
3541 2418
3548 2439
3550 2462
3553 2500
3558 2469
3585 2511
3588 2544
3591 2426
3592 2525
3599 2455
3602 2559
3604 2481
3609 2571
3611 2457
3613 2483
3615 2547
3620 2507
3634 2552
3635 2612
3638 2503
3639 2509
3640 2504
3641 2510
3642 2524
3645 2570
3648 2541
3651 2596
3653 2518
3654 2523
3655 2538
3656 2540
3657 2579
3662 2557
3663 2576
3671 2611
3672 2473
3675 2575
3677 2602
3678 2470
3684 2554
3686 2545
3688 2593
3692 2561
3701 2641
3706 2640
3714 2623
3715 2631
3718 2622
3721 2585
3724 2639
3736 2608
3737 2647
3740 2671
3742 2572
3747 2630
3748 2637
3749 2620
3750 2584
3751 2616
3752 2607
3759 2627
3761 2686
3766 2589
3771 2670
3772 2685
3781 2655
3785 2669
3791 2720
3795 2682
3796 2683
3799 2654
3800 2705
3802 2696
3808 2718
3812 2614
3814 2667
3820 2736
3822 2699
3825 2652
3828 2740
3832 2673
3833 2645
3834 2754
3835 2715
3845 2711
3846 2702
3853 2679
3855 2755
3859 2632
3862 2712
3867 2666
3872 2789
3874 2658
3875 2738
3890 2677
3891 2723
3893 2731
3894 2764
3900 2748
3903 2810
3907 2803
3924 2750
3925 2796
3933 2794
3934 2835
3935 2854
3936 2788
3938 2813
3942 2786
3946 2780
3953 2817
3960 2832
3961 2824
3962 2859
3963 2734
3969 2867
3971 2804
3973 2837
3978 2830
3987 2822
3988 2861
3989 2914
3995 2849
4003 2831
4005 2862
4009 2847
4010 2836
4012 2886
4017 2873
4018 2869
4022 2884
4028 2856
4032 2887
4034 2857
4035 2881
4039 2903
4049 2919
4051 2911
4052 2883
4055 2790
4057 2892
4059 2880
4061 2889
4064 2846
4065 2828
4067 2900
4068 2888
4069 2902
4070 2820
4073 2957
4078 2868
4079 2924
4083 2938
4084 2913
4089 2925
4090 2950
4096 2912
4098 2974
4101 2946
4104 2908
4107 2984
4109 2826
4125 2899
4130 2940
4131 3001
4135 2930
4136 2956
4137 2968
4144 3006
4145 2898
4152 3005
4154 2944
4155 2922
4156 2939
4157 2907
4160 2945
4161 2961
4162 2994
4163 3004
4166 2960
4167 2997
4172 2989
4173 3021
4176 3024
4184 2978
4186 3051
4194 3026
4196 2987
4199 3033
4204 3018
4210 3060
4212 2949
4214 3019
4221 3061
4225 3055
4231 3010
4233 3023
4234 3068
4235 2976
4236 2996
4237 3047
4238 3008
4241 3086
4245 3058
4248 3085
4255 3081
4256 3071
4259 3028
4261 3088
4264 3053
4267 3049
4270 3100
4271 3109
4276 3015
4277 3030
4280 3084
4281 3078
4290 3149
4298 3101
4303 3106
4313 3160
4316 3073
4324 3159
4332 3157
4343 3158
4346 3146
4348 3140
4352 3164
4357 3095
4364 3135
4365 3156
4372 3072
4377 3180
4378 3202
4381 3175
4388 3132
4391 3174
4392 3196
4393 3219
4400 3230
4402 3258
4405 3229
4408 3238
4409 3236
4411 3204
4416 3244
4420 3216
4429 3246
4434 3144
4435 3182
4437 3242
4439 3255
4443 3213
4444 3265
4456 3279
4463 3194
4464 3252
4467 3293
4475 3301
4476 3273
4483 3254
4486 3337
4489 3292
4494 3307
4499 3250
4505 3347
4515 3321
4519 3214
4522 3305
4524 3354
4529 3322
4535 3280
4537 3358
4538 3346
4543 3326
4549 3143
4551 3363
4561 3376
4563 3298
4571 3408
4575 3303
4578 3344
4579 3384
4583 3297
4584 3353
4593 3339
4594 3340
4597 3382
4598 3386
4601 3437
4602 3385
4603 3428
4607 3403
4608 3417
4614 3438
4615 3411
4617 3431
4619 3416
4627 3459
4630 3442
4632 3467
4635 3374
4649 3479
4650 3447
4655 3439
4657 3427
4658 3454
4659 3462
4663 3463
4669 3413
4671 3511
4674 3494
4678 3506
4681 3473
4682 3460
4685 3472
4691 3488
4692 3514
4693 3485
4700 3492
4707 3504
4709 3510
4710 3520
4713 3500
4714 3538
4715 3533
4726 3515
4731 3512
4736 3495
4745 3544
4749 3554
4754 3545
4756 3542
4764 3550
4770 3555
4773 3570
4777 3604
4778 3578
4781 3592
4782 3575
4792 3580
4794 3606
4804 3647
4813 3582
4819 3635
4828 3634
4829 3602
4833 3616
4837 3608
4841 3629
4867 3644
4871 3645
4880 3672
4882 3689
4885 3662
4909 3731
4910 3697
4912 3693
4920 3714
4940 3691
4941 3722
4944 3713
4946 3733
4962 3717
