f_0082642.png f_0082670.png
3 416
4 419
6 467
7 488
13 503
34 475
38 518
40 496
43 517
54 339
58 460
67 487
69 480
70 508
71 495
74 521
78 499
81 509
89 526
90 515
100 561
108 588
113 596
122 595
126 565
137 600
145 583
147 614
153 628
155 585
162 693
172 609
174 677
186 654
190 686
194 703
204 656
206 719
212 655
229 647
240 671
242 679
245 661
253 695
254 742
255 775
269 750
270 768
280 699
283 705
295 734
318 795
328 774
342 761
345 806
346 816
359 801
366 808
367 829
369 764
373 748
377 804
381 767
382 805
385 785
393 815
395 766
399 780
408 822
409 784
410 788
415 862
430 799
431 841
434 832
444 831
454 850
457 871
460 852
471 889
473 851
477 940
485 938
496 855
498 964
505 885
512 980
513 984
519 939
530 893
531 928
535 914
536 904
548 950
554 1040
560 1013
567 937
586 998
590 968
592 925
613 1033
615 1087
618 978
623 1096
628 1073
636 983
642 993
649 972
673 1008
678 1012
679 1009
687 1064
688 1094
693 1026
700 1118
704 1018
709 1126
711 1023
721 1079
728 1058
735 1063
750 1059
756 1069
760 1054
762 1113
775 1062
791 1141
800 1085
806 1093
826 1112
830 1137
849 1128
850 1146
857 1167
858 1172
864 1136
865 1154
873 1183
876 1191
877 1174
888 1145
893 1130
897 1210
898 1205
901 1131
904 1206
915 1153
919 1198
927 1194
928 1171
934 1228
937 1227
943 1204
944 1239
946 1200
951 1248
959 1260
960 1285
961 1306
966 1226
979 1238
1003 1247
1022 1321
1023 1243
1039 1283
1041 1353
1060 1363
1063 1246
1066 1304
1069 1346
1071 1299
1082 1352
1105 1351
1106 1415
1114 1331
1120 1332
1124 1357
1127 1414
1132 1429
1138 1405
1146 1356
1147 1362
1159 1443
1168 1384
1178 1317
1186 1355
1187 1376
1188 1390
1201 1413
1203 1512
1204 1354
1210 1383
1214 1382
1227 1499
1244 1428
1248 1452
1254 1498
1264 1450
1266 1451
1272 1473
1287 1406
1289 1407
1290 1441
1291 1455
1295 1527
1301 1471
1316 1374
1320 1418
1322 1485
1329 1551
1334 1483
1339 1540
1355 1496
1361 1436
1370 1536
1403 1468
1410 1532
1412 1600
1414 1634
1428 1633
1439 1554
1440 1652
1458 1648
1463 1593
1469 1677
1477 1617
1481 1578
1491 1682
1499 1604
1502 1693
1511 1632
1512 1646
1518 1664
1519 1531
1524 1689
1526 1687
1541 1555
1546 1598
1553 1602
1557 1703
1578 1638
1581 1714
1596 1699
1600 1655
1601 1713
1616 1712
1618 1727
1628 1625
1638 1611
1684 1811
1696 1675
1719 1708
1739 1674
1744 1792
1749 1746
1750 1839
1763 1680
1799 1843
1818 1824
1839 1881
1846 1776
1847 1798
1848 1799
1849 1831
1852 1875
1858 1920
1863 1925
1888 1960
1902 1790
1915 1952
1928 1966
1937 1951
1950 1863
1952 1982
1953 1972
1977 1775
1979 1971
1980 1981
2027 2018
2036 1899
2037 2062
2059 2003
2069 2052
2071 2049
2076 1964
2097 1994
2102 2069
2105 2110
2107 2074
2109 1989
2114 2030
2142 2099
2145 1898
2149 1991
2191 2072
2205 2131
2206 2225
2210 2127
2215 2112
2228 2140
2232 2126
2234 2210
2242 2143
2245 2152
2250 2144
2297 2154
2312 2071
2324 2221
2338 2196
2389 2256
2438 2305
2454 2303
2457 2209
2513 2416
2514 2253
2521 2254
2548 2327
2560 2357
2602 2128
2707 2422
2713 2505
2716 2295
2768 2383
2776 2339
2788 2375
2858 2448
2867 2306
2930 2652
2936 2325
