f_0082864.png f_0082868.png
2 3
6 23
22 16
25 31
50 33
62 36
66 49
71 24
74 25
75 10
76 52
77 12
84 27
87 2
91 61
112 67
114 85
118 87
120 48
123 64
129 74
133 97
136 88
140 116
142 100
143 76
146 112
156 136
157 103
161 177
163 124
169 148
170 129
178 111
188 125
190 104
197 168
198 150
206 156
209 181
214 167
215 131
219 165
220 160
225 96
228 171
233 191
248 204
250 195
261 123
263 215
264 228
266 221
268 202
271 192
280 238
291 201
296 316
303 237
305 272
308 233
310 243
311 244
313 260
316 288
318 252
319 277
320 290
336 291
340 278
349 247
353 296
354 313
373 303
380 319
381 330
385 302
392 334
393 329
395 309
397 349
398 327
407 310
419 326
423 333
441 393
447 390
449 426
450 363
455 372
457 370
463 348
471 378
474 400
477 435
480 377
481 366
485 394
494 416
513 450
521 424
529 397
530 409
543 438
544 446
545 420
546 440
550 501
554 439
564 478
570 459
579 470
582 493
587 500
592 479
593 458
597 340
602 477
604 498
608 513
613 491
617 445
618 489
619 512
624 538
627 503
629 463
636 504
646 557
650 555
655 524
656 552
657 548
658 543
661 502
662 558
663 559
664 525
671 490
672 590
673 576
678 508
696 565
698 615
702 595
704 588
711 574
712 653
715 622
716 603
727 635
731 623
732 624
739 641
746 609
750 628
762 594
769 649
774 712
777 596
779 638
792 677
795 682
801 664
806 695
810 699
811 693
812 636
815 688
816 690
822 707
825 702
827 705
838 739
839 681
844 709
845 679
848 733
849 720
851 701
853 722
854 723
867 796
873 746
887 600
892 726
893 727
895 708
908 731
911 741
913 774
922 749
923 770
924 771
929 790
936 563
940 791
941 766
942 760
943 779
948 767
949 756
950 784
951 620
954 564
957 789
958 811
959 776
963 773
972 805
973 815
980 798
991 822
992 838
993 803
994 814
996 832
997 841
1006 823
1020 812
1021 837
1022 865
1024 830
1025 846
1026 804
1027 866
1031 813
1033 849
1041 873
1042 831
1043 847
1046 683
1050 858
1053 644
1059 697
1064 827
1066 876
1067 839
1068 888
1070 877
1073 836
1077 884
1078 868
1089 926
1090 875
1099 845
1100 853
1108 906
1121 955
1122 927
1123 871
1124 856
1129 905
1139 855
1142 917
1143 904
1144 918
1145 919
1152 940
1161 948
1163 883
1164 945
1168 713
1169 887
1173 915
1177 920
1179 966
1184 942
1187 934
1192 963
1193 946
1195 932
1198 787
1199 989
1202 979
1206 988
1211 956
1212 962
1213 944
1214 986
1215 974
1219 959
1224 943
1232 825
1238 951
1239 987
1241 1056
1244 1016
1259 957
1260 958
1265 995
1268 973
1280 1007
1292 992
1294 1024
1296 1045
1298 901
1300 998
1305 1055
1306 850
1307 1031
1308 1036
1315 1032
1324 1061
1325 1044
1327 1023
1330 1048
1331 1040
1336 1085
1339 1028
1340 1035
1347 1038
1349 1009
1358 1053
1359 1078
1364 1070
1365 1071
1366 1039
1368 1090
1374 1018
1375 1081
1377 1101
1387 1099
1392 1094
1395 1072
1396 1130
1397 1062
1399 1087
1400 1082
1408 1126
1417 1067
1419 1074
1422 1077
1427 1049
1435 1110
1439 1098
1440 1128
1445 1162
1449 1069
1451 1125
1458 1080
1459 1153
1460 1141
1461 1145
1463 1159
1466 1182
1469 1144
1477 1138
1478 1161
1483 1109
1486 1238
1488 1180
1489 1172
1494 1169
1495 1160
1497 1166
1505 1171
1506 1193
1509 1218
1511 1119
1512 1205
1513 1223
1514 1227
1521 1198
1523 1208
1525 1236
1528 1230
1531 1216
1536 1209
1540 1188
1546 1197
1547 1151
1551 1237
1554 1275
1556 1276
1557 1257
1559 1296
1560 1252
1562 1239
1566 1258
1577 1232
1579 1313
1583 1118
1584 1248
1587 1240
1589 1285
1594 1315
1596 1266
1599 1254
1601 1280
1602 1306
1606 1268
1610 1320
1613 1278
1614 1273
1616 1294
1618 1323
1620 1259
1622 1298
1625 1361
1627 1291
1628 1312
1629 1277
1640 1270
1644 1287
1649 1346
1653 1344
1654 1333
1655 1325
1656 1378
1657 1357
1658 1367
1659 1337
1661 1372
1662 1261
1664 1400
1666 1383
1669 1387
1670 1352
1673 1401
1683 1362
1685 1391
1690 1415
1697 1374
1699 1363
1700 1364
1707 1381
1709 1399
1710 1390
1717 1405
1721 1398
1722 1375
1723 1376
1726 1414
1727 1407
1730 1388
1733 1377
1742 1354
1744 1457
1745 1406
1746 1429
1747 1430
1748 1449
1753 1360
1754 1373
1760 1450
1761 1451
1762 1422
1763 1389
1764 1353
1766 1424
1773 1425
1775 1411
1777 1442
1788 1443
1790 1417
1793 1434
1795 1426
1797 1445
1798 1446
1801 1459
1803 1503
1812 1484
1813 1447
1819 1431
1823 1482
1824 1396
1828 1472
1831 1501
1839 1500
1843 1495
1844 1519
1845 1497
1850 1502
1858 1480
1860 1510
1864 1518
1876 1515
1878 1560
1894 1546
1895 1524
1896 1508
1900 1549
1905 1496
1908 1462
1909 1550
1910 1543
1911 1554
1912 1538
1921 1548
1926 1577
1927 1586
1928 1513
1932 1562
1937 1490
1939 1506
1946 1539
1951 1370
1953 1489
1959 1599
1960 1608
1981 1581
1984 1555
1994 1626
1995 1596
2002 1632
2006 1571
2007 1601
2008 1523
2009 1612
2010 1591
2011 1606
2014 1647
2015 1654
2021 1634
2022 1567
2027 1572
2028 1614
2031 1677
2034 1650
2041 1664
2045 1662
2046 1628
2047 1645
2052 1630
2054 1702
2055 1671
2064 1669
2073 1610
2075 1674
2078 1680
2081 1660
2085 1652
2089 1681
2103 1668
2110 1713
2116 1658
2117 1659
2119 1688
2122 1753
2123 1724
2124 1690
2134 1665
2136 1653
2138 1712
2139 1676
2141 1745
2146 1682
2149 1709
2161 1711
2165 1683
2167 1747
2174 1699
2177 1748
2183 1726
2190 1728
2192 1730
2196 1701
2198 1778
2211 1717
2213 1758
2215 1768
2218 1708
2219 1775
2233 1804
2236 1756
2240 1817
2243 1763
2254 1805
2259 1852
2260 1814
2261 1799
2262 1777
2266 1769
2268 1838
2290 1815
2295 1785
2298 1810
2303 1847
2306 1855
2307 1816
2308 1827
2309 1836
2310 1846
2315 1875
2326 1802
2328 1856
2329 1858
2330 1837
2334 1791
2337 1886
2339 1790
2351 1844
2353 1871
2354 1885
2359 1905
2363 1904
2381 1897
2383 1813
2390 1830
2391 1899
2394 1869
2395 1873
2399 1865
2401 1895
2403 1920
2412 1867
2414 1884
2418 1896
2424 1927
2434 1926
2441 1877
2442 1900
2443 1894
2447 1950
2451 1963
2452 1955
2455 1864
2460 1958
2464 1936
2465 1980
2470 1882
2472 1948
2474 1783
2475 1945
2476 2003
2481 1994
2482 1982
2486 1962
2489 1993
2490 2017
2491 2036
2496 1967
2497 2007
2502 2001
2504 2102
2507 1988
2509 1951
2519 1947
2520 1989
2522 1992
2523 1961
2524 1908
2539 2026
2542 1997
2543 2051
2545 1990
2546 2025
2550 1907
2555 2034
2561 1971
2571 1975
2572 1996
2575 2039
2576 1999
2580 2008
2582 2038
2583 2049
2584 2042
2587 1946
2588 2151
2589 2031
2590 2073
2593 2060
2596 2104
2598 2097
2599 2062
2601 2063
2602 2106
2604 1974
2607 2040
2608 2075
2614 2095
2619 2072
2626 2132
2631 2078
2633 2029
2635 2096
2637 2076
2638 2077
2640 2098
2652 2111
2653 2070
2654 2121
2663 2113
2664 2172
2667 2114
2675 2055
2677 1969
2678 2100
2680 2173
2683 2127
2687 2154
2688 2117
2689 2123
2692 2083
2695 2088
2697 2161
2698 2142
2700 2181
2701 2147
2704 2135
2711 2144
2712 2146
2719 2160
2721 2157
2722 2138
2724 2168
2729 2110
2735 2158
2738 2196
2741 2165
2745 2183
2748 2186
2759 2230
2763 2207
2771 2195
2776 2125
2781 2197
2782 2227
2785 2164
2786 2179
2792 2163
2800 2218
2803 2124
2815 2243
2816 2224
2820 2254
2821 2139
2823 2231
2826 2240
2830 2194
2831 2244
2837 2237
2842 2261
2847 2284
2850 2267
2852 2223
2856 2292
2861 2303
2868 2233
2872 2266
2874 2287
2875 2288
2886 2213
2887 2283
2891 2270
2898 2260
2906 2301
2909 2274
2911 2269
2912 2299
2913 2263
2918 2302
2919 2331
2920 2294
2922 2249
2928 2330
2931 2293
2934 2329
2935 2323
2948 2385
2953 2321
2958 2315
2959 2335
2964 2363
2968 2327
2970 2393
2971 2365
2972 2268
2977 2356
2982 2310
2983 2319
2990 2336
2995 2398
2999 2338
3001 2318
3002 2402
3004 2396
3005 2375
3010 2259
3014 2382
3015 2361
3016 2403
3017 2340
3018 2372
3019 2390
3020 2405
3021 2416
3022 2433
3023 2308
3025 2317
3027 2370
3029 2384
3032 2394
3035 2296
3036 2359
3037 2389
3039 2368
3041 2404
3046 2381
3047 2412
3049 2440
3051 2432
3057 2387
3059 2415
3065 2439
3067 2460
3068 2479
3072 2366
3074 2423
3075 2447
3078 2457
3080 2425
3081 2469
3084 2430
3085 2459
3088 2436
3092 2414
3097 2410
3098 2367
3101 2333
3104 2417
3105 2345
3107 2411
3108 2478
3110 2428
3111 2437
3115 2483
3116 2474
3118 2532
3122 2444
3126 2501
3128 2518
3130 2495
3135 2454
3142 2482
3143 2509
3144 2477
3154 2443
3155 2435
3161 2528
3168 2468
3173 2533
3178 2418
3180 2464
3192 2506
3193 2499
3199 2571
3202 2467
3207 2498
3209 2527
3211 2547
3212 2523
3213 2505
3215 2560
3220 2516
3223 2576
3225 2606
3229 2526
3231 2504
3232 2510
3234 2559
3235 2597
3243 2462
3247 2552
3252 2603
3256 2564
3261 2522
3262 2542
3264 2543
3266 2590
3268 2585
3274 2581
3275 2575
3276 2583
3277 2584
3284 2524
3285 2596
3293 2615
3297 2646
3305 2608
3309 2601
3313 2647
3316 2594
3326 2621
3327 2637
3328 2680
3332 2665
3336 2657
3339 2673
3342 2635
3344 2670
3348 2639
3354 2704
3359 2659
3363 2685
3374 2551
3376 2676
3377 2678
3379 2658
3384 2697
3386 2699
3388 2669
3395 2700
3397 2710
3398 2711
3401 2692
3404 2640
3417 2738
3419 2715
3421 2742
3423 2638
3424 2633
3426 2734
3432 2722
3437 2707
3439 2729
3440 2739
3441 2688
3446 2764
3447 2727
3451 2705
3455 2745
3456 2763
3462 2751
3464 2682
3465 2725
3466 2733
3469 2757
3471 2758
3475 2786
3482 2797
3485 2766
3490 2731
3497 2787
3498 2750
3506 2775
3509 2771
3515 2695
3518 2746
3519 2785
3529 2783
3533 2800
3535 2653
3539 2784
3540 2820
3544 2795
3549 2828
3551 2835
3552 2803
3561 2826
3562 2827
3567 2811
3568 2791
3569 2782
3570 2756
3572 2848
3583 2815
3586 2855
3587 2873
3588 2856
3599 2816
3602 2881
3603 2830
3607 2869
3609 2837
3610 2871
3611 2874
3617 2846
3622 2879
3635 2885
3637 2849
3638 2901
3639 2852
3649 2876
3652 2832
3658 2883
3660 2887
3667 2899
3670 2886
3675 2898
3677 2893
3678 2894
3679 2916
3683 2933
3689 2902
3690 2921
3703 2911
3705 2945
3711 2915
3713 2961
3733 2954
3737 2957
3739 2931
3744 2978
3745 2970
3751 2942
3754 2948
3759 2946
3763 2941
3765 2977
3772 3014
3774 2959
3775 2986
3777 3030
3779 2958
3780 2967
3782 2968
3790 2955
3795 2985
3796 3017
3797 3008
3801 3004
3806 2966
3809 3035
3818 3007
3819 3040
3820 3041
3827 3025
3828 3074
3829 3057
3834 3037
3839 3010
3840 3054
3841 3045
3843 3039
3845 3051
3846 3079
3848 2997
3850 3038
3859 3036
3863 3071
3869 3056
3880 3063
3881 3064
3883 3009
3887 3086
3890 3098
3893 3059
3896 3089
3905 3105
3907 3107
3908 3128
3910 3095
3912 3119
3913 3061
3922 3084
3924 3113
3929 3103
3930 3127
3932 3122
3946 3141
3949 3137
3966 3147
3967 3065
3970 3150
3976 3092
3979 3134
3980 3146
3988 3125
3989 3145
3993 3193
3994 3160
4002 3143
4006 3168
4010 3176
4013 3149
4018 3067
4020 3163
4024 3154
4028 3117
4029 3153
4039 3167
4041 3155
4044 3165
4045 3203
4047 3197
4048 3204
4054 3179
4055 3188
4056 3196
4057 3183
4059 3172
4061 3191
4062 3216
4075 3187
4076 3189
4077 3195
4078 3192
4081 3225
4085 3235
4088 3171
4089 3200
4094 3223
4095 3208
4096 3201
4104 3249
4108 3224
4115 3215
4116 3229
4117 3258
4118 3231
4119 3232
4120 3260
4122 3284
4125 3242
4128 3248
4129 3239
4131 3233
4132 3274
4142 3228
4143 3246
4146 3265
4149 3311
4150 3245
4151 3254
4154 3252
4157 3227
4158 3273
4159 3247
4163 3241
4166 3271
4167 3272
4168 3259
4172 3270
4173 3305
4188 3318
4190 3307
4193 3350
4196 3278
4198 3327
4203 3287
4211 3326
4212 3310
4215 3339
4221 3319
4230 3331
4234 3322
4236 3341
4238 3352
4241 3377
4246 3376
4254 3355
4255 3356
4261 3357
4264 3386
4265 3349
4272 3403
4274 3405
4275 3340
4278 3384
4280 3395
4282 3401
4284 3374
4289 3381
4293 3371
4298 3407
4303 3417
4304 3436
4306 3433
4307 3414
4313 3444
4315 3412
4320 3413
4321 3430
4323 3422
4324 3423
4327 3461
4330 3406
4332 3442
4335 3432
4336 3457
4338 3462
4340 3409
4342 3443
4344 3427
4345 3428
4347 3468
4355 3447
4356 3458
4360 3463
4361 3473
4368 3471
4373 3439
4374 3464
4376 3492
4377 3467
4379 3454
4380 3494
4386 3508
4391 3474
4393 3484
4395 3446
4401 3495
4402 3485
4404 3501
4407 3547
4408 3451
4411 3489
4423 3525
4425 3491
4426 3514
4437 3490
4438 3498
4443 3540
4446 3531
4452 3538
4453 3559
4458 3545
4459 3546
4461 3550
4462 3551
4470 3564
4472 3567
4476 3539
4479 3575
4481 3577
4486 3589
4487 3563
4488 3557
4489 3591
4492 3615
4495 3572
4496 3602
4498 3627
4502 3624
4509 3583
4511 3590
4513 3574
4520 3579
4526 3631
4528 3610
4529 3612
4530 3633
4531 3618
4532 3619
4534 3600
4535 3650
4537 3641
4538 3660
4547 3670
4550 3604
4554 3655
4555 3620
4556 3644
4564 3646
4571 3629
4572 3630
4574 3662
4575 3666
4577 3657
4578 3692
4583 3649
4584 3656
4586 3668
4589 3659
4590 3634
4593 3693
4595 3689
4596 3677
4598 3724
4607 3674
4608 3675
4610 3676
4611 3681
4612 3723
4620 3699
4621 3715
4622 3717
4623 3721
4624 3701
4629 3725
4632 3714
4633 3727
4634 3730
4640 3697
4646 3716
4658 3752
4665 3755
4668 3743
4672 3735
4674 3742
4676 3758
4677 3796
4684 3757
4690 3774
4691 3792
4693 3759
4703 3767
4708 3779
4718 3807
4720 3797
4725 3781
4727 3842
4732 3803
4737 3822
4740 3840
4741 3820
4744 3813
4745 3814
4746 3805
4749 3833
4761 3834
4766 3855
4767 3823
4773 3886
4776 3845
4777 3838
4778 3832
4781 3881
4785 3865
4786 3839
4789 3871
4795 3859
4802 3858
4806 3883
4807 3869
4811 3864
4812 3874
4822 3893
4823 3885
4824 3900
4825 3850
4828 3866
4829 3876
4838 3891
4839 3917
4842 3936
4847 3892
4851 3926
4863 3905
4865 3916
4866 3956
4872 3935
4874 3938
4878 3928
4879 3937
4884 3934
4893 3967
4902 3969
4907 3950
4919 3970
4922 3953
4924 3983
4928 3981
4939 4003
4944 3968
4948 3994
4949 3978
4953 3963
4957 4001
4958 3972
4960 3986
4963 3946
4965 3982
4969 4005
4974 4015
4975 3997
4977 4008
4978 3993
4987 3995
4988 4012
4989 3991
4992 3988
4994 3990
4995 4018
4996 4013
4997 4009
5001 4022
5016 4034
5017 4049
5018 4037
5022 4016
5034 4030
5035 4041
5041 4032
5043 4056
5053 4068
5054 4063
5055 4051
5068 4064
5069 4054
5071 4080
5072 4094
5073 4083
5081 4040
5084 4066
5085 4075
5087 4076
5088 4077
5089 4084
5097 4091
5099 4112
5102 4095
5104 4053
5108 4114
5118 4132
5119 4124
5120 4089
5135 4121
5140 4157
5147 4144
5150 4161
5152 4143
5156 4145
5164 4172
5166 4152
5167 4168
5181 4149
5184 4175
5194 4164
5196 4189
5200 4196
5209 4198
5210 4174
5220 4202
5225 4193
5228 4228
5232 4234
5235 4211
5245 4148
5246 4208
5247 4209
5255 4216
5266 4267
5269 4239
5272 4266
5284 4256
5285 4237
5286 4231
5289 4261
5291 4279
5297 4285
5302 4289
5303 4270
5304 4307
5305 4257
5307 4278
5321 4286
5323 4308
5326 4311
5333 4296
5335 4275
5337 4293
5339 4302
5340 4330
5345 4305
5354 4345
5359 4301
5361 4347
5362 4341
5374 4358
5378 4357
5394 4362
5399 4365
5400 4316
5401 4377
5402 4350
5406 4372
5408 4374
5411 4368
5413 4381
5414 4370
5419 4400
5421 4408
5429 4353
5433 4387
5435 4392
5447 4409
5448 4405
5451 4415
5468 4412
5480 4447
5483 4448
5484 4430
5498 4404
5501 4435
5502 4459
5503 4432
5505 4436
5506 4468
5507 4437
5511 4318
5512 4349
5519 4453
5523 4474
5539 4481
5542 4466
5543 4464
5551 4497
5553 4478
5555 4512
5564 4526
5566 4499
5571 4498
5572 4510
5574 4520
5575 4531
5580 4561
5581 4506
5582 4530
5584 4533
5586 4589
5589 4558
5590 4522
5606 4528
5612 4566
5613 4540
5614 4536
5618 4559
5621 4580
5622 4534
5624 4584
5626 4560
5627 4556
5629 4568
5631 4491
5635 4555
5636 4574
5640 4544
5645 4577
5648 4586
5654 4640
5656 4595
5657 4582
5660 4579
5673 4632
5681 4626
5682 4613
5683 4637
5684 4627
5685 4610
5686 4643
5689 4573
5692 4636
5696 4662
5704 4609
5705 4653
5715 4588
5716 4657
5717 4650
5721 4623
5722 4670
5727 4654
5728 4674
5729 4641
5731 4639
5739 4661
5745 4702
5753 4694
5759 4678
5763 4681
5768 4688
5769 4696
5774 4734
5775 4701
5776 4693
5777 4709
5778 4715
5786 4733
5787 4735
5788 4736
5796 4713
5797 4738
5799 4679
5802 4705
5805 4737
5820 4723
5822 4710
5829 4718
5832 4730
5848 4725
5849 4740
