f_0082952.png f_0082968.png
34 150
81 65
112 69
181 99
208 6
245 145
279 181
295 388
296 188
407 278
556 492
601 329
607 281
612 378
613 662
620 344
642 255
721 459
816 542
859 381
865 578
867 588
888 540
907 1213
912 818
944 711
960 741
974 749
1023 860
1058 796
1065 888
1078 701
1109 719
1110 709
1115 1023
1134 976
1143 1015
1170 1094
1171 1035
1182 979
1189 1051
1194 880
1201 931
1205 1075
1217 1145
1233 1150
1237 853
1239 1111
1251 984
1260 1059
1268 1086
1274 1171
1281 1129
1290 1559
1315 1144
1317 955
1318 1196
1337 1275
1345 1274
1353 1217
1369 1313
1375 1573
1378 1562
1381 1347
1395 1407
1401 1287
1425 1290
1429 1318
1438 1252
1439 1329
1445 1364
1455 1401
1473 1350
1479 1154
1487 1362
1494 1293
1504 1373
1510 1475
1520 1333
1524 1393
1525 1495
1568 1462
1569 1367
1573 1442
1574 1450
1600 1698
1604 1443
1619 1440
1625 1516
1634 1397
1698 1569
1702 1565
1709 1662
1715 1575
1718 1589
1731 1574
1732 1582
1736 1718
1744 1568
1746 1588
1752 1592
1753 1612
1765 1594
1776 1737
1788 1699
1793 1605
1794 1608
1808 1625
1814 1628
1840 1982
1920 1906
1980 1845
1983 1939
1999 1860
2021 1922
2046 2002
