f_0082868.png f_0082886.png
0 1122
2 473
5 336
9 1069
11 937
16 466
21 1528
22 647
23 1164
25 462
34 288
36 739
37 556
38 1630
40 478
42 757
46 244
47 1515
48 1204
64 578
65 1324
66 679
68 447
71 1615
72 1172
73 1195
75 831
78 658
84 212
90 1659
95 1036
98 1207
101 1496
107 1045
114 1455
127 317
129 1292
130 753
133 507
155 467
168 928
169 1594
177 666
185 287
189 607
191 1582
193 1064
204 307
216 640
221 1389
223 938
225 887
228 1114
229 1646
240 489
241 1625
258 893
270 1091
272 1044
274 895
276 1224
282 265
291 1210
295 1095
302 1474
306 651
308 746
313 1260
314 289
317 397
323 1685
324 1040
325 252
330 323
340 1357
368 1600
385 440
387 480
393 1658
396 552
397 1473
404 439
407 1011
436 525
443 84
448 591
452 1641
453 1537
458 136
460 364
468 1541
472 837
488 833
495 1249
501 1295
504 166
509 606
515 1637
519 787
528 714
533 756
539 741
542 1079
546 846
550 1219
552 1056
553 1027
581 312
586 10
597 1404
615 492
616 1562
618 1430
627 1193
628 1017
629 716
639 496
644 1253
652 954
667 915
670 1139
674 517
689 542
690 1131
696 1014
699 1099
702 1010
708 539
710 567
712 550
719 200
720 47
721 1278
726 773
730 102
731 20
732 1248
738 1005
747 1111
748 855
751 209
759 1377
763 1258
764 403
777 494
787 1050
789 720
791 549
795 167
799 279
802 267
808 981
809 497
812 303
815 1251
816 1609
817 482
829 574
833 1081
839 900
840 1452
841 1312
854 924
856 339
862 1587
872 823
881 1046
885 777
887 1094
890 1004
892 1031
900 1092
902 1320
910 930
920 1202
928 1384
937 997
942 1032
948 42
952 91
956 1402
966 553
980 687
983 1364
986 832
990 775
999 738
1008 530
1011 502
1012 814
1022 1096
1023 1668
1025 1102
1042 703
1051 71
1053 1753
1059 1564
1067 1165
1085 876
1086 426
1093 862
1095 1300
1099 905
1114 1286
1116 159
1131 26
1132 427
1137 1276
1146 708
1147 93
1149 644
1153 170
1166 1467
1169 1003
1174 936
1175 1425
1181 704
1186 850
1199 1330
1200 535
1204 398
1206 810
1216 898
1218 974
1225 508
1228 52
1230 864
1234 751
1236 1186
1243 1006
1244 692
1251 860
1270 731
1273 1568
1275 340
1281 1596
1284 1067
1290 1683
1298 861
1300 474
1303 1283
1308 61
1319 1580
1321 1696
1341 1020
1347 406
1370 446
1378 612
1380 686
1387 389
1392 856
1397 527
1398 1130
1406 531
1407 399
1410 188
1422 1063
1424 503
1430 1049
1431 931
1432 1628
1437 791
1441 1592
1448 1230
1458 1200
1468 586
1472 1273
1473 838
1476 1082
1478 1134
1487 1713
1488 1108
1491 436
1494 604
1502 396
1513 999
1514 916
1524 1343
1525 824
1535 1097
1541 1318
1547 520
1562 419
1584 763
1591 913
1600 353
1603 1051
1657 1101
1659 598
1663 907
1665 1303
1668 365
1674 1342
1678 1749
1689 1029
1697 1347
1702 1690
1708 1196
1717 483
1728 1109
1731 947
1736 1622
1741 1198
1742 939
1745 1421
1755 315
1758 537
1775 1168
1776 1459
1796 581
1805 1018
1808 498
1814 996
1827 790
1842 945
1848 455
1851 370
1852 266
1869 1284
1872 243
1874 1149
1875 344
1882 1135
1887 843
1901 959
1903 1075
1904 1401
1908 1436
1909 1229
1923 1060
1926 343
1937 1460
1942 510
1961 615
1965 929
1970 388
1971 1255
1976 885
1982 975
1989 957
1991 794
1994 1098
2000 512
2010 1299
2016 1435
2017 1560
2023 1147
2025 384
2035 1021
2036 432
2038 441
2040 1517
2045 1153
2048 151
2049 805
2061 433
2062 858
2063 662
2066 881
2069 584
2075 430
2077 215
2084 809
2091 891
2092 1466
2097 326
2103 77
2105 555
2106 795
2107 849
2108 1481
2109 1527
2111 1239
2119 223
2124 372
2125 1762
2127 1442
2132 41
2138 121
2153 967
2156 1055
2161 484
2163 1434
2164 470
2166 944
2178 1154
2184 842
2195 709
2205 148
2210 1519
2212 611
2225 582
2256 966
2274 429
2282 638
2289 1047
2294 115
2295 331
2303 203
2304 622
2311 1280
2314 742
2319 407
2321 1188
2322 1624
2323 1026
2331 560
2338 1072
2342 1599
2349 154
2351 27
2355 544
2368 1296
2385 654
2386 1441
2405 1171
2414 1100
2417 852
2418 324
2423 1585
2424 374
2449 230
2471 1411
2477 1281
2505 371
2509 420
2511 1274
2515 608
2517 1110
2521 183
2522 700
2525 639
2528 137
2529 319
2533 1028
2534 736
2537 522
2560 1548
2566 1291
2578 1410
2581 304
2582 511
2585 1556
2622 1054
2623 1511
2631 1588
2634 0
2638 318
2651 241
2652 980
2655 592
2672 1214
2673 1308
2696 1106
2698 886
2708 973
2716 1640
2734 296
2737 1424
2752 236
2754 1602
2764 1387
2774 769
2775 1497
2784 381
2794 609
2797 859
2798 964
2800 772
2805 141
2817 921
2820 1125
2824 469
2827 495
2839 599
2851 569
2856 1341
2861 392
2863 1672
2867 1671
2871 1552
2872 355
2873 500
2876 1103
2881 143
2887 30
2899 1586
2911 1486
2921 460
2939 214
2940 210
2945 348
2947 189
2951 1073
2953 1126
2956 345
2958 70
2962 1760
2993 275
