f_0082724.png f_0082670.png
4 247
6 341
12 113
18 34
45 241
56 392
58 367
67 306
70 661
78 150
98 406
102 255
107 2
111 12
115 257
118 429
123 190
124 515
129 87
133 139
148 483
150 246
156 90
157 186
163 687
168 456
170 489
171 601
180 552
186 214
190 122
191 131
193 537
196 371
205 283
210 685
221 21
223 821
224 471
228 426
242 298
247 260
262 354
274 842
280 413
284 826
287 165
289 382
292 756
301 853
302 189
305 621
311 178
322 593
327 927
329 497
330 182
331 501
337 900
338 1014
342 282
352 98
358 671
361 324
364 941
367 1086
370 669
389 16
391 404
399 317
401 745
405 1162
407 384
409 567
410 755
412 378
414 561
419 877
420 331
421 684
425 573
428 789
432 986
440 1082
444 485
450 277
451 574
456 467
460 603
463 744
471 760
472 663
475 390
481 401
487 478
491 1087
492 445
493 813
495 291
501 869
505 765
515 599
520 544
523 1223
532 609
534 196
543 314
550 351
559 1275
560 487
568 425
569 534
570 434
574 709
577 991
580 218
583 308
592 508
601 763
604 542
605 543
606 871
612 568
615 1003
617 333
626 1175
631 1052
635 1123
637 602
646 1386
650 387
652 1024
655 757
658 500
659 674
660 457
662 822
670 835
673 1395
677 566
678 667
679 925
683 1151
688 499
692 1419
697 697
698 1012
703 879
711 529
714 955
725 1057
726 1222
735 916
740 1133
750 693
756 939
762 1297
764 707
771 1203
779 583
795 1129
802 580
807 1248
814 1624
818 1586
819 1481
822 1261
824 638
825 938
828 833
836 636
840 1164
847 1119
848 1177
849 1273
851 1523
852 656
859 1197
869 1009
871 1046
875 1418
887 1096
888 1301
890 974
892 793
902 1325
907 1445
916 1343
917 772
919 1318
920 1345
922 1684
930 1349
933 1760
934 781
936 1257
937 1368
938 883
942 1438
951 1201
955 1192
958 1717
965 820
982 1376
989 1015
990 1286
999 861
1010 1157
1011 1142
1017 1116
1029 1551
1038 1306
1040 1605
1050 1202
1051 1525
1064 1340
1082 1080
1085 1564
1101 1131
1102 1464
1108 1611
1117 1113
1136 1589
1149 1298
1189 1788
1196 1587
1208 1401
1274 1446
1289 1436
1361 1559
