f_0082882.png f_0082776.png
268 199
293 95
329 6
353 729
361 506
362 398
377 296
378 280
379 222
387 324
422 126
427 731
434 500
456 489
461 165
472 641
476 599
477 173
479 359
485 969
488 586
489 528
494 674
513 440
517 611
518 587
519 462
522 849
523 808
526 667
530 720
531 596
535 913
537 606
540 105
542 575
551 631
552 651
558 725
560 283
562 581
568 788
573 602
582 789
589 970
599 593
602 797
611 921
615 203
616 889
625 756
627 613
628 637
636 883
655 869
657 76
664 505
671 472
686 511
693 743
701 694
703 412
708 425
713 446
716 592
718 763
723 604
728 256
729 825
734 890
739 347
740 509
743 752
744 629
747 566
759 678
761 967
777 861
779 728
781 700
786 955
788 784
789 755
799 785
815 1244
817 1217
818 1214
828 979
829 963
835 877
861 1248
863 1034
868 1233
870 1237
885 1171
888 1234
902 758
907 1169
920 957
929 1305
961 968
978 1416
1002 1700
1003 1482
1018 1309
1038 1245
1039 871
1054 1195
1056 1635
1057 1566
1064 1866
1091 1366
1105 1241
1109 1857
1110 1320
