f_0082452.png f_0082642.png
272 16
324 62
327 14
348 3
352 20
354 25
357 27
358 1
368 10
370 11
387 131
394 37
405 47
411 140
437 45
439 80
455 0
459 65
473 126
478 172
487 112
489 125
504 89
508 163
511 144
513 103
514 135
518 117
522 151
548 153
553 124
558 154
563 169
571 197
574 181
584 152
589 167
601 175
624 198
633 205
638 207
640 206
648 195
649 239
660 270
683 218
689 242
690 231
693 233
698 301
702 241
703 269
704 252
709 288
711 283
715 244
718 293
732 355
737 289
741 291
751 248
752 277
756 333
759 415
760 280
769 304
773 318
778 421
779 456
782 325
784 437
785 450
790 454
791 306
799 337
805 319
814 340
832 441
836 339
837 368
839 496
845 356
867 357
868 495
882 506
907 523
909 471
916 492
918 433
924 593
928 614
933 457
935 563
936 452
938 447
947 482
955 428
956 551
962 522
963 501
965 512
978 497
982 464
989 536
990 657
991 776
995 714
997 763
1003 755
1009 652
1013 582
1016 586
1021 775
1023 524
1024 581
1025 646
1039 616
1045 515
1047 612
1050 623
1053 810
1054 650
1055 597
1056 826
1057 802
1066 759
1069 617
1072 638
1074 853
1075 827
1076 630
1091 631
1097 628
1105 565
1109 643
1115 691
1120 825
1121 907
1122 1034
1127 686
1132 747
1133 675
1135 660
1136 694
1141 659
1147 867
1149 712
1154 721
1156 697
1158 789
1159 855
1166 822
1167 1005
1170 732
1171 711
1176 720
1180 803
1181 758
1190 834
1193 765
1194 812
1195 912
1197 735
1199 770
1200 838
1202 1051
1205 773
1209 793
1211 945
1220 1068
1225 847
1227 778
1229 862
1230 716
1231 1072
1234 821
1236 1098
1241 906
1243 1004
1249 904
1253 829
1254 884
1255 925
1256 967
1262 1011
1265 1157
1270 1067
1273 823
1274 832
1277 772
1278 989
1279 943
1280 962
1283 848
1293 941
1301 1175
1302 1189
1308 899
1316 1164
1319 851
1320 918
1323 893
1327 845
1342 880
1345 1037
1346 1076
1347 1229
1359 998
1360 1328
1364 1065
1367 1167
1368 1023
1369 1323
1375 1288
1376 1340
1384 1373
1387 955
1391 1106
1393 1137
1400 1390
1401 1393
1403 1093
1408 1022
1412 1392
1413 1234
1422 1128
1423 1104
1425 1075
1429 1451
1430 1435
1435 1149
1436 1282
1440 1055
1441 1311
1444 1439
1447 1115
1448 1270
1453 1447
1455 1178
1468 1349
1474 1445
1477 1198
1480 1159
1483 1280
1485 1108
1497 1212
1499 1321
1506 1233
1507 1264
1513 1492
1528 1626
1540 1352
1541 1388
1543 1672
1544 1586
1551 1526
1559 1425
1588 1571
1595 1434
1611 1479
1626 1634
1631 1701
