f_0082724.png f_0082952.png
44 516
60 1052
113 1003
154 996
175 911
186 874
201 1426
238 1007
243 960
251 1102
262 1024
277 1820
294 1218
335 1227
351 743
372 1514
378 1078
400 1535
407 1030
413 1132
421 1413
427 1475
434 859
444 1044
496 2095
497 2174
559 2156
645 2301
684 2201
695 1126
769 1423
787 1732
797 2067
804 2016
822 2039
844 2423
856 2516
858 1634
864 1749
869 1794
881 2102
884 2299
894 2260
895 2323
912 2322
925 1835
927 2328
951 1992
956 2024
962 2343
967 2401
1001 2357
1016 2406
1031 2436
1035 2376
1050 1875
1069 2451
1075 2023
1084 1948
1085 2311
1095 2304
1099 2269
1107 2504
1108 2392
1123 2370
1129 1936
1152 2469
1155 2374
1174 2210
1188 2390
1204 2444
1217 2035
1285 1968
1287 2403
1294 2514
1298 2398
1307 2396
1320 2410
1335 2397
1391 2536
1405 2250
1438 2527
1459 2576
1500 2372
1579 2508
1690 2573
1740 2416
