f_0082924.png f_0082876.png
2 222
23 364
28 216
46 312
48 255
51 240
52 231
54 161
58 264
73 274
92 357
94 334
110 197
113 313
137 241
143 333
149 439
150 258
160 288
170 393
182 389
186 248
195 379
197 453
212 327
231 422
249 476
254 321
261 324
264 415
281 435
288 345
303 317
307 348
310 536
325 330
328 386
335 338
337 404
340 358
341 325
344 349
348 429
353 411
365 356
386 384
391 381
397 380
403 396
407 397
408 426
413 412
423 407
431 391
432 515
437 661
438 494
446 495
449 472
450 469
454 471
480 413
481 423
482 498
486 408
502 424
512 438
513 575
515 521
532 436
540 500
547 540
548 449
555 523
570 488
575 570
577 491
579 482
581 638
587 641
588 629
589 496
594 576
596 484
599 611
601 473
604 534
606 527
608 543
612 737
613 707
615 635
617 517
621 501
625 658
634 759
636 511
637 715
639 593
641 646
645 545
647 695
649 687
651 626
652 548
655 785
657 594
661 613
662 596
663 563
667 603
668 600
674 564
677 669
688 589
701 623
705 678
706 601
709 786
721 608
722 617
725 614
738 680
749 681
751 674
756 776
758 568
768 639
770 675
780 836
782 663
786 689
798 676
800 694
802 670
803 652
810 642
811 618
815 671
819 767
821 710
822 891
825 842
826 832
830 711
843 729
851 824
855 709
865 805
867 672
868 856
883 717
895 780
905 843
918 774
931 848
932 833
951 844
952 831
954 754
956 757
957 746
960 860
961 834
974 788
975 742
980 792
982 929
986 827
989 955
1016 807
1023 849
1028 1005
1032 898
1033 853
1035 829
1039 852
1042 828
1068 887
1074 870
1086 882
1094 893
1099 892
1100 940
1105 983
1109 899
1121 994
1125 995
1126 988
1129 941
1134 967
1136 918
1137 908
1138 820
1140 935
1141 944
1154 907
1159 969
1161 895
1162 884
1166 925
1174 979
1178 911
1183 910
1185 1039
1189 945
1190 952
1195 970
1199 989
1200 947
1214 1073
1218 926
1219 982
1223 956
1241 1019
1244 990
1246 962
1248 938
1264 942
1266 971
1269 1017
1271 1003
1278 1021
1284 1047
1285 1022
1295 980
1308 1035
1320 987
1323 1064
1331 1018
1336 1028
1340 1000
1353 1041
1355 1027
1357 1168
1367 1044
1380 1037
1383 1051
1390 1120
1394 1079
1395 1091
1396 1089
1429 1082
1430 1038
1438 1105
1452 1145
1453 1095
1455 1084
1466 1187
1473 1097
1482 1098
1486 1111
1503 1153
1506 1085
1508 1174
1511 1106
1539 1217
1554 1164
1559 1163
1566 1264
1567 1210
1571 1150
1577 1158
1581 1154
1600 1177
1614 1293
1620 1169
1624 1186
1633 1204
1637 1179
1647 1173
1650 1193
1651 1194
1658 1191
1680 1152
1685 1211
1687 1278
1688 1225
1689 1214
1699 1300
1703 1229
1704 1245
1708 1301
1719 1241
1720 1219
1760 1331
1770 1328
1774 1201
1775 1312
1783 1355
1790 1258
1806 1338
1807 1304
1814 1303
1822 1313
1823 1395
1832 1324
1840 1372
1841 1315
1848 1270
1850 1380
1859 1359
1871 1391
1894 1381
1901 1402
1903 1383
1904 1377
1958 1367
1985 1416
1994 1386
2003 1420
2022 1431
2036 1482
2038 1453
2076 1461
2078 1448
2097 1412
2110 1514
2112 1464
2126 1470
2143 1432
2151 1473
2167 1515
2196 1479
2238 1495
2251 1494
2267 1610
2292 1593
2293 1506
2297 1521
2305 1499
2353 1594
2373 1558
2558 1608
2582 1656
2591 1560
2644 1639
