f_0082670.png f_0082942.png
2 50
5 100
12 25
24 324
49 150
75 27
78 71
80 103
122 114
123 260
129 85
131 149
132 235
134 45
135 321
145 84
147 195
157 475
159 121
161 488
165 66
166 145
168 448
182 22
185 251
186 277
189 120
190 327
193 388
194 474
215 430
219 291
229 247
230 256
236 140
238 161
253 80
255 487
260 290
275 563
279 83
281 611
283 453
284 704
299 568
309 201
311 364
312 435
316 139
325 395
326 707
331 157
334 363
348 229
365 268
372 685
382 573
383 656
384 267
385 451
394 133
395 127
396 745
397 378
405 326
406 735
413 567
425 205
438 722
441 79
445 275
454 55
457 156
467 464
468 751
471 789
474 560
475 782
479 521
481 602
483 826
485 533
489 811
496 450
499 155
513 852
524 680
535 554
536 871
544 586
552 905
564 914
569 767
570 768
572 955
573 728
599 640
603 727
609 618
612 716
624 841
629 958
633 512
646 284
654 455
679 245
681 1052
687 1099
689 952
693 538
700 974
702 770
706 273
725 272
729 434
740 944
744 1023
747 653
752 1286
755 1071
758 1058
771 776
788 1114
797 1138
804 697
805 956
806 1076
813 1179
823 1014
829 845
830 1202
834 1007
835 1040
844 1132
845 1149
849 1127
852 1258
854 781
860 1134
866 874
879 1096
880 1148
888 1165
898 833
906 1163
910 1018
911 1074
914 875
919 903
925 1234
930 912
932 1387
938 1117
939 1219
946 1171
959 1038
961 1225
968 867
971 1311
984 853
994 1226
997 1186
1001 1248
1007 749
1009 1199
1027 1457
1033 1438
1046 1257
1049 1262
1051 1310
1062 1401
1070 1368
1076 1453
1084 1386
1085 1395
1089 1424
1090 1433
1102 1442
1108 1400
1110 1484
1115 1339
1120 1428
1130 1498
1131 898
1136 1143
1142 1162
1143 1437
1144 1511
1148 1469
1158 1332
1159 1525
1164 1471
1177 1523
1188 1564
1198 1533
1203 1545
1209 1486
1213 1543
1216 1414
1217 1455
1219 1557
1225 998
1226 1573
1234 1037
1235 1112
1244 1430
1248 1572
1249 1593
1251 1483
1273 1571
1287 1554
1359 1534
1366 1439
1378 1260
1379 1306
1382 1506
1391 1292
1394 1338
1398 1755
1429 1889
1437 1341
1455 1841
1459 1775
1510 1505
1520 1567
1529 1512
1537 1587
1567 1560
1578 1932
1579 1670
1589 1654
1616 1601
1617 1608
1628 1674
1633 1679
1647 2084
1664 1980
1668 1880
1676 1906
1681 1669
1692 1607
1703 2028
1738 1784
1752 1806
1765 1847
1771 1823
1779 2104
1780 1968
1789 2257
1800 1876
1803 2164
1810 2313
1822 2148
1826 2005
1837 2266
1868 1730
1870 2305
1884 1875
1894 2068
1897 2238
1898 2206
1906 2255
1908 2309
1917 2265
