f_0082492.png f_0082776.png
293 104
295 20
318 18
359 54
405 35
410 48
433 83
449 82
454 93
459 52
504 175
523 112
544 152
562 71
565 110
569 2
574 40
588 23
595 3
609 49
621 192
633 114
634 29
646 214
647 120
660 160
677 87
710 77
716 242
729 184
740 262
748 171
770 228
783 263
794 250
805 373
810 254
854 336
869 69
876 350
880 337
893 134
898 305
919 379
928 356
953 363
973 84
989 402
990 306
994 258
995 503
999 259
1005 418
1019 480
1029 252
1030 126
1036 260
1039 131
1066 380
1091 517
1093 464
1131 467
1152 261
1156 212
1168 366
1178 449
1183 431
1184 377
1191 533
1192 504
1230 359
1239 563
1247 450
1248 548
1253 326
1255 469
1260 572
1263 360
1283 277
1287 567
1292 665
1295 283
1297 594
1298 564
1317 578
1318 647
1327 536
1342 539
1350 646
1351 568
1356 558
1368 282
1375 440
1389 681
1391 620
1393 441
1394 307
1401 340
1402 343
1405 330
1410 628
1411 352
1426 368
1436 580
1444 658
1446 421
1450 738
1459 540
1460 749
1462 414
1472 739
1473 761
1478 736
1480 692
1485 674
1486 596
1497 590
1515 796
1518 800
1535 754
1553 740
1566 783
1567 719
1592 710
1607 778
1608 720
1611 808
1613 613
1616 812
1626 591
1630 725
1632 684
1643 603
1645 624
1648 848
1655 872
1670 789
1679 699
1692 814
1697 809
1698 705
1701 635
1729 780
1732 868
1737 845
1738 708
1754 837
1763 797
1765 873
1766 694
1770 910
1772 905
1778 908
1780 764
1784 762
1786 903
1798 927
1799 889
1802 788
1824 801
1829 711
1846 775
1851 978
1866 1101
1888 815
1890 825
1903 914
1910 838
1915 974
1916 928
1937 881
1939 763
1949 932
1954 751
1970 870
1982 1039
1983 948
2014 1024
2035 923
2037 811
2065 1060
2076 1040
2097 1065
2098 1019
2107 1025
2123 1132
2161 1064
2179 955
2187 1026
2193 1008
2221 1191
2264 1131
2266 1281
2279 1154
2299 1297
2318 1295
2322 1390
2370 1166
