f_0082642.png f_0082876.png
4 353
12 519
49 397
62 427
72 404
115 526
118 477
122 482
183 596
188 600
221 676
262 635
326 610
403 709
432 779
602 788
648 934
657 849
677 882
752 907
766 984
801 974
806 970
822 1021
888 1062
909 1063
920 1074
925 1064
962 1077
967 1089
978 1048
982 1091
1004 1111
1006 1114
1126 1164
1143 1163
1164 1199
1185 1138
1227 1128
1234 1129
1271 1229
1311 1153
1344 1198
1375 1200
1397 1367
1419 1283
1466 1325
1477 1218
1487 1249
1493 1279
1501 1257
1502 1276
1538 1320
1539 1321
1662 1417
1871 1532
