f_0082412.png f_0082946.png
352 39
507 535
529 587
546 288
560 601
574 397
670 773
707 407
745 391
840 788
978 1006
1010 1042
1019 680
1024 498
1027 681
1083 473
1104 733
1128 820
1141 471
1151 913
1179 319
1215 1051
1244 753
1246 1099
1259 907
1297 981
1326 830
1327 1130
1366 1221
1443 1160
1459 973
1476 1292
1488 1047
1513 1137
1707 1356
1730 1404
1756 1550
1797 1597
1862 1442
1894 1646
1904 1663
2001 1420
2009 1788
2035 1472
2044 1603
2049 1517
2057 1617
2081 1719
2086 1487
2089 1495
2126 1914
2272 1999
2277 1863
2386 1759
2389 2064
2399 1741
2408 1770
2429 1794
2491 1880
