f_0082702.png f_0082946.png
15 40
39 87
45 105
58 180
62 117
63 55
72 245
75 76
80 261
85 39
88 230
89 101
105 137
109 207
110 14
114 46
119 150
128 357
144 124
156 121
159 252
178 234
188 249
195 142
222 68
225 248
226 67
227 170
230 219
232 371
246 364
259 558
277 172
278 274
289 279
298 452
300 19
306 182
308 203
309 343
312 47
314 458
340 483
343 81
346 262
361 18
363 284
364 346
370 169
379 530
385 213
393 396
413 665
414 796
418 719
421 338
423 548
427 295
432 382
441 341
442 433
470 553
481 331
482 474
485 506
492 349
506 381
508 809
523 725
526 692
533 308
536 878
538 670
561 745
565 759
567 628
568 724
570 734
576 647
577 781
581 729
584 723
585 825
594 596
595 712
600 777
609 1007
614 741
628 685
629 680
639 914
644 920
664 804
665 884
666 909
667 939
670 1005
693 967
698 983
707 882
708 975
724 327
728 1023
751 1046
760 1066
783 764
784 957
785 1095
788 1108
800 1084
802 1123
808 1115
815 1141
818 1052
823 1051
827 1004
836 1092
842 1209
856 995
857 1134
863 1152
865 706
866 1054
867 1099
869 1018
870 1151
875 1064
877 1255
884 1094
888 1164
894 1130
901 941
909 1297
912 1259
915 1150
922 1221
926 1173
930 1160
931 1222
936 1161
939 1429
940 1208
943 1371
971 1251
978 1242
980 1193
985 1417
986 1441
987 1416
992 1236
1010 1362
1017 897
1032 1370
1035 1462
1046 1571
1049 1415
1053 1375
1054 1566
1067 1443
1070 1414
1074 1565
1077 1413
1078 1488
1079 828
1094 1446
1096 1504
1101 1213
1110 1493
1114 1469
1120 1600
1121 960
1132 1537
1133 1562
1143 1533
1144 1643
1146 1497
1148 1551
1156 1457
1164 1573
1166 1553
1173 1664
1175 1570
1179 1585
1181 1578
1184 1191
1185 1351
1191 1448
1199 1628
1200 1704
1204 1620
1209 1550
1213 1656
1222 1597
1224 1613
1229 1206
1231 1196
1232 1424
1235 1384
1238 1311
1244 1688
1254 1681
1258 1677
1263 1673
1277 1860
1287 1584
1289 1081
1292 1701
1293 1734
1297 1753
1304 1739
1310 1746
1312 1745
1317 1744
1319 1778
1321 1811
1331 1876
1363 1936
1365 1720
1368 1845
1372 1521
1380 1874
1390 1788
1391 1854
1392 1906
1401 2056
1412 2025
1417 1796
1423 2019
1431 1916
1434 2135
1445 2079
1446 1863
1457 2192
1459 2172
1467 1670
1512 1978
1514 1841
1524 1911
1525 2042
1527 2273
1539 2341
1564 2212
1573 2363
1649 2332
1657 2356
1670 2297
1672 2319
