f_0082946.png f_0082918.png
13 289
29 74
33 280
34 1220
43 1779
62 30
81 515
95 2567
108 1535
111 158
122 1066
123 290
149 65
153 2643
160 1325
161 2133
167 877
170 1954
173 1770
177 1074
178 1258
187 1624
192 1400
193 591
197 1555
198 1134
202 250
206 2502
210 679
213 2541
214 893
215 1612
219 2537
224 110
229 287
232 2078
235 2032
239 193
240 15
246 898
251 1157
252 2934
253 2912
254 1709
255 1783
256 2496
265 2936
268 421
271 811
285 314
288 400
296 1248
298 26
301 271
302 995
305 2696
308 2406
316 2458
321 2355
327 1604
334 236
340 1
342 366
343 66
344 1607
346 267
347 2256
348 23
349 1964
350 148
352 2466
353 1727
359 2569
361 1048
363 211
364 96
365 2255
366 2137
367 1103
368 1587
369 517
370 81
373 1022
374 73
379 1483
382 1398
384 751
385 2944
386 934
389 2798
390 2791
392 60
395 1972
396 277
397 2863
399 35
400 1556
401 95
404 610
405 2638
407 2207
412 129
413 2990
419 208
420 2066
421 143
423 559
428 32
430 2041
434 2351
436 2263
437 1188
439 2116
445 1544
449 565
451 413
457 1913
458 272
461 1356
462 1129
465 2413
468 12
471 809
472 200
474 1289
480 1792
483 269
501 1636
502 291
506 817
507 895
510 2100
512 2236
513 880
518 2546
525 1597
529 2282
530 295
532 633
540 524
541 2978
543 794
547 886
548 405
553 345
560 470
568 2476
569 21
570 265
571 2084
572 1303
576 2107
577 1919
579 64
581 2516
582 2147
587 2223
591 2975
598 1683
604 714
607 1666
608 206
609 1694
614 969
616 113
617 1664
621 1236
624 659
627 2711
630 2049
633 2275
636 17
640 404
642 358
643 426
646 602
647 1652
649 2822
652 648
654 1773
655 2862
657 71
658 1201
660 564
663 627
664 1497
673 2398
675 335
677 87
680 550
687 2210
688 2801
692 1704
700 1963
702 123
705 634
706 858
711 91
718 36
725 362
726 1858
731 907
732 20
734 1667
736 1381
745 468
746 2294
747 1836
755 2841
756 356
759 1173
760 1943
761 2064
762 316
766 1187
767 2594
769 1618
770 1568
773 57
777 974
781 699
782 1244
784 791
785 2385
787 661
790 430
791 1657
792 72
793 2564
795 2693
799 2619
801 744
803 992
805 1958
811 2625
814 1825
816 1746
819 863
820 1132
825 1632
829 1465
832 219
836 168
840 1734
842 2211
847 2245
853 1437
854 1619
857 1056
858 2911
861 63
865 2983
866 1383
872 1158
874 2293
883 2322
890 1966
892 2080
895 317
899 357
900 753
901 2700
907 1708
908 980
914 906
922 2341
925 1753
926 1673
933 1979
936 2366
937 361
939 1380
943 2758
953 1855
957 2302
958 1458
961 846
967 1038
968 46
972 2622
980 344
982 1395
988 1630
991 1549
992 1581
993 859
996 1711
997 375
1004 929
1008 1472
1010 381
1013 2199
1014 2581
1016 2542
1018 487
1019 68
1021 2430
1037 2604
1039 715
1041 180
1043 533
1048 2370
1051 432
1052 1241
1058 1387
1059 820
1061 414
1066 1200
1067 1670
1068 1661
1076 2046
1080 758
1083 2629
1087 1028
1090 463
1091 2980
1092 643
1093 1956
1097 305
1098 1617
1099 1111
1107 2243
1108 1840
1109 77
1112 2703
1113 482
1114 2317
1115 1216
1126 786
1133 1763
1135 2436
1136 2477
1138 94
1144 1764
1152 1386
1154 1413
1156 1010
1159 1359
1160 2266
1161 1894
1164 1646
1165 554
1167 19
1176 938
1178 855
1180 1078
1183 228
1186 2536
1188 2438
1193 2506
1197 1295
1200 2153
1204 1324
1205 1905
1207 646
1210 2271
1216 1856
1218 1300
1220 2785
1221 1644
1222 592
1223 1230
1226 2189
1229 2424
1234 1866
1240 89
1241 785
1242 2935
1246 264
1247 728
1250 1276
1251 704
1257 1802
1265 2396
1266 1185
1271 1160
1273 1772
1275 394
1279 1687
1280 691
1286 613
1289 2316
1295 18
1299 1970
1312 2595
1313 2183
1314 2988
1315 1282
1318 571
1322 2305
1327 239
1339 952
1340 433
1347 2767
1356 1867
1359 376
1361 2687
1362 598
1365 1976
1366 1104
1370 1034
1371 1397
1376 2865
1378 116
1382 1108
1385 768
1386 450
1390 1996
1393 340
1394 2860
1402 2633
1409 964
1410 187
1415 549
1418 999
1422 2257
1423 2330
1426 2087
1429 953
1432 2331
1439 2298
1441 1026
1442 981
1443 2600
1445 924
1446 2611
1448 1135
1449 825
1451 844
1454 1571
1461 904
1469 2534
1478 1468
1482 2646
1485 2900
1488 1062
1504 1524
1505 1669
1508 2134
1509 2498
1510 2108
1511 987
1516 1425
1517 177
1526 947
1528 2012
1529 1153
1531 2359
1533 2144
1538 1791
1542 2021
1551 746
1554 1429
1560 1043
1561 1169
1562 2323
1569 151
1572 1521
1573 1444
1584 2043
1585 971
1592 687
1593 683
1597 833
1598 2708
1600 922
1610 1333
1615 865
1618 171
1619 2773
1623 1675
1633 2810
1640 1396
1641 885
1642 2010
1645 603
1651 1615
1655 621
1656 2768
1662 1787
1664 839
1668 28
1673 1094
1675 221
1677 2002
1681 232
1685 2851
1686 2631
1687 393
1688 397
1692 541
1693 1596
1699 2556
1701 2961
1710 2823
1714 34
1718 2492
1719 2309
1722 2009
1723 1777
1724 534
1730 1602
1731 1278
1735 2268
1738 2217
1743 284
1745 1462
1746 1235
1747 2728
1751 2130
1756 1785
1757 2297
1758 2362
1762 660
1766 601
1769 539
1771 491
1773 67
1779 1781
1788 879
1790 1348
1793 106
1801 2092
1802 1726
1805 1117
1813 16
1815 2338
1819 1508
1820 1218
1826 1102
1828 1645
1829 2686
1837 1119
1838 1029
1847 1515
1849 2191
1852 1980
1854 506
1855 1492
1863 1903
1869 719
1873 2340
1877 585
1880 365
1886 2735
1887 435
1892 2968
1909 14
1919 1182
1920 1960
1922 458
1925 1677
1926 1264
1928 29
1929 914
1943 1390
1954 625
1958 721
1959 933
1962 1909
1968 575
1970 608
1976 1741
1977 1795
1978 2989
1981 529
1982 1988
1987 2729
1990 251
1995 1213
2002 1563
2003 275
2010 2907
2011 700
2012 2404
2014 2382
2015 1567
2017 2782
2023 1643
2024 1345
2030 1307
2031 1351
2042 99
2044 134
2060 2402
2064 956
2069 1299
2072 1720
2075 2076
2079 186
2087 227
2093 1016
2097 738
2099 1277
2107 406
2110 607
2113 1151
2118 2247
2125 2770
2129 2208
2134 537
2136 292
2144 2602
2147 1057
2149 1713
2152 1231
2156 1313
2158 2864
2165 2140
2168 1509
2171 586
2172 2062
2174 2289
2183 418
2188 2281
2190 2765
2191 1794
2210 2203
2212 1614
2217 2450
2227 452
2234 961
2239 2465
2251 2329
2252 58
2268 590
2273 1019
2274 1520
2275 2760
2299 2575
2300 2833
2302 2036
2305 2603
2315 989
2322 2706
2329 2584
2346 1269
2354 547
2357 1071
2362 1928
