f_0082558.png f_0082868.png
34 88
37 2313
53 843
80 2800
115 27
118 2573
132 1213
145 2420
150 446
151 2378
163 2804
169 1901
177 2649
194 2051
203 2864
210 2189
220 2464
293 1150
307 2317
310 769
393 762
437 1476
470 2116
489 2357
593 936
616 2112
623 1650
642 2596
644 2414
645 2493
672 1518
675 2860
705 1159
713 1735
742 724
746 322
748 352
778 2960
779 381
781 2407
789 920
843 994
869 2509
872 1986
876 435
895 1337
1301 1601
1335 2599
1372 709
1452 599
1472 912
1532 639
1609 836
1636 2282
1666 2969
1673 433
1674 2935
1697 2218
1698 759
1718 1396
1748 53
1757 2124
1763 2722
1843 817
1874 270
1881 1149
1895 2770
1919 1698
1957 1039
1980 89
1985 1275
1988 1959
1994 334
2006 594
2021 1369
2055 2131
2084 182
2202 2160
2223 1675
2226 473
2228 629
2287 997
2288 1857
2341 396
2379 1819
2407 1055
2468 1381
2487 1284
2519 1641
2551 1012
2622 1517
2628 2580
2689 682
2717 288
2726 1553
2777 1522
2791 2381
2826 1718
2895 1815
2912 1465
2969 423
