f_0082958.png f_0082876.png
98 255
211 379
230 390
245 343
266 295
312 495
345 430
349 479
388 122
394 641
401 405
402 586
412 429
422 288
429 324
446 321
447 462
451 426
452 625
477 345
482 522
483 519
485 635
487 317
494 451
495 500
519 523
533 571
549 413
563 507
569 593
582 499
592 441
606 520
609 766
610 695
626 464
638 767
644 626
651 543
698 534
710 777
727 449
730 601
732 594
735 685
758 698
769 794
779 501
785 484
788 595
795 699
825 691
853 711
857 564
859 452
899 860
937 756
955 833
979 567
992 849
1005 924
1014 652
1024 887
1029 596
1048 969
1051 949
1068 827
1074 1071
1108 853
1110 1020
1149 870
1153 488
1157 757
1159 1047
1170 788
1212 974
1223 908
1245 1035
1263 828
1274 1003
1298 1058
1308 1059
1310 858
1330 817
1345 1143
1361 845
1374 1092
1393 883
1406 937
1407 926
1453 1139
1479 938
1494 1158
1532 1186
1533 904
1535 1037
1539 1199
1560 1084
1611 1100
1615 1119
1628 1275
1629 1277
1636 1291
1653 1247
1753 1322
1762 1332
1795 1304
1798 1342
1810 1305
1870 1282
1874 1424
1898 1368
1940 1303
