f_0082912.png f_0082670.png
10 1591
34 736
39 1693
55 789
72 1917
73 1587
83 124
100 1748
115 67
119 38
134 1926
150 1735
171 587
172 301
219 785
231 398
234 690
248 1005
250 313
270 1580
326 1898
334 1843
349 1469
353 99
358 1781
383 609
389 328
402 982
427 490
430 46
439 73
448 1719
459 850
460 1627
549 114
568 1583
596 611
608 1725
614 891
625 1033
702 804
713 151
722 1294
730 967
790 718
808 1662
844 120
853 806
927 1077
935 58
953 1822
986 90
1019 1762
1054 1297
1065 1664
1079 1729
1100 1622
1109 435
1110 1189
1132 8
1148 860
1162 759
1226 1221
1329 1862
1388 1701
1395 216
1425 1123
1448 1184
1483 278
1539 1027
1567 1638
1574 935
1581 766
1618 1680
1631 564
1647 955
1659 899
1726 727
1765 925
1778 992
1825 1342
1863 1850
1867 881
1877 732
1905 1681
1910 695
2002 1326
2010 1223
2041 998
2043 334
2045 476
2050 1670
2098 703
2155 604
2205 25
2208 543
2210 664
2213 1904
2224 859
2229 1481
2241 502
2249 920
2276 1510
2279 1611
2350 306
2388 987
2428 1350
2467 1226
2517 1777
2550 659
2551 775
2556 1906
2565 767
2566 492
2578 807
2585 78
2644 1835
2651 786
2764 1836
2852 452
2872 1259
2888 1194
2899 1582
2908 1827
2912 1758
2928 1445
2933 798
2946 760
2987 1571
2989 355
2997 1626
