f_0082882.png f_0082912.png
73 672
107 1686
131 2627
156 1515
158 710
184 642
195 1900
196 9
212 1874
226 2278
233 595
255 570
257 1542
266 900
269 1127
270 2164
323 2885
326 668
354 2723
404 2220
414 87
422 1697
429 1687
430 2023
439 1566
487 551
497 851
498 2578
530 2959
531 2159
544 1001
552 2806
555 1215
560 1667
568 1317
576 555
586 2277
593 2866
614 656
617 2348
627 1856
632 1465
637 1429
652 2271
658 2850
662 1059
677 683
688 2490
710 2768
764 1665
769 2785
774 2973
782 2390
784 2505
793 2019
794 2672
799 2022
802 74
805 1037
832 1802
836 1322
843 673
845 51
849 2449
873 568
875 1492
883 2789
902 426
911 2899
922 1138
929 2537
930 1651
939 777
951 312
955 2908
964 1853
974 13
989 2421
1032 2335
1049 2424
1053 176
1082 306
1094 2744
1102 2943
1109 2882
1110 843
1113 1165
1121 1387
1125 2783
1133 2193
