f_0082864.png f_0082876.png
2 616
3 410
5 1544
18 334
20 751
23 1420
26 739
28 804
29 1051
30 1441
33 595
44 911
45 89
46 331
51 1055
55 432
58 497
62 1261
64 263
67 353
70 852
82 748
83 134
88 628
93 232
97 137
98 203
100 744
102 83
104 826
105 369
109 361
114 150
123 1396
124 1019
129 1063
132 653
134 1431
135 382
137 400
138 938
142 1059
144 1497
153 1231
161 583
164 1397
167 773
189 448
191 438
192 342
194 642
195 703
196 376
197 1068
198 163
203 257
211 578
215 3
217 857
218 197
219 645
222 865
228 496
235 1217
240 1153
243 1034
246 1408
252 860
254 894
256 742
259 962
268 1531
276 297
279 291
285 924
286 386
288 1134
290 1081
294 52
302 1464
306 755
308 658
310 1156
312 1163
315 287
321 1290
329 318
330 106
339 745
342 1470
355 599
356 30
358 344
360 124
362 1200
369 346
380 1136
381 610
384 219
389 620
398 256
399 708
400 345
409 711
414 102
418 201
428 849
429 118
432 1238
436 921
442 196
443 845
448 1634
455 96
458 537
460 1451
467 1022
471 779
477 61
483 514
484 171
485 99
489 1306
490 385
491 488
498 870
503 1692
504 62
505 78
509 1645
515 1070
516 1315
518 120
519 1327
523 677
527 987
533 1037
535 468
542 933
545 321
546 154
556 1191
559 722
564 136
568 1416
569 1054
570 1248
571 1500
572 1602
576 1121
579 778
585 771
587 555
588 892
597 874
598 1407
599 264
605 734
607 1506
611 122
615 332
617 475
619 1377
620 305
623 189
628 1056
634 293
637 144
639 891
658 431
659 1402
662 1591
663 661
665 694
671 433
692 1079
693 1422
695 26
697 1471
699 394
702 186
704 1075
708 1361
710 608
712 35
715 398
723 1283
725 387
726 1092
737 1032
746 822
747 1218
748 1229
753 831
758 467
759 355
775 1053
783 1294
785 1368
788 754
789 958
790 1273
793 1000
802 1172
808 1028
812 698
815 741
816 1259
817 1159
820 1560
822 588
823 1337
830 1303
833 511
839 281
852 973
861 713
867 190
868 1710
869 1452
876 301
877 805
888 450
903 851
915 1181
918 1104
920 967
929 1419
933 295
934 502
936 1044
944 1010
947 306
949 1588
955 663
958 1578
962 1554
970 966
975 712
982 1219
983 1380
986 954
992 600
993 1609
995 660
997 350
1000 115
1007 265
1009 618
1015 1052
1017 693
1018 733
1021 1638
1024 1193
1027 198
1028 810
1032 1405
1036 643
1046 759
1052 848
1054 17
1064 290
1067 234
1073 743
1074 1391
1077 913
1078 245
1082 1264
1084 1124
1088 1527
1093 325
1095 827
1096 1177
1100 1478
1104 1395
1123 72
1144 609
1147 1174
1155 379
1159 873
1161 211
1162 1674
1166 519
1168 1179
1169 1058
1170 1577
1173 1398
1183 1275
1187 992
1190 1341
1199 725
1200 910
1201 1463
1206 823
1207 255
1208 753
1210 356
1217 1490
1223 108
1225 204
1234 1114
1237 1367
1246 867
1253 49
1258 909
1259 592
1261 338
1265 1719
1270 1018
1273 670
1276 1142
1279 602
1280 1426
1285 551
1291 922
1292 158
1295 18
1300 1479
1309 1663
1310 855
1311 572
1313 944
1316 1247
1324 735
1331 1007
1333 1087
1346 278
1348 492
1351 1271
1353 1347
1357 412
1358 947
1362 692
1364 1575
1367 1076
1368 516
1372 1091
1386 200
1395 952
1396 456
1397 1519
1398 709
1402 182
1403 174
1406 1189
1409 820
1416 1667
1418 1371
1421 1469
1426 1375
1431 1323
1433 1101
1437 477
1443 604
1445 510
1450 237
1457 1309
1459 1494
1462 1474
1486 280
1493 934
1495 500
1506 466
1511 1175
1518 1331
1529 953
1532 1552
1533 971
1540 900
1548 377
1551 4
1555 313
1556 678
1557 1401
1558 988
1559 253
1562 990
1569 352
1570 776
1573 1205
1582 1339
1592 180
1593 714
1597 285
1608 1647
1609 672
1615 1080
1617 523
1623 1359
1627 876
1637 1336
1640 1048
1641 1062
1647 1269
1648 1430
1651 680
1659 834
1663 1118
1671 821
1674 320
1681 1143
1702 214
1706 441
1707 1358
1708 1314
1709 1300
1715 757
1717 261
1721 1324
1726 121
1727 792
1734 503
1735 927
1737 528
1749 575
1754 1206
1757 982
1766 1492
1768 1210
1776 413
1779 1424
1802 550
1820 1446
1823 348
1824 1319
1826 536
1828 1071
1834 949
1835 701
1858 697
1861 1376
1863 587
1867 314
1879 452
1889 177
1896 667
1909 651
1911 133
1922 1020
1927 1329
1930 989
1931 964
1940 419
1941 871
1951 838
1958 979
1965 978
1996 721
2004 1352
2012 539
2013 91
2014 1112
2022 157
2026 654
2028 1027
2030 1038
2035 1127
2036 1072
2038 1109
2042 1417
2048 1008
2049 1257
2050 223
2051 576
2052 1272
2053 548
2055 784
2056 1504
2060 914
2065 724
2066 1312
2072 1462
2080 1660
2092 1016
2097 367
2110 936
2111 474
2113 1498
2127 426
2128 899
2132 1014
2136 229
2139 796
2141 673
2157 296
2162 819
2163 980
2168 193
2174 51
2178 93
2181 1542
2186 629
2187 401
2200 904
2202 1152
2204 1610
2210 192
2214 1392
2229 1351
2230 1039
2235 1434
2236 1461
2241 1178
2252 357
2279 1366
2284 513
2286 522
2297 832
2298 1097
2306 1583
2307 814
2318 1023
2324 656
2325 299
2326 1381
2327 1113
2333 524
2334 43
2340 172
2342 626
2345 1021
2347 1111
2351 1088
2353 486
2359 1496
2363 1378
2369 449
2376 750
2390 165
2392 455
2396 1348
2397 636
2414 135
2418 1437
2419 478
2424 640
2433 241
2434 151
2436 1694
2448 633
2450 1149
2453 212
2458 1711
2461 526
2467 685
2469 1060
2471 1565
2473 1194
2476 113
2483 1253
2489 518
2490 145
2491 1161
2495 997
2497 1625
2498 659
2505 916
2507 1093
2520 797
2522 923
2523 1550
2525 847
2529 117
2533 1220
2536 788
2537 1245
2538 1566
2549 1069
2558 1224
2559 1553
2565 1457
2576 359
2580 842
2581 317
2582 1607
2591 1393
2593 945
2594 1144
2595 1399
2598 1164
2600 1487
2611 194
2615 1613
2616 1342
2632 1204
2634 1286
2635 1484
2644 850
2651 612
2656 634
2658 1467
2661 1328
2662 1119
2671 152
2679 561
2690 1154
2692 1592
2694 535
2697 1084
2704 1199
2707 1185
2708 1534
2711 404
2719 458
2735 428
2738 644
2744 498
2750 1148
2751 728
2760 1459
2765 238
2771 1383
2775 641
2777 105
2782 765
2786 801
2792 1256
2793 1083
2794 199
2801 562
2811 1201
2815 908
2829 88
2848 761
2849 1192
2857 541
2876 1150
2877 1693
2887 769
2889 1411
2892 648
2898 1100
2900 818
2904 37
2910 543
2913 689
2914 1559
2918 1223
2924 884
2925 1656
2927 92
2929 729
2939 970
2943 461
2944 1513
2949 240
2950 127
2951 1128
2952 1115
2953 1524
2956 1382
2958 505
2959 655
2961 897
2967 977
2981 803
2986 534
2987 228
2989 378
2999 1735
