f_0082946.png f_0082776.png
29 190
51 22
296 2
434 258
476 28
548 73
605 449
616 4
726 69
765 223
777 243
798 399
812 265
813 232
820 554
846 461
854 297
864 550
866 178
872 849
882 542
884 403
892 315
900 929
908 393
914 185
920 261
938 37
942 586
946 383
950 420
966 935
977 78
982 528
999 833
1003 720
1013 616
1021 587
1022 236
1033 100
1051 596
1054 690
1057 1057
1058 384
1064 725
1084 440
1085 404
1093 789
1094 651
1099 631
1116 187
1117 11
1122 481
1123 283
1129 750
1130 721
1140 441
1143 277
1149 1227
1158 1108
1174 544
1175 508
1178 470
1197 340
1206 1334
1219 1029
1220 829
1222 684
1224 498
1233 603
1245 1340
1264 764
1267 1065
1271 394
1298 345
1299 1142
1300 346
1304 1329
1305 1002
1306 668
1328 1061
1329 372
1332 1380
1336 762
1340 591
1343 569
1344 318
1367 953
1376 422
1404 1020
1405 801
1415 781
1423 487
1427 1330
1432 838
1437 436
1438 810
1446 798
1449 525
1451 743
1454 1073
1462 240
1466 886
1478 662
1483 694
1499 1338
1500 1105
1508 1182
1514 763
1526 361
1535 923
1536 752
1542 709
1553 683
1569 846
1570 617
1573 629
1582 1316
1610 1082
1611 917
1612 960
1618 1076
1623 1074
1647 733
1655 861
1658 1444
1659 1068
1660 784
1677 865
1680 1063
1695 1564
1706 1228
1716 1033
1731 1265
1732 1031
1733 1021
1737 1014
1751 986
1766 1248
1773 1299
1775 918
1784 949
1789 972
1793 1135
1800 1261
1801 1354
1805 1845
1810 1003
1818 1047
1825 1817
1826 1314
1828 943
1837 1301
1841 1865
1887 656
1910 1867
1914 1207
1927 1696
1936 451
1943 1488
1963 1006
1966 1671
1969 1747
1981 1278
2021 1420
2029 1771
2032 2026
2047 1280
2049 1463
2076 1722
2102 1226
2105 1348
2110 1127
2115 1772
2118 1268
2124 1482
2127 1701
2151 1648
2169 1096
2185 1857
2195 1903
2196 1707
2197 1625
2222 1765
2248 1889
2274 1159
2348 1422
2373 1561
2374 1345
