f_0082558.png f_0082872.png
18 647
49 693
53 755
61 926
70 1194
102 1488
116 1695
118 829
120 645
147 913
149 1706
164 542
174 583
192 1067
209 989
216 791
219 2266
227 944
280 2009
300 1124
357 2311
358 555
379 1806
393 1404
406 1000
414 568
433 2300
449 763
489 874
493 1594
577 2579
613 686
616 876
624 1005
643 1507
681 688
708 1075
713 1326
760 1042
767 769
816 2374
825 476
859 1464
919 1593
966 949
972 1112
981 1661
985 567
1052 1244
1078 1409
1111 1022
1164 830
1183 861
1212 1607
1255 2153
1301 1311
1323 772
1326 1770
1393 527
1418 1465
1441 433
1453 762
1454 889
1459 914
1464 1362
1503 617
1527 1381
1532 1229
1538 1317
1541 1165
1547 597
1563 875
1567 2180
1589 2284
1614 1617
1633 1071
1659 2339
1732 629
1757 841
1807 554
1914 595
1923 748
1946 547
1959 609
1996 890
2035 849
2064 1637
2065 1174
2075 556
2084 1482
2093 1421
2127 1672
2288 687
2341 1125
2372 910
2382 1048
2385 1599
2423 304
2448 1740
2472 1434
2543 1153
2624 715
2679 1388
2689 1532
2752 587
2781 1518
2842 1298
2859 1676
2901 1588
2906 2555
2915 1355
2919 1201
2921 1331
2977 1274
