f_0082926.png f_0082518.png
399 136
482 472
490 460
539 385
540 262
650 509
704 481
705 422
730 412
744 468
805 652
838 405
897 669
900 673
907 497
918 665
929 590
935 487
943 545
960 655
1004 600
1024 660
1083 661
1154 714
1169 698
1194 656
1195 657
1229 679
1232 674
1259 699
1296 671
1306 687
1326 678
1351 696
1383 792
1401 684
1410 813
1416 729
1424 759
1431 728
1447 765
1452 773
1455 850
1458 807
1460 795
1488 747
1577 889
1631 868
1636 872
1639 857
1648 879
1660 905
1675 859
1695 917
1704 915
1732 894
1733 898
1735 920
1810 990
1847 950
1854 964
1866 946
1918 970
1923 1004
1930 975
2361 1199
