f_0082864.png f_0082868.png
0 1878
2 158
3 12
5 1674
11 1322
12 232
21 1326
23 7
29 79
32 2494
33 16
35 1112
41 220
42 834
43 263
47 136
49 1846
59 2207
62 107
65 571
67 46
70 762
71 347
74 280
78 2500
87 2956
88 499
90 523
92 2497
95 414
97 803
99 786
100 448
102 2362
107 113
108 3
112 2411
114 43
115 1507
117 910
118 190
119 2094
121 2404
124 42
128 512
129 225
130 633
132 287
137 5
142 75
146 1524
147 1149
150 988
151 1950
152 669
154 1450
157 167
160 1384
161 454
164 6
167 500
170 2248
180 1943
185 550
187 30
196 369
201 1647
203 1032
210 2704
211 64
212 178
217 1146
218 2214
222 28
227 912
228 2573
229 2045
234 2025
235 667
238 515
239 1489
240 2974
241 383
244 1810
246 670
256 2472
259 519
260 1568
265 678
269 1675
270 2806
271 77
276 204
279 212
280 2765
283 2815
284 447
288 1219
290 534
291 470
298 1014
301 1414
304 1993
305 254
307 1835
308 237
309 25
311 1539
312 356
316 0
319 162
322 2703
330 83
331 824
332 129
336 436
340 2314
343 120
344 1527
346 715
352 1720
355 2
356 2103
358 1159
367 279
368 1739
370 2554
379 2426
381 2946
383 2054
386 1390
389 431
393 2188
396 2545
402 2837
415 2086
420 1626
423 898
424 1898
428 306
429 1832
430 1592
432 9
434 820
435 1183
436 256
440 1927
446 2090
448 2775
449 290
450 2819
451 2020
452 916
454 636
460 1869
461 2382
463 390
465 72
467 932
469 723
472 785
473 917
483 1851
484 84
487 1421
489 401
491 599
494 2153
497 842
498 789
503 1128
508 175
511 1342
515 1080
516 1994
517 743
522 1040
527 2348
530 1220
533 233
541 2967
545 1548
549 929
550 2746
551 2635
556 738
567 2601
568 2415
569 797
570 95
573 740
579 1735
580 94
585 188
586 2087
594 732
598 1233
599 2925
605 2619
608 945
611 2679
617 57
619 1882
623 1208
624 255
627 1719
630 1909
632 88
633 589
634 1986
635 1820
636 2517
637 486
641 172
648 2050
651 1753
653 1117
655 1452
660 946
661 1109
665 712
666 829
671 1013
672 1805
675 2006
676 1033
677 1544
680 11
684 224
687 193
688 2385
693 873
694 8
697 2723
704 1989
708 690
714 1334
716 2999
717 1682
722 275
723 2156
727 294
730 2800
733 1498
735 1230
740 514
744 1635
748 696
752 297
753 640
754 2332
755 1286
756 1756
757 2344
758 2972
760 93
761 1505
762 2683
763 1275
764 2105
766 1316
768 802
770 2196
772 1932
773 2848
775 2843
776 1577
779 1362
780 1861
788 631
789 1046
790 2951
791 78
793 828
794 2164
795 108
797 1743
799 2240
804 2298
817 210
822 1300
830 699
831 2534
833 2357
839 2234
845 1172
852 2969
859 1356
862 1148
864 2528
868 241
869 1303
876 1931
877 914
878 2927
883 1667
885 1655
886 334
891 176
893 807
897 812
898 1209
901 613
903 2954
905 1511
912 1657
916 1946
917 537
918 373
919 2894
923 432
924 2566
931 983
939 211
944 2835
945 226
954 1199
956 2031
958 1090
960 2339
961 2483
970 1026
979 157
980 2184
982 1689
983 52
987 1147
994 1321
996 817
1004 1106
1013 1258
1015 1093
1016 1203
1017 1554
1018 2963
1019 1030
1023 1967
1027 1510
1029 629
1036 1494
1044 597
1045 2089
1046 2827
1048 1065
1049 2510
1051 796
1062 1103
1067 1153
1068 1863
1076 991
1078 863
1080 987
1082 1920
1084 969
1089 322
1092 854
1094 221
1095 2458
1100 1551
1103 2427
1111 2691
1115 1575
1119 1474
1127 877
1129 435
1140 1410
1142 604
1144 860
1145 331
1146 2495
1151 709
1155 17
1161 749
1177 1496
1183 1814
1186 2558
1188 1976
1189 578
1190 1497
1191 978
1200 1150
1201 2953
1204 2174
1206 1049
1209 1692
1210 1482
1213 2186
1217 2042
1218 1992
1226 706
1236 92
1239 2883
1243 2687
1248 1775
1252 2731
1257 439
1262 2541
1266 823
1268 261
1271 400
1272 1493
1277 323
1278 359
1284 2366
1285 2029
1287 679
1290 452
1297 2014
1300 14
1305 1037
1309 2360
1310 2258
1311 674
1313 1790
1315 1794
1316 271
1319 2867
1320 2537
1323 2121
1324 45
1327 1125
1330 2609
1331 516
1338 138
1347 2115
1348 2038
1351 606
1352 1535
1354 1853
1357 1875
1366 2275
1367 1455
1369 2757
1380 2102
1389 171
1393 2422
1396 2988
1403 2779
1405 1484
1406 2166
1411 2892
1413 1715
1415 2224
1417 2424
1418 1694
1419 1653
1428 1603
1431 1025
1435 2970
1437 2557
1443 1211
1444 1092
1446 961
1447 1268
1450 124
1451 800
1457 418
1458 139
1462 2209
1467 1264
1472 2643
1475 2225
1480 2053
1481 1745
1487 168
1493 1244
1502 600
1503 1436
1511 1374
1515 2457
1516 2273
1518 1836
1520 2792
1525 964
1539 2887
1544 2568
1548 29
1559 2303
1560 1088
1565 1188
1567 251
1573 2952
1577 1737
1579 1656
1585 2940
1586 513
1594 1444
1596 1178
1602 1018
1603 468
1605 1217
1606 404
1609 2369
1611 2296
1612 2355
1615 141
1616 410
1623 935
1634 1586
1641 1216
1643 2593
1647 424
1653 650
1657 1059
1664 2269
1665 1409
1673 1034
1674 1439
1681 1426
1683 2008
1685 1293
1688 498
1694 4
1696 1617
1706 1224
1708 352
1709 628
1712 1965
1716 376
1717 197
1719 729
1721 1488
1724 2577
1726 1461
1728 1102
1730 708
1732 2134
1734 2676
1735 976
1741 2618
1747 392
1748 859
1754 2315
1755 1599
1757 132
1763 1320
1776 2945
1780 915
1782 87
1783 2106
1786 2111
1792 2872
1794 1047
1798 2033
1800 833
1802 1600
1805 1807
1809 321
1815 703
1816 1955
1820 1196
1824 2338
1828 2728
1833 2850
1835 643
1843 1378
1844 1463
1845 900
1846 2143
1857 2611
1860 559
1867 2052
1875 1215
1882 1942
1883 2485
1889 1401
1895 1893
1898 968
1900 160
1901 319
1903 510
1910 1242
1918 2283
1924 2257
1927 1728
1935 1509
1936 2680
1937 2228
1942 787
1946 1079
1950 1349
1951 1940
1953 1060
1958 568
1961 2261
1962 149
1968 1323
1970 146
1973 1475
1980 939
1982 1996
1984 1941
1986 295
1990 1640
1993 1827
2009 1697
2010 125
2014 1069
2020 2777
2022 768
2024 1177
2028 1012
2029 1763
2030 839
2035 2330
2039 1724
2042 1192
2051 2701
2052 161
2059 1100
2061 1876
2066 183
2069 1520
2078 1673
2082 242
2089 49
2093 1008
2095 1804
2097 947
2099 230
2108 1749
2109 1718
2111 1779
2119 548
2120 2853
2124 2930
2127 1465
2128 2420
2132 1892
2136 901
2138 870
2141 177
2144 1949
2145 2991
2148 896
2149 822
2152 2875
2154 1036
2157 179
2158 2302
2179 766
2196 1759
2199 2034
2205 2117
2209 2311
2216 702
2218 1166
2222 2531
2224 1782
2226 2995
2229 2820
2230 388
2232 338
2237 2133
2238 889
2244 1259
2251 2189
2260 764
2261 2491
2270 693
2272 1748
2275 343
2283 1213
2297 1972
2298 1591
2304 2610
2307 344
2308 2690
2312 1302
2315 2805
2318 2291
2325 751
2330 2393
2334 2584
2342 697
2347 2120
2350 2705
2351 1504
2352 663
2367 1449
2369 2998
2374 2015
2379 1857
2386 2074
2388 1365
2389 477
2392 471
2393 744
2396 2405
2401 1934
2402 305
2404 948
2405 313
2406 1821
2409 2180
2411 395
2418 2394
2420 391
2424 1687
2428 127
2432 1442
2439 894
2445 2256
2447 2660
2448 1297
2452 1180
2456 1348
2457 320
2460 719
2464 522
2465 379
2467 2131
2474 955
2475 1355
2483 2708
2489 1285
2490 1260
2491 1218
2493 2585
2499 336
2501 675
2509 2160
2517 2924
2522 66
2524 958
2526 2024
2532 367
2533 1269
2537 553
2540 201
2543 2621
2545 164
2555 2980
2556 1064
2560 954
2572 2305
2576 2456
2581 2318
2583 2308
2585 299
2586 1207
2587 2066
2598 652
2600 2409
2610 2785
2611 2459
2613 2640
2622 2132
2624 2592
2625 250
2631 856
2637 2113
2642 698
2643 1803
2644 2233
2647 1271
2649 106
2654 1550
2655 1567
2656 765
2657 2876
2667 314
2678 346
2679 1256
2680 1581
2681 2013
2684 2346
2690 1928
2694 1966
2695 2656
2708 2617
2710 2231
2711 2097
2712 1594
2722 2634
2735 905
2738 2926
2740 2322
2744 1222
2745 1501
2749 384
2750 982
2756 1204
2772 2267
2775 1077
2776 2910
2778 2402
2783 1265
2790 1615
2800 1792
2801 2873
2803 2966
2807 2390
2808 563
2809 1354
2815 1143
2816 74
2817 1658
2819 308
2829 2168
2830 451
2831 1331
2834 2955
2839 1115
2845 2838
2849 1629
2853 2149
2857 1587
2858 1924
2860 1227
2862 353
2875 569
2876 2686
2881 1911
2883 2171
2888 1842
2889 1874
2892 375
2896 2664
2912 2328
2919 1041
2920 2832
2921 350
2925 1700
2930 892
2931 2079
2937 688
2941 1593
2942 1708
2943 1801
2947 630
2948 1578
2949 126
2951 1361
2952 609
2954 701
2956 1478
2959 782
2962 2037
2966 2818
2967 1158
2976 1954
2980 1841
2986 1698
2989 2392
2994 1341
2997 1023
2999 2425
