f_0082864.png f_0082670.png
0 877
1 745
10 812
25 161
26 644
27 1836
30 1700
39 372
50 1294
68 833
76 1537
78 124
79 1170
84 789
88 504
96 961
100 660
101 906
106 285
110 1251
121 1788
125 748
129 936
135 331
142 903
145 1679
147 732
150 516
153 1042
156 1485
184 518
187 770
210 8
223 704
234 226
240 1115
269 426
277 391
281 10
308 633
316 1359
341 315
347 271
400 180
413 77
421 382
425 276
446 838
450 1200
467 946
491 386
498 738
506 1850
516 1405
519 1520
539 1030
545 155
547 1309
569 1095
570 1248
580 439
591 847
609 335
633 216
665 600
666 440
709 922
730 1010
740 1426
756 1160
767 464
769 61
783 1150
788 664
808 1056
819 741
833 396
835 500
843 101
851 1094
853 126
870 819
876 152
889 472
891 221
944 974
947 213
973 484
978 436
996 468
998 419
1006 526
1036 520
1045 1121
1052 783
1111 853
1119 473
1127 471
1129 920
1135 486
1168 1198
1192 263
1200 791
1221 1381
1231 407
1233 557
1237 1445
1257 240
1258 807
1261 169
1283 1621
1293 1102
1294 1894
1311 453
1318 1696
1330 291
1341 675
1392 701
1393 452
1398 593
1406 1191
1432 800
1433 1060
1443 461
1458 1780
1477 35
1485 1504
1493 834
1499 1215
1511 1158
1512 1108
1525 517
1535 1837
1558 959
1565 932
1602 824
1605 24
1628 421
1645 115
1688 506
1697 1446
1708 1345
1749 519
1758 1626
1777 1823
1803 1273
1863 534
1866 1163
1872 1592
1877 969
1898 777
1900 563
1920 1103
1941 854
1959 355
1982 228
2010 970
2014 1126
2045 1905
2049 1297
2094 1049
2121 212
2157 81
2196 457
2244 1090
2318 925
2347 1085
2376 661
2386 318
2418 1496
2431 1152
2484 460
2509 1019
2523 1871
2547 1853
2550 502
2569 1053
2581 157
2583 599
2595 1553
2598 1120
2650 86
2684 1754
2716 1031
2727 160
2744 467
2756 548
2797 727
2798 923
2857 542
2861 99
2876 1129
2881 1024
2892 525
2899 536
2958 496
2987 111
