f_0082958.png f_0082968.png
130 885
141 351
149 127
185 529
189 74
217 8
246 220
286 62
291 78
311 3
335 26
345 229
366 215
383 37
384 32
385 2
390 123
397 890
411 109
429 444
434 197
437 712
442 258
446 1133
458 159
463 174
474 158
483 320
489 187
495 363
510 609
512 219
518 248
524 272
528 433
534 503
545 264
549 959
562 423
563 499
568 542
569 549
577 633
595 271
608 398
622 592
625 458
640 362
641 501
661 579
677 587
679 588
683 518
688 422
696 517
702 555
703 591
708 687
740 1170
742 1334
751 741
758 789
759 763
764 604
765 777
773 683
778 797
786 618
787 822
788 798
792 805
795 874
796 791
807 850
813 648
814 844
822 1155
825 882
830 1200
835 875
838 700
870 1199
875 945
884 748
888 970
889 976
899 788
904 1019
911 982
914 989
917 840
922 1035
935 1278
937 1075
950 1004
951 1111
959 1323
963 1095
965 1104
967 1126
976 1040
978 853
982 878
987 1366
988 1389
993 1171
997 1118
998 1388
1008 991
1009 1074
1012 1423
1019 1219
1024 1059
1031 953
1037 1145
1039 1234
1049 1086
1052 1087
1064 1149
1068 1280
1084 1196
1092 1110
1105 1217
1108 1313
1119 1325
1142 1232
1144 1347
1148 1257
1149 1429
1150 1524
1153 1527
1160 1290
1165 1470
1174 1266
1175 1329
1176 1511
1184 1252
1200 1385
1202 1437
1208 1694
1213 1364
1215 1279
1216 1328
1223 1493
1228 1531
1231 1591
1232 1336
1233 1479
1237 1414
1241 1464
1262 1549
1274 1422
1282 1474
1286 1410
1287 1463
1294 1384
1298 1425
1300 1547
1306 1723
1316 1684
1319 1577
1333 1441
1336 1490
1339 1481
1341 1512
1350 1607
1352 1715
1355 1680
1357 1506
1358 1701
1364 1529
1374 1513
1380 1713
1396 1644
1415 1515
1427 1575
1428 1594
1438 1717
1444 1598
1450 1613
1452 1564
1456 1800
1457 1574
1460 1589
1462 1637
1464 1769
1465 1626
1467 1737
1471 1588
1477 1806
1481 1609
1488 1883
1493 1762
1494 1625
1501 1777
1508 1632
1510 1792
1524 1619
1530 1807
1539 1697
1542 1825
1548 1791
1554 1786
1557 1846
1572 1817
1581 1878
1603 1652
1604 1814
1610 1940
1618 1911
1622 1809
1694 1849
1697 1889
1716 1971
1720 1943
1735 2052
1750 2055
1770 2019
1795 2054
