f_0082946.png f_0082670.png
4 197
30 308
34 213
72 2
91 64
116 249
132 279
143 106
153 315
156 166
173 159
188 22
189 529
192 94
196 499
205 149
206 65
211 19
219 139
223 156
234 92
244 35
252 58
253 185
262 339
265 639
266 20
267 408
279 230
284 365
285 260
288 186
289 96
295 434
296 293
299 59
301 728
305 219
311 463
319 656
324 137
334 287
341 446
342 310
366 614
367 543
370 334
378 29
387 297
395 688
396 397
404 790
405 560
406 473
409 161
413 155
431 534
433 478
434 496
436 168
447 568
456 385
465 654
471 657
472 602
474 467
489 550
500 485
504 221
508 262
510 535
517 108
537 247
546 721
547 533
548 409
552 306
556 290
564 516
577 606
596 659
608 716
624 366
636 356
659 379
665 367
693 376
723 603
737 396
744 754
747 439
756 468
759 569
760 570
763 424
769 429
774 475
784 586
790 471
794 810
801 600
805 518
813 649
814 610
815 513
820 709
829 984
830 913
832 624
861 539
865 593
871 536
889 669
895 919
899 1044
907 851
914 675
920 684
923 621
924 607
930 805
939 700
946 740
969 635
974 1034
982 823
988 734
990 1322
1007 589
1026 1276
1041 989
1058 787
1070 1093
1079 788
1083 917
1084 831
1085 817
1094 916
1095 789
1099 920
1108 797
1123 807
1134 903
1137 1072
1156 1009
1173 981
1175 871
1197 840
1204 1059
1210 852
1214 1137
1223 902
1242 1049
1252 868
1260 869
1306 1012
1312 1115
1336 1070
1344 948
1349 1561
1362 1062
1370 1085
1376 988
1390 1245
1394 1192
1398 1388
1399 1024
1405 1143
1408 1101
1415 1120
1418 907
1438 1153
1443 1088
1459 1025
1464 1540
1482 1174
1493 1164
1497 1196
1506 1122
1525 1177
1528 1344
1530 1111
1533 1133
1545 1149
1548 1627
1552 1648
1557 1123
1571 1042
1576 1047
1582 1585
1583 1536
1584 1307
1588 1592
1602 1783
1611 1303
1639 1603
1644 1577
1646 1355
1664 1083
1691 1616
1711 1448
1731 1580
1760 1679
1800 1634
1821 1425
1850 1239
1874 1416
1881 1761
1891 1465
1941 1685
1956 1660
2057 1636
2068 1483
2140 1806
2192 1526
2277 1898
