f_0082872.png f_0082918.png
233 2355
284 1483
378 1848
384 44
410 903
417 1258
431 591
436 1527
437 1252
447 2032
448 2024
455 1607
459 1266
461 1837
482 1565
500 338
506 213
507 876
520 905
524 1134
532 2255
537 2496
543 576
544 92
547 1511
548 2537
554 816
561 595
562 238
564 26
567 1144
568 1363
569 399
573 2360
588 668
590 2263
592 1712
601 1136
607 1788
610 1220
616 73
621 962
629 1624
630 1
641 2745
645 560
650 1240
653 1446
657 2437
662 902
663 1046
665 2777
666 127
668 1666
672 800
686 380
687 1214
701 679
706 53
709 2478
713 102
714 1183
718 1560
720 31
725 1784
731 2336
750 927
760 1124
763 1569
768 2038
769 2110
770 982
776 416
780 2326
784 2096
789 620
793 265
796 1291
797 1568
803 1679
805 448
810 237
815 1101
822 270
825 1808
829 2937
830 2979
831 1634
841 2683
842 1561
843 2772
844 1891
846 564
862 951
864 673
875 2112
877 212
881 2848
890 558
892 1275
893 2647
900 1187
907 1578
909 1999
910 1724
915 1743
925 2933
927 1203
932 2351
940 1201
941 1338
944 1398
962 2262
963 609
964 1618
978 2978
979 2378
980 2832
982 2616
1001 2100
1018 1080
1025 2470
1026 1085
1031 430
1032 93
1034 1651
1040 572
1061 1723
1064 1753
1072 2467
1075 1685
1079 2862
1082 588
1088 810
1092 1881
1104 1918
1106 1888
1120 1721
1121 584
1125 1268
1130 1347
1145 627
1152 373
1155 362
1159 200
1171 523
1186 890
1198 309
1200 2398
1203 1267
1218 2561
1228 2999
1229 1357
1230 657
1236 602
1239 1825
1240 2982
1258 2224
1266 2899
1267 1207
1273 2041
1299 344
1301 606
1303 1843
1306 788
1322 2874
1325 2801
1326 2204
1327 1050
1328 1196
1332 1670
1338 385
1343 40
1351 807
1358 706
1363 691
1366 1159
1372 1668
1386 2344
1387 2080
1388 1917
1391 2591
1392 2424
1396 235
1400 2456
1404 2035
1414 1635
1426 2159
1427 728
1435 1059
1437 2921
1439 2022
1452 715
1461 2799
1475 1290
1476 77
1480 2940
1489 84
1500 1374
1519 2552
1522 1916
1528 1474
1537 2430
1540 830
1546 1496
1547 181
1555 554
1560 1660
1561 298
1564 2626
1565 1241
1571 2259
1572 634
1573 643
1578 89
1579 72
1581 2271
1583 734
1587 341
1589 2303
1596 2632
1597 2665
1599 180
1601 1319
1609 735
1610 45
1611 1041
1614 1386
1626 103
1629 1696
1630 792
1641 1204
1645 1239
1649 2264
1651 852
1652 538
1662 1617
1664 2227
1670 2542
1673 2152
1674 592
1696 423
1697 1644
1701 2825
1704 2479
1706 1010
1712 1089
1714 1663
1715 867
1716 1472
1720 1003
1731 433
1733 542
1740 1894
1742 2280
1744 1371
1746 1763
1748 2392
1749 704
1756 1237
1757 2935
1758 187
1764 1152
1772 1099
1784 1002
1786 2298
1787 387
1791 2993
1800 264
1805 2506
1811 598
1818 2098
1824 188
1827 1924
1828 1755
1831 799
1834 2323
1837 2228
1840 445
1843 412
1849 1186
1853 2639
1856 2592
1857 770
1859 2342
1860 963
1862 2045
1863 549
1864 2600
1866 220
1870 2586
1877 1851
1880 1895
1881 1300
1885 1005
1894 552
1898 1153
1901 2554
1904 1603
1906 505
1911 2876
1914 249
1915 2885
1916 2513
1920 746
1923 2316
1925 785
1926 2646
1932 2176
1934 649
1938 976
1941 1045
1944 1996
1948 2929
1952 2836
1953 2021
1956 1691
1958 299
1961 971
1962 1296
1968 516
1973 1317
1982 664
1983 2601
1984 368
1991 2511
1994 1606
1995 1389
1996 2386
1997 1169
2010 467
2011 1469
2019 1492
2024 836
2025 885
2030 733
2037 151
2038 1623
2048 743
2054 1640
2055 221
2064 2009
2069 240
2078 232
2089 2201
2094 2002
2096 702
2110 1750
2112 833
2141 1812
2142 2558
2145 2961
2152 1202
2165 1796
2173 1596
2174 1738
2176 176
2179 2579
2186 493
2200 1518
2220 2039
2230 2556
2237 987
2239 284
2244 49
2245 34
2254 155
2255 1115
2259 1541
2269 2950
2271 1396
2281 1875
2288 446
2289 993
2301 1175
2304 2939
2318 2631
2325 601
2339 1615
2341 225
2343 67
2370 656
2372 1602
2380 2297
2397 1903
2420 227
2431 1509
2460 1627
2496 1378
2507 9
2517 1068
2533 2417
2555 2329
2562 1067
2587 2250
2595 2889
2600 24
2603 1648
2621 2076
2653 1461
2658 1016
2666 1280
2674 721
2721 1814
2768 2570
2775 2023
2781 1277
