f_0082776.png f_0082958.png
10 1034
16 952
41 730
45 1392
74 1224
77 434
79 1498
95 482
116 1122
124 481
125 193
180 729
186 1496
200 722
221 708
244 834
248 680
307 1243
313 489
315 973
324 677
338 1202
343 1544
349 405
359 958
362 383
364 718
365 1188
366 703
368 1543
369 524
370 1233
378 1118
398 573
407 1267
411 1131
420 1213
435 1510
440 1200
441 1254
474 918
498 1324
501 992
507 1084
508 1282
511 1615
520 638
524 1487
531 1647
543 1067
546 1675
559 1687
575 1211
591 1450
592 1703
599 1232
603 1346
607 1548
621 1318
636 1290
651 1143
663 1461
668 1465
682 1357
685 1148
693 1482
720 1294
727 1428
732 1102
736 1004
798 1504
815 1551
828 1025
831 954
846 1858
873 1155
874 1107
903 1159
967 1676
974 1401
983 1708
987 1562
1043 1593
1052 1829
1110 1967
1118 1952
1166 1915
1192 2077
1255 1951
1311 2003
1316 1872
1386 2036
1439 1867
1590 1956
