f_0082868.png f_0082926.png
0 2016
4 1286
6 2067
16 733
17 164
25 674
27 1507
28 1228
29 434
32 1140
42 1439
63 1005
79 1457
88 1581
89 578
91 2247
107 1847
109 482
111 1481
112 1504
117 467
120 1380
126 72
131 53
135 1258
139 2568
144 1162
159 1052
161 1876
162 1035
163 2322
171 2019
176 430
179 213
183 1870
185 208
189 976
199 1218
202 595
211 395
217 802
220 2212
227 140
230 2038
232 1058
236 476
240 790
248 707
263 731
270 1931
273 1805
286 271
290 1961
293 1914
294 1273
305 1995
313 2311
317 571
319 517
322 1364
325 41
327 1014
328 1778
335 686
336 743
337 96
350 1482
352 1935
362 940
376 1976
380 732
381 656
386 326
387 787
390 299
392 886
408 703
411 1126
419 1283
429 483
439 414
441 367
448 955
456 660
469 1399
471 553
472 1502
512 726
513 813
523 1182
524 1687
543 1115
554 586
564 860
571 520
573 1050
588 818
590 1856
599 644
604 885
606 1777
615 798
629 1214
636 327
640 1033
652 1675
656 1731
662 1614
664 626
667 1611
669 625
671 1146
676 1948
678 532
689 848
710 892
721 2312
740 99
757 642
762 1095
767 924
769 774
796 1039
799 322
807 1670
808 1663
817 751
822 1639
823 1063
824 1261
830 2456
834 808
844 773
858 449
859 1605
861 716
869 1038
889 1271
890 1771
894 730
913 2184
919 2582
926 16
936 1732
946 1512
963 1108
973 951
975 972
990 1375
992 2161
995 1303
1009 1783
1012 1489
1018 1183
1022 1930
1026 1142
1030 2548
1037 1756
1040 1371
1047 2701
1049 914
1063 4
1076 353
1080 1521
1083 1362
1099 1598
1113 494
1123 739
1133 2071
1135 1094
1165 729
1168 653
1184 921
1189 919
1213 1330
1217 31
1218 1717
1231 170
1232 629
1239 806
1241 1587
1255 868
1257 1414
1275 461
1307 130
1314 145
1322 1384
1349 1572
1355 2442
1370 688
1371 941
1372 2601
1378 967
1382 1692
1383 402
1386 1150
1391 1951
1392 1514
1394 541
1418 1804
1437 1363
1443 2264
1448 2140
1452 202
1474 506
1483 1224
1544 1381
1545 1259
1548 284
1552 1460
1562 562
1573 177
1587 432
1594 1328
1599 2050
1601 1023
1626 136
1631 721
1649 1659
1650 1179
1655 364
1681 98
1685 883
1696 1446
1698 668
1718 949
1719 1091
1720 1187
1722 583
1724 535
1729 1907
1733 913
1739 555
1750 1164
1755 342
1785 891
1787 173
1819 636
1828 1695
1829 458
1845 772
1849 1262
1857 550
1862 1161
1863 1350
1865 1288
1876 375
1881 691
1903 1899
1907 753
1918 18
1928 1716
1938 341
1959 568
1990 935
1992 1382
2001 728
2015 938
2018 481
2022 980
2029 814
2064 563
2073 435
2078 1558
2080 109
2081 1385
2084 1388
2089 1691
2094 2794
2095 2186
2097 391
2098 169
2111 2156
2115 2528
2127 2790
2149 1127
2156 1865
2157 2229
2164 708
2180 1810
2186 1596
2191 2413
2209 2402
2225 936
2229 698
2236 89
2243 290
2245 1083
2253 1616
2255 671
2257 1084
2271 1822
2272 8
2280 855
2296 761
2303 92
2308 744
2313 725
2318 348
2324 1340
2332 1621
2339 2027
2340 749
2343 775
2356 895
2357 713
2415 2118
2446 1281
2449 183
2450 518
2458 1067
2460 1098
2472 1090
2489 62
2500 214
2509 575
2513 2098
2515 965
2536 188
2540 197
2541 991
2557 598
2573 651
2591 1071
2648 1688
2652 1780
2659 1525
2662 1210
2698 1622
2701 565
2755 918
2756 166
2757 2228
2765 1473
2769 2097
2771 1018
2790 2462
2806 989
2814 1379
2816 120
2823 1088
2835 1314
2883 1817
2890 1906
2900 49
2912 187
2915 1541
2918 465
2926 906
2928 2062
2944 1190
2967 825
2968 431
2969 1366
2977 1503
2994 1849
2999 2759
