f_0082928.png f_0082876.png
40 202
51 357
64 207
71 313
86 274
107 393
120 299
126 258
153 398
155 256
160 269
166 257
175 292
191 328
206 335
213 371
216 324
222 307
238 329
245 387
260 411
261 386
269 367
279 348
282 344
290 337
348 429
350 404
353 526
363 463
377 479
378 378
381 550
382 462
383 417
387 384
403 487
411 427
415 471
430 397
437 480
444 559
456 423
462 413
468 369
471 587
477 388
493 340
502 641
524 634
530 477
534 570
542 622
551 629
553 438
554 449
560 465
574 481
575 474
582 489
591 484
592 492
605 543
611 687
613 491
614 501
620 508
621 485
625 593
626 506
630 594
633 669
640 588
643 456
648 534
649 545
652 524
665 563
676 602
677 562
681 603
682 546
695 567
704 627
705 572
709 681
717 589
723 743
738 608
741 682
750 614
755 685
757 767
764 689
767 713
768 694
773 830
776 639
780 670
789 805
792 615
799 832
800 711
802 710
815 760
816 729
836 744
840 671
859 800
866 717
869 881
873 860
876 718
878 714
882 783
886 913
887 843
894 740
897 739
899 720
900 929
903 819
908 672
912 795
915 886
928 725
932 791
942 788
948 757
956 726
967 840
972 940
974 781
988 994
993 807
994 742
996 899
998 878
1001 857
1014 789
1024 817
1034 868
1036 893
1038 967
1039 905
1044 1006
1051 1007
1052 969
1056 917
1061 1019
1075 837
1083 979
1087 889
1133 1067
1135 982
1144 895
1149 936
1156 873
1162 911
1171 974
1172 904
1184 1018
1209 922
1213 926
1222 1035
1230 1110
1248 978
1250 1064
1275 1037
1278 999
1284 1128
1317 1079
1348 1129
1363 1216
1368 1000
1373 997
1387 1143
1389 1113
1390 1145
1399 1165
1411 1083
1429 1221
1431 1062
1438 1142
1445 1200
1446 1074
1463 1097
1470 1183
1481 1190
1504 1012
1508 1119
1516 1228
1517 1186
1529 1068
1555 1161
1583 1180
1615 1308
1616 1260
1619 1251
1649 1279
1666 1336
1684 1283
1699 1332
1700 1295
1706 1227
1716 1337
1722 1342
1723 1321
1725 1304
1732 1319
1756 1324
1757 1313
1759 1314
1764 1249
1773 1380
1790 1343
1798 1286
1825 1270
1828 1315
1838 1325
1852 1381
1861 1382
1879 1306
1880 1296
1904 1367
1940 1425
1947 1450
1978 1464
1994 1460
2001 1484
2021 1470
2026 1535
2057 1501
2072 1504
2092 1539
2154 1474
2163 1593
2184 1527
2241 1569
2250 1554
2304 1451
2312 1546
2321 1630
2356 1637
2395 1608
2464 1681
