f_0082724.png f_0082868.png
6 423
12 1207
13 2945
17 2727
24 1471
29 679
32 530
38 1958
42 2337
44 2162
51 278
56 49
60 1769
64 2148
73 2638
86 678
91 785
92 2552
93 197
98 456
102 5
117 2581
118 2340
120 124
128 1161
129 2349
130 1116
152 688
154 2298
157 56
159 1461
175 1876
181 2086
187 2062
191 1153
193 535
197 2954
199 602
200 1739
205 117
209 46
214 2591
215 1861
220 148
227 2731
228 1675
230 217
261 373
268 1816
272 2388
273 2447
275 2067
279 41
280 319
284 1863
285 2
287 2639
291 1113
294 1255
300 1538
305 1718
309 2494
310 2528
313 2944
315 1493
320 2610
330 1986
332 1733
338 1180
347 2124
365 2880
375 380
390 1609
394 448
397 1996
404 411
414 809
416 1222
421 189
426 791
431 359
432 261
434 358
437 2315
454 835
460 639
463 869
468 1755
486 2373
488 2544
507 1982
511 2022
514 1926
516 2396
535 640
537 2385
538 134
549 591
551 1622
561 2009
566 1787
575 1470
577 1900
583 455
588 582
595 1499
603 1069
609 2677
613 758
621 2141
622 2912
629 2053
630 2069
654 1950
668 890
670 1181
682 325
685 1901
689 868
693 85
701 2792
740 1928
744 2861
745 1078
752 823
753 2468
755 983
756 2134
763 2178
767 1335
771 738
776 1843
787 544
797 696
807 553
812 2995
824 3
857 158
858 729
859 2361
874 797
879 1615
880 2317
886 2558
890 2446
893 472
902 193
912 1994
927 1507
936 417
940 298
945 2321
946 950
951 1533
975 2016
977 1172
979 1192
1010 2819
1024 1257
1027 1197
1033 1398
1050 2659
1051 1122
1059 153
1065 2596
1068 2185
1076 376
1087 1103
1091 1981
1092 2133
1095 1391
1096 992
1098 735
1113 272
1123 230
1130 371
1136 2264
1138 241
1162 2757
1179 1130
1184 2647
1190 1020
1194 2342
1215 1834
1217 1214
1238 2652
1263 347
1294 1957
1295 1291
1303 913
1304 2046
1308 558
1326 115
1354 1825
1358 2406
1363 2775
1382 2005
1393 2802
1395 434
1409 1475
1457 627
1482 2773
1501 142
1515 1975
1532 1330
1541 1998
1561 235
1571 1366
1582 2240
1603 1381
1647 101
1654 2554
1689 2585
1701 649
1710 1534
1793 1030
1794 1672
1821 928
1827 1886
1829 2702
