f_0082864.png f_0082492.png
8 446
10 943
18 397
39 556
42 1298
48 1605
95 2321
96 1632
98 225
123 2246
129 1565
212 373
246 2280
247 1192
248 298
254 1251
279 309
289 1216
341 632
357 1006
358 350
361 634
406 775
451 1878
457 1036
474 1567
545 265
561 1481
569 1740
582 1202
583 656
665 1049
690 1277
724 1260
736 778
766 450
773 542
785 2188
812 1124
813 611
838 1046
852 1497
856 2021
861 1185
889 731
920 1509
933 227
946 1495
996 780
1002 1844
1011 1578
1031 648
1048 592
1085 255
1148 1655
1153 221
1196 1493
1234 1719
1241 2006
1266 1461
1273 945
1279 795
1287 400
1451 709
1477 84
1553 1473
1597 261
1611 1066
1616 27
1707 2178
1716 2199
1743 1299
1818 2058
1877 1636
1904 72
1969 343
1975 1625
1983 949
2015 1000
2068 456
2089 582
2094 1787
2168 168
2171 1870
2188 2050
2230 1649
2256 710
2266 475
2290 850
2325 282
2335 349
2360 621
2368 131
2460 161
2461 1019
2526 1086
2586 297
2598 1800
2711 612
2727 362
2751 1371
2755 1577
2756 1096
2845 219
2848 1195
2913 1048
2958 865
