f_0082412.png f_0082886.png
174 83
221 105
352 169
453 221
485 232
553 252
565 262
616 264
621 274
718 331
784 431
804 425
822 456
856 426
943 541
952 488
957 570
1045 595
1058 568
1071 549
1097 642
1105 611
1147 615
1187 684
1224 739
1266 780
1293 804
1295 771
1336 860
1343 873
1359 829
1443 869
1459 939
1460 852
1476 877
1513 915
1615 960
1695 1115
1708 986
1766 1094
1775 1138
1785 1133
1846 1178
1856 1085
1861 1232
1901 1129
1909 1242
1954 1157
1965 1314
1980 1174
1985 1270
1988 1202
1992 1181
2010 1204
2035 1307
2086 1370
2095 1300
2159 1363
2200 1412
2221 1405
2338 1601
2418 1759
2434 1766
