f_0082558.png f_0082952.png
11 1740
16 697
17 1758
23 1717
31 1801
40 2145
44 1818
48 428
65 1447
68 1965
76 1263
95 1733
98 907
112 4
121 2086
151 517
169 1909
178 1290
190 289
192 1385
198 2007
221 1897
224 343
235 1629
237 1361
242 1273
254 338
255 816
259 1296
280 2080
303 1229
305 1195
314 1641
315 1416
323 279
327 653
328 1526
356 2017
389 1569
394 1170
397 842
403 1161
406 299
409 98
420 1186
423 1567
427 1461
432 1862
439 2127
499 1078
502 2099
508 1132
516 2102
539 791
570 711
573 1182
591 1916
596 2022
599 1775
618 832
625 2048
644 2136
677 1445
679 1960
681 887
682 836
698 1069
713 943
714 1359
737 1619
740 971
745 1859
752 2294
759 1389
778 1320
779 870
784 1651
797 2387
800 1212
803 294
820 441
832 1217
851 1157
857 313
861 1776
882 977
893 1050
895 890
910 1388
930 1645
935 1746
937 2115
939 1964
968 1952
1007 1985
1012 1598
1029 1413
1037 1669
1049 2270
1060 1788
1064 1573
1072 1345
1076 244
1085 1664
1113 916
1122 162
1136 1423
1162 1088
1195 2064
1200 1831
1207 396
1228 1910
1233 1885
1252 249
1254 1632
1255 1660
1273 1894
1274 642
1303 2340
1317 1455
1325 2021
1327 1767
1330 1520
1333 3
1336 1793
1341 1536
1367 741
1373 83
1380 2556
1392 2106
1409 2046
1410 1624
1411 1723
1422 607
1429 985
1430 185
1436 1795
1437 1848
1444 1111
1463 2005
1483 2286
1497 155
1513 2370
1547 766
1561 336
1562 1032
1572 1535
1576 1657
1609 1247
1614 1279
1616 1865
1636 1030
1639 247
1650 2523
1655 1402
1663 119
1682 1766
1689 1468
1702 882
1703 1294
1706 1847
1715 1379
1717 1034
1725 1329
1744 2116
1754 26
1777 865
1783 1123
1800 2212
1827 2066
1832 2124
1851 2181
1860 609
1865 1153
1881 1306
1884 1574
1896 1646
1901 2078
1921 1415
1922 2031
1930 2147
1933 1565
1946 121
1965 1425
1987 1469
2014 1659
2030 1439
2034 1214
2037 89
2077 2346
2078 2138
2084 1476
2087 845
2088 2067
2101 1448
2111 749
2143 1872
2157 1457
2158 169
2160 1529
2167 1844
2176 6
2181 1866
2192 1673
2202 1694
2210 1240
2211 1483
2218 2281
2242 1171
2252 2444
2261 1418
2278 1812
2286 1340
2292 1105
2302 225
2304 1647
2309 1744
2317 257
2340 1749
2347 520
2364 1836
2367 2001
2369 1587
2372 834
2373 1438
2374 1962
2390 515
2396 1521
2401 1473
2410 1979
2412 2349
2415 1480
2440 1244
2450 2293
2451 1243
2479 42
2484 1352
2532 692
2542 2101
2550 1510
2558 1648
2574 1777
2590 421
2592 1604
2594 868
2595 1007
2597 1097
2614 1702
2616 1305
2621 1830
2646 253
2648 283
2651 841
2659 1056
2668 217
2708 771
2713 1628
2721 2521
2738 1774
2741 1499
2749 2395
2758 260
2762 821
2778 717
2793 391
2795 366
2802 2230
2813 608
2821 1360
2834 1399
2853 1923
2856 2191
2888 1299
2915 1227
2921 1326
2928 2311
2933 1422
2967 1809
2971 1845
2975 1403
2995 1185
