f_0082702.png f_0082670.png
107 1
118 46
125 36
127 27
140 49
142 68
145 59
150 120
163 71
170 9
182 145
186 39
191 7
193 105
200 26
207 121
216 140
217 113
218 67
221 160
223 170
226 181
227 149
240 197
243 184
245 189
250 188
251 192
258 222
265 208
271 224
272 228
275 265
277 236
282 215
288 256
296 268
297 244
298 240
303 288
304 239
306 292
307 232
309 273
320 278
323 316
324 309
328 320
329 302
330 293
333 274
336 272
337 351
338 324
339 305
341 242
344 331
346 339
348 359
349 325
353 352
354 345
360 264
363 365
365 298
368 346
383 319
385 394
393 397
395 361
400 405
402 383
403 353
405 415
407 425
412 386
414 368
420 433
421 446
422 418
423 409
427 434
439 441
442 442
447 457
453 393
465 411
467 482
468 488
470 481
473 487
477 438
478 512
481 508
484 528
487 521
488 497
492 532
494 431
505 542
507 471
510 447
512 543
515 449
516 549
521 535
523 501
525 548
528 465
532 462
536 495
537 484
539 515
541 550
544 491
552 511
556 506
557 609
562 505
564 602
565 569
568 573
570 567
571 526
572 570
575 525
576 599
577 571
578 552
580 640
581 592
584 603
588 546
589 656
593 652
594 659
596 610
598 665
601 587
602 565
604 617
606 658
608 594
609 572
610 682
616 673
620 663
627 669
630 629
632 660
634 611
636 693
637 649
638 697
646 631
648 725
649 720
650 715
652 729
654 709
660 728
663 702
670 681
671 645
674 737
683 685
692 748
696 678
698 717
699 701
700 687
710 773
711 705
721 776
725 782
728 738
734 727
735 803
736 809
745 724
752 820
758 811
764 810
767 805
774 806
775 788
783 843
785 789
796 822
799 834
801 817
802 807
803 791
805 865
809 796
810 777
814 839
823 835
830 819
832 840
836 860
840 909
842 859
843 826
847 852
848 841
851 867
854 914
855 915
856 895
857 880
858 871
859 869
862 888
864 868
866 911
867 893
869 910
877 899
880 944
881 925
884 946
887 957
888 920
890 949
892 983
894 934
896 945
897 929
898 897
904 974
906 1007
908 961
909 936
913 927
915 970
916 969
919 1015
920 989
922 967
923 935
924 952
927 921
930 1000
931 987
936 997
941 972
942 1008
943 953
945 1016
948 937
951 1009
957 1001
958 998
970 1069
971 1046
972 1036
976 1061
979 1031
980 1103
981 1059
987 1019
988 1018
991 1114
994 1033
995 1124
996 1135
1000 1054
1002 1072
1005 1145
1007 1052
1008 1063
1010 1062
1016 1042
1019 1057
1020 1078
1021 1074
1023 1076
1027 1095
1030 1170
1032 1085
1037 1087
1041 1152
1043 1142
1044 1110
1046 1067
1047 1137
1048 1100
1049 1089
1050 1086
1053 1108
1059 1090
1061 1157
1063 1097
1064 1091
1067 1105
1069 1112
1070 1120
1073 1195
1074 1107
1077 1153
1078 1144
1081 1132
1082 1125
1083 1149
1092 1202
1094 1147
1096 1159
1098 1148
1102 1161
1103 1168
1107 1178
1110 1164
1114 1180
1118 1182
1120 1183
1123 1196
1124 1177
1125 1198
1131 1203
1138 1298
1140 1197
1144 1189
1153 1282
1163 1218
1166 1213
1168 1278
1169 1223
1173 1224
1178 1305
1179 1248
1180 1230
1181 1261
1184 1380
1185 1341
1187 1251
1188 1273
1194 1280
1197 1372
1198 1268
1203 1295
1207 1297
1209 1299
1210 1391
1211 1296
1213 1309
1215 1375
1216 1342
1217 1307
1218 1308
1219 1387
1221 1332
1223 1303
1225 1288
1226 1300
1227 1340
1228 1325
1232 1388
1233 1347
1237 1323
1246 1343
1249 1356
1250 1349
1251 1421
1254 1351
1256 1369
1257 1360
1263 1364
1264 1424
1265 1362
1267 1370
1272 1431
1273 1390
1275 1376
1276 1377
1277 1358
1282 1439
1284 1403
1288 1397
1290 1392
1291 1416
1297 1418
1307 1513
1315 1547
1316 1516
1322 1566
1324 1448
1328 1540
1330 1548
1336 1577
1338 1523
1340 1482
1341 1485
1349 1551
1351 1570
1358 1549
1364 1580
1365 1589
1373 1546
1374 1526
1379 1640
1388 1610
1402 1606
1408 1638
1411 1621
1415 1713
1418 1718
1431 1727
1433 1775
1434 1680
1438 1684
1441 1652
1442 1831
1443 1843
1451 1780
1459 1782
1461 1801
1473 1856
1475 1884
1477 1836
1482 1866
1485 1924
1488 1888
1490 1910
1495 1908
1501 1890
1533 1883
1536 1887
1545 1891
1553 1854
1569 1927
1577 1914
