f_0082882.png f_0082918.png
106 2102
121 862
151 1400
155 2804
166 1
172 328
173 456
183 27
184 946
188 1388
193 1950
199 388
201 489
204 2566
207 540
210 314
223 129
231 2251
238 1414
246 389
255 927
257 265
263 70
264 2234
268 2346
269 1529
270 1137
272 2749
281 1203
282 1291
285 868
287 426
293 405
295 1573
300 2452
301 2978
307 111
310 2112
314 136
321 71
333 1391
335 2688
338 2832
348 907
352 1273
361 2205
362 1652
367 1966
370 677
372 329
375 645
376 1625
379 2314
386 1053
390 1357
392 2618
393 1778
398 2195
401 377
405 2380
419 202
431 778
441 2193
450 795
451 1659
455 1914
456 857
463 2545
468 2101
470 40
473 1305
476 2048
480 779
483 741
488 2428
489 1395
491 61
496 1708
498 1200
505 2564
509 77
510 1534
515 1974
516 266
518 2430
523 1488
525 454
526 1695
527 154
528 1241
530 929
531 432
534 760
536 1584
538 2303
541 357
545 361
546 554
551 1041
552 1111
557 830
558 2817
562 1386
566 2154
568 45
569 2463
571 2843
573 386
577 2085
578 2622
582 2998
584 2197
585 1646
591 2723
594 2152
597 1010
603 2916
606 750
609 2423
611 431
612 1894
614 959
620 125
623 116
627 1007
628 651
630 2086
632 424
636 2785
639 629
644 1854
646 79
649 1872
650 433
652 662
654 1006
660 2421
662 482
668 1015
670 2615
671 2298
675 1481
676 1821
678 157
680 785
682 2045
683 2490
688 2486
699 1606
700 931
702 1775
703 2323
711 2885
712 299
718 1045
725 1477
729 2367
732 2167
753 2482
762 2242
769 755
770 2498
772 1486
777 621
779 2201
785 833
788 2851
791 2002
793 1235
795 1094
798 1163
805 1492
818 2358
820 350
824 393
831 2232
833 2063
851 2017
862 112
864 458
866 2605
869 628
875 1343
877 1345
882 849
883 686
887 539
889 658
907 1404
909 1260
911 1361
923 16
949 1092
955 2731
958 275
963 55
964 145
975 1542
986 1816
1018 1447
1019 367
1021 1510
1077 1065
1093 510
1100 24
1119 1176
