f_0082864.png f_0082858.png
22 1494
32 1049
37 2649
41 2140
51 1452
52 1376
66 1166
83 405
88 894
89 2228
92 1878
101 1396
114 321
119 2491
122 305
130 565
134 2107
141 1862
143 1453
144 2214
158 868
166 2073
167 1077
176 1515
177 904
180 1094
186 1812
188 1008
192 541
199 2584
202 1810
215 196
221 2386
222 1125
230 2852
240 1752
242 2754
254 1262
255 1924
266 1955
268 2304
273 123
288 1556
297 2526
298 2224
302 2175
303 2319
331 1375
334 1671
337 1919
339 984
340 1304
346 2388
352 1174
353 2207
355 766
361 632
373 813
396 1231
414 245
436 1296
446 1444
453 2430
456 2707
464 1342
465 1781
473 1435
480 1071
496 2606
507 1477
510 1160
512 610
516 1807
519 1907
532 1442
533 1394
534 2258
539 1397
543 1568
553 2571
557 2204
568 2070
569 1454
576 1521
636 1769
637 419
640 1420
643 2131
644 930
645 1479
659 2088
672 1869
675 1889
687 1738
697 2191
701 2205
711 2275
719 1513
725 514
734 1570
763 633
766 518
793 1381
800 2804
804 723
808 1338
813 707
815 1025
837 2039
842 216
851 1645
857 1681
868 2552
869 2078
890 2139
901 1934
915 1619
921 2102
943 2560
951 1905
960 1841
967 2221
983 1985
989 2465
990 1039
996 790
1045 1614
1050 836
1066 428
1069 1020
1071 1414
1074 2038
1078 482
1082 1861
1107 721
1122 1913
1134 2731
1174 1853
1181 950
1183 1855
1194 2432
1208 1037
1212 966
1218 1413
1229 2067
1232 1973
1235 1151
1239 1912
1264 2696
1266 1197
1286 2452
1300 2257
1304 1496
1305 1804
1321 1200
1327 1401
1329 1960
1343 2728
1355 2189
1362 1015
1365 591
1368 736
1379 2715
1385 1643
1387 919
1389 1986
1395 1277
1413 1951
1414 207
1416 2682
1418 2022
1422 1885
1429 2542
1441 1506
1466 829
1500 340
1505 1967
1507 1844
1509 2165
1511 1711
1547 2181
1548 506
1560 310
1561 1737
1563 2061
1568 2318
1604 2522
1623 2015
1636 317
1651 999
1672 1291
1674 475
1676 933
1683 1691
1684 1890
1687 760
1707 1971
1711 2031
1723 1740
1724 278
1755 1803
1762 1074
1764 2470
1770 2352
1781 261
1786 1904
1792 628
1803 1720
1818 1784
1844 2115
1851 1717
1853 1143
1878 1543
1881 895
1884 2057
1908 2716
1933 1898
1942 2029
1950 1644
1960 2128
1981 1754
2005 2405
2009 2365
2015 922
2028 1349
2030 1462
2056 2281
2069 860
2092 1474
2099 2010
2109 1029
2119 2299
2129 1756
2135 601
2140 602
2160 2172
2191 2774
2202 1539
2205 2252
2217 2535
2226 1626
2229 1893
2239 1306
2248 1058
2254 2397
2261 1255
2273 2163
2286 777
2301 1704
2304 773
2337 968
2338 2345
2347 1574
2350 1699
2352 2030
2373 1629
2381 235
2389 1560
2410 1735
2428 585
2430 2714
2438 2202
2443 1075
2452 1465
2463 1808
2467 948
2472 1124
2486 2203
2488 2583
2507 1455
2510 2033
2513 445
2523 2377
2528 1798
2551 2280
2577 2422
2581 559
2592 2440
2593 1311
2594 1706
2595 2066
2597 2186
2612 1952
2614 2019
2616 1947
2632 1684
2636 1391
2648 2326
2657 1780
2662 1505
2676 1612
2683 2077
2684 2337
2690 1597
2695 2719
2701 2364
2708 2170
2715 2225
2716 1538
2740 2551
2748 2630
2752 2042
2757 1605
2765 527
2771 1938
2808 2192
2811 1637
2831 237
2839 1558
2847 1123
2870 1109
2881 1448
2891 1724
2930 2082
2938 2727
2941 2705
2947 2233
2950 355
2953 2241
2956 1933
2991 1854
