f_0082864.png f_0082724.png
10 689
47 608
71 1269
77 407
99 309
110 974
120 749
147 379
151 700
176 847
179 1710
216 1316
243 299
255 1357
270 161
277 361
286 175
292 1289
299 1185
301 367
323 459
326 938
346 1295
361 297
399 697
401 648
409 363
440 490
448 1363
457 409
492 1019
509 1193
514 317
516 912
563 497
568 1180
569 864
578 1100
579 596
600 1405
606 1254
644 230
645 1013
656 1672
694 40
704 319
708 1001
711 1236
724 651
725 71
729 1669
732 729
734 559
747 766
748 807
770 1064
790 832
802 668
815 177
818 712
820 1097
835 584
838 368
855 1718
880 329
910 1362
920 829
921 1130
929 767
948 1343
992 268
1026 358
1032 950
1041 685
1097 1629
1104 1418
1168 771
1203 402
1231 56
1237 967
1239 1242
1306 964
1314 686
1320 362
1353 875
1379 1338
1395 575
1400 348
1410 419
1411 1706
1423 722
1428 850
1431 927
1469 527
1480 629
1485 949
1514 1662
1567 539
1584 636
1641 625
1651 462
1694 1032
1707 1099
1711 1196
1714 1567
1716 1085
1746 1737
1758 1023
1771 1443
1773 1568
1785 1782
1786 876
1788 429
1796 1047
1808 305
1820 811
1838 1661
1849 676
1850 975
1864 294
1901 262
1933 1078
1963 726
1965 538
1975 855
2004 1345
2015 408
2042 979
2049 790
2101 432
2110 483
2132 315
2148 1297
2154 922
2190 1088
2226 804
2238 564
2244 840
2251 645
2255 1874
2295 353
2311 387
2323 1545
2351 1082
2354 941
2355 576
2357 1526
2430 1605
2445 640
2452 338
2493 1689
2501 1543
2552 316
2566 842
2583 520
2586 12
2588 8
2589 1310
2606 1155
2607 805
2616 1122
2625 1230
2631 244
2638 610
2658 853
2662 690
2681 489
2690 740
2701 1660
2719 566
2726 1189
2771 1033
2781 1491
2793 561
2796 1138
2797 225
2839 626
2856 939
2860 386
2879 1359
2894 885
2898 634
2938 1470
2951 1010
