f_0082492.png f_0082642.png
758 2
767 10
778 30
783 40
787 3
799 52
810 47
825 99
829 64
830 75
834 59
838 100
850 91
863 80
865 95
888 84
897 101
898 113
906 125
924 135
938 112
943 137
982 181
985 165
990 166
994 191
1002 186
1029 223
1044 205
1045 237
1048 232
1065 207
1066 262
1077 204
1086 242
1091 218
1096 241
1101 260
1115 233
1123 214
1131 257
1135 244
1139 261
1145 341
1151 275
1152 355
1156 384
1182 296
1185 332
1191 303
1193 272
1204 324
1214 331
1219 292
1223 298
1230 441
1233 267
1236 338
1238 306
1246 387
1253 454
1263 449
1274 308
1277 369
1282 356
1287 368
1294 424
1295 455
1298 386
1299 363
1318 409
1328 494
1334 470
1335 460
1339 593
1358 452
1368 564
1371 469
1373 492
1375 607
1380 439
1387 569
1389 490
1390 482
1394 585
1400 536
1401 601
1402 573
1404 500
1409 497
1410 525
1424 556
1430 474
1431 515
1433 639
1436 646
1444 537
1450 615
1459 657
1468 606
1479 605
1480 612
1487 679
1494 682
1502 597
1507 664
1511 775
1515 660
1521 635
1526 784
1528 662
1579 747
1583 754
1592 688
1596 825
1607 723
1608 717
1609 871
1611 783
1616 832
1625 716
1632 855
1633 835
1635 844
1648 769
1649 730
1669 770
1670 838
1682 867
1685 803
1693 944
1701 1005
1711 919
1712 992
1728 912
1737 878
1740 906
1760 972
1761 873
1762 925
1763 997
1766 1068
1771 896
1778 882
1783 962
1784 978
1788 1011
1790 970
1799 1046
1806 961
1815 1126
1823 960
1825 1117
1829 1077
1838 922
1839 1024
1847 1151
1867 1175
1874 1092
1879 1164
1882 1189
1884 1081
1885 1030
1887 1150
1890 1169
1895 1215
1900 1204
1901 1218
1910 1163
1977 1340
1981 1305
1982 1297
1988 1274
2003 1338
2009 1216
2022 1314
2043 1364
2056 1412
2066 1422
2070 1378
2073 1423
2076 1212
2078 1419
2108 1397
2116 1413
2147 1434
2154 1514
2161 1470
2179 1533
2184 1574
2187 1568
2189 1494
2190 1597
2199 1532
2204 1537
2207 1545
2280 1621
2313 1666
2328 1707
2370 1796
