f_0082976.png f_0082452.png
37 53
100 10
103 8
145 57
182 272
195 126
241 37
242 157
264 86
273 22
319 108
342 498
345 528
393 513
400 521
409 300
419 552
431 549
454 556
465 801
480 538
481 540
486 741
498 567
512 766
537 624
566 657
571 653
577 318
611 607
634 466
647 555
653 467
663 468
669 479
672 619
691 495
692 697
742 1071
799 1105
819 788
846 1049
861 1108
879 879
892 966
967 1054
988 768
995 1254
999 792
1015 785
1029 663
1046 1061
1054 1175
1067 821
1068 810
1088 860
1105 1192
1110 1148
1115 893
1116 862
1168 1225
1242 1235
1280 1487
1287 1138
1370 1478
1475 950
1534 1263
1713 980
