f_0082702.png f_0082958.png
15 331
20 337
54 294
79 1101
99 979
100 194
105 330
113 12
132 714
134 336
140 354
145 736
160 775
177 508
184 840
209 626
256 563
275 363
278 159
325 603
337 405
338 41
349 315
389 156
408 349
441 423
454 1313
468 428
482 611
519 1354
538 643
541 625
565 708
572 717
590 653
629 884
644 874
650 662
687 635
690 958
694 1019
697 1010
699 1072
709 1275
737 955
770 1084
775 1267
784 1062
795 1052
796 1081
799 1049
800 1200
818 1105
836 1160
855 868
866 1092
869 1073
870 1216
875 1130
880 910
884 1174
894 1147
896 1184
908 1248
920 1114
922 1245
926 1198
930 1168
931 1298
936 1183
946 1251
947 1277
950 1307
953 1357
956 1215
957 1339
971 1294
977 1542
1020 1425
1062 1297
1068 1543
1077 1503
1136 1370
1142 1382
1164 1703
1168 1409
1179 1724
1233 1511
1249 1708
