f_0082492.png f_0082912.png
397 852
485 827
493 2330
563 1661
581 2483
652 2571
656 2158
715 2065
809 1643
855 2321
874 2877
925 1522
933 707
978 2811
1008 2024
1136 2975
1140 49
1150 1998
1153 46
1224 2283
1264 1438
1295 631
1299 2777
1307 1032
1351 1456
1366 1416
1374 1724
1427 1381
1515 952
1565 1017
1583 2246
1607 1178
1611 2892
1618 2129
1635 2845
1651 1183
1671 730
1685 650
1694 1667
1698 1881
1700 2249
1802 2052
1846 756
1894 1809
1905 2872
1927 1420
1933 2545
1958 403
2003 529
2008 1589
2058 748
2062 1074
2070 2492
2148 1079
2160 1158
2190 831
2205 1397
2244 2192
2255 2584
2277 580
2287 1360
2291 762
2302 2986
2315 20
2316 1315
2318 372
2328 314
2362 1947
