f_0082776.png f_0082872.png
1 628
10 1356
15 899
31 757
33 1490
38 601
46 1522
48 554
78 1338
85 611
87 799
91 690
109 726
111 1734
117 770
120 629
129 791
145 1217
161 713
173 1381
181 1597
205 1781
206 577
208 1465
220 1464
221 1168
242 768
252 1154
255 1872
278 840
298 1698
299 751
300 889
310 1909
313 885
314 903
319 936
324 1201
350 789
364 1164
366 1229
367 1291
371 926
377 1223
382 1205
385 1653
388 970
393 1387
398 1153
401 2071
410 1353
411 1452
425 1802
432 1934
435 1710
438 1308
440 1458
443 1795
444 1415
449 1130
452 1236
453 1598
459 1641
460 2136
461 1368
462 1545
472 1758
474 1361
486 967
489 1408
499 1284
500 1348
501 1451
509 1899
510 1307
511 1786
515 1866
519 1048
531 1807
533 1120
539 1351
540 1570
547 1029
549 1274
554 1379
561 1993
565 1386
571 982
579 1317
585 1398
587 1542
589 1865
592 1898
593 1707
604 1920
605 1204
606 1580
618 1480
619 1407
620 1403
626 2011
636 1649
637 1717
638 1924
641 1475
642 1564
646 1306
649 1984
651 1625
662 1888
675 1582
681 1301
683 1941
684 1674
692 1496
693 1811
695 1213
705 1686
707 1300
708 1742
723 1268
727 1790
734 2044
737 2069
739 1406
743 1878
747 1273
756 1697
757 1897
765 2055
766 1599
779 1594
781 1856
791 1741
801 1862
804 1777
808 1593
812 1526
815 1926
821 1785
829 1720
838 1906
847 1444
849 1535
852 2139
858 1621
861 2054
865 2078
869 1838
870 1886
875 1806
876 2118
881 1911
883 1782
888 1478
890 1992
891 2097
906 1486
912 2109
918 2171
921 1746
927 1671
928 1843
930 2179
932 1833
936 1784
955 2124
956 2262
966 1870
990 2424
1005 1745
1010 2490
1020 1978
1043 1876
1045 2041
1061 1915
1064 1999
1065 1828
1067 1804
1084 2010
1095 2273
1104 2020
1109 2047
1111 2296
1120 2249
1124 1881
1133 1831
1168 2005
1169 2312
1177 2374
1197 2767
1200 2286
1205 2244
1232 1918
1250 2291
1273 2325
1285 2345
1286 2084
1295 2168
1297 1986
1331 1822
1339 2533
1341 2398
1343 2433
1356 2783
1372 2445
1394 2565
1399 2496
1410 2518
1416 2507
1419 2403
1421 2593
1426 2223
1450 2372
1457 2419
1467 2134
1488 2432
1495 2648
1510 2730
1555 2371
1557 2724
1582 2214
1583 2418
1599 2316
1618 2475
1648 2596
1667 2659
1676 2390
1684 2692
1685 2707
1705 2417
1707 2669
1708 2771
1710 2283
1714 2754
1739 2760
1765 2700
1821 2538
1827 2584
1831 2712
1843 2606
1852 2613
1872 2509
1874 2646
1887 2474
1944 2751
