f_0082642.png f_0082928.png
15 535
67 577
101 256
127 525
131 754
134 625
146 703
166 569
173 656
179 513
180 794
203 484
213 471
237 745
239 800
240 352
246 816
247 805
261 632
266 827
284 394
298 550
305 875
312 860
331 647
340 570
386 701
391 599
392 721
407 874
414 987
417 1063
418 698
441 885
476 1040
487 1087
497 627
516 786
528 1086
536 789
558 997
581 842
621 688
624 1046
639 996
644 915
668 837
686 930
720 872
730 869
734 901
774 1295
813 1123
828 880
830 1078
850 1111
852 1421
904 1071
919 1463
923 966
935 1051
942 931
949 900
957 1484
984 1430
992 1523
1047 1004
1056 1551
1165 1582
1225 1634
1241 1390
1329 1692
1377 1531
1407 1704
1422 1687
1439 1711
1462 1734
1490 1399
1492 1669
1502 1408
1556 1456
1572 1359
1575 1573
1593 1873
1673 1793
1687 1693
1727 1814
1737 1515
1812 1567
1833 1520
1872 1565
1991 1609
2041 1685
2074 1889
2081 1678
2084 1891
2117 1740
2119 1933
2150 1860
2169 1864
2170 1881
