f_0082702.png f_0082864.png
3 356
11 842
14 881
22 2780
23 2904
24 2334
28 2098
52 1123
55 2829
57 1338
60 2442
62 505
66 1677
71 485
72 102
74 2831
75 407
81 165
85 360
86 2434
87 1223
88 429
89 1066
100 2964
103 83
109 1616
111 1427
115 2368
116 2611
120 484
132 1592
133 61
135 2232
136 2421
140 2456
145 1477
147 16
151 1027
155 1161
156 2845
157 98
158 1085
166 384
168 1317
171 862
177 93
178 599
196 1717
197 1207
206 218
207 1713
211 338
215 315
217 64
218 2189
222 864
225 2325
228 279
234 2172
235 620
239 276
243 634
246 463
247 2933
256 2586
257 369
260 1925
261 1154
262 192
263 307
279 196
280 2619
285 2989
286 759
291 1548
298 367
304 2097
306 2729
308 715
309 1155
311 109
315 1287
317 2948
321 2946
323 304
324 277
329 2294
332 1503
336 1776
339 3
348 1299
349 2711
362 736
363 2745
365 583
366 2127
370 1894
371 699
374 393
377 2379
380 2087
384 379
388 835
389 535
393 1451
400 2051
402 804
404 55
405 743
406 274
409 758
410 189
411 2392
412 491
416 421
417 1506
418 1943
422 2958
423 1107
425 892
432 1646
435 1114
436 333
439 404
442 1013
443 2910
445 2419
447 2196
452 2284
453 968
454 2333
458 833
468 201
485 2860
487 1489
491 377
494 1612
509 2484
510 161
515 211
519 1393
521 383
523 2342
524 118
525 2756
526 1110
527 644
529 1443
532 389
533 2802
538 2015
541 2186
542 219
545 2308
549 2397
552 973
554 2656
557 1813
558 2498
560 2618
563 1415
566 355
567 2499
571 1006
573 262
575 2892
579 1036
583 2959
584 1651
586 194
594 2219
596 1738
600 861
601 461
603 2330
605 2500
606 724
608 922
609 1009
612 900
617 1017
618 187
626 2654
627 670
628 2151
629 42
631 544
635 82
637 2848
638 2180
639 1843
645 1341
654 579
672 1222
678 2145
681 444
684 2017
688 877
693 1807
697 1095
700 1880
704 585
708 431
714 1951
720 2376
727 1052
732 140
738 806
741 541
746 2307
747 2494
748 104
750 2525
753 1975
758 1266
759 2520
764 68
765 1575
769 1432
770 90
774 2261
778 254
781 24
785 69
799 1493
801 1661
802 1258
804 1020
810 1672
811 1540
816 340
822 2894
823 524
824 1736
825 514
827 285
829 2283
830 870
833 2062
834 1068
836 2391
842 1533
844 2354
850 709
852 2800
856 2575
861 2459
863 1562
869 920
877 2028
878 739
881 1452
887 2990
894 2345
898 2059
899 735
902 1860
903 2856
904 944
908 96
909 1015
915 2010
916 2318
917 936
920 1218
922 1640
924 129
926 730
929 917
930 574
936 569
941 1641
942 1922
946 677
947 1759
949 952
952 2131
961 280
967 2888
972 539
973 14
976 1209
990 446
993 1234
1004 290
1024 2952
1027 1748
1036 1016
1039 1293
1041 1696
1042 380
1045 47
1059 2244
1064 2909
1070 2598
1078 2491
1084 2821
1085 1978
1089 2668
1102 2202
1115 2788
1118 62
1131 556
1132 1963
1141 734
1144 563
1164 748
1169 1230
1187 110
1199 547
1200 2416
1208 2487
1216 1305
1221 2607
1225 898
1236 2483
1245 2251
1252 2970
1271 2250
1273 830
1290 770
1293 516
1297 1981
1302 1498
1319 1927
1339 2531
1340 120
1363 2919
1374 950
1382 1461
1383 2659
1398 146
1402 2209
1420 2220
1426 2658
1437 2708
1438 1217
1461 1752
1487 2441
1491 608
1528 376
1530 221
1531 412
1571 1277
1578 297
1602 2159
1606 668
1628 2364
1634 2749
1639 1692
