f_0082924.png f_0082872.png
8 347
9 349
30 568
35 483
39 406
46 601
56 644
70 831
71 700
74 443
83 461
86 717
88 672
90 588
96 664
101 447
106 547
113 563
116 583
117 655
125 519
137 449
138 718
146 407
147 922
151 361
160 500
162 769
167 701
170 768
177 564
179 902
187 852
189 878
195 720
198 739
200 772
201 551
228 648
232 565
243 987
253 654
260 622
262 561
265 660
268 616
273 832
281 816
287 982
306 661
307 631
309 420
312 757
314 662
315 585
316 734
321 686
322 649
323 604
324 590
329 677
334 650
340 651
341 571
342 776
350 613
355 575
364 693
365 658
370 632
376 748
377 692
386 706
398 665
403 735
406 729
407 730
411 841
414 728
415 687
421 1066
423 749
424 667
429 903
445 752
447 755
454 891
457 759
464 1011
465 833
480 778
493 927
500 932
513 1061
524 1116
531 794
536 879
539 962
540 899
544 1071
546 1001
553 909
554 810
559 1016
561 1075
565 829
571 866
575 978
577 846
579 881
585 1378
588 1087
595 979
603 1130
608 949
609 910
613 1273
614 1204
621 862
622 875
623 876
627 844
639 1053
640 916
642 1076
643 1006
649 1207
651 1079
655 1360
658 894
660 1180
661 1082
662 963
664 1447
677 1228
684 1257
689 981
695 1301
699 989
701 1050
702 1008
704 1437
707 954
710 1274
712 980
717 1031
719 1024
721 1025
731 1306
737 1319
741 1080
743 1037
744 1032
760 1223
768 1062
770 1184
772 1112
782 1105
783 1088
787 1083
790 1248
793 1084
804 1307
817 1444
818 1317
819 1325
820 1193
832 1352
855 1266
864 1194
869 1147
880 1241
895 1310
896 1558
905 1479
909 1078
913 1461
914 1318
915 1269
921 1587
922 1267
924 1299
926 1311
930 1338
947 1328
950 1475
953 1331
965 1526
967 1399
971 1499
975 1243
1007 1350
1023 1451
1025 1303
1032 1518
1033 1440
1039 1452
1042 1382
1054 1455
1065 1375
1075 1634
1078 1462
1083 1400
1084 1605
1086 1448
1105 1621
1109 1542
1110 1537
1111 1487
1117 1754
1124 1427
1134 1617
1137 1508
1140 1565
1150 1519
1161 1472
1164 1671
1166 1546
1178 1490
1182 1571
1200 1555
1201 1556
1202 1768
1209 1442
1215 1661
1219 1611
1229 1640
1235 1660
1236 1690
1238 1547
1240 1676
1242 1614
1246 1581
1252 1625
1262 1716
1266 1598
1279 1810
1281 1739
1282 1746
1284 1713
1287 1649
1288 1539
1291 1745
1292 1606
1318 1674
1323 1740
1324 1720
1325 1686
1326 1664
1328 1657
1338 1642
1340 1623
1355 1663
1371 1727
1377 1715
1379 1639
1380 1645
1383 1681
1392 1770
1400 1721
1406 1881
1417 1691
1424 1710
1427 1876
1438 1785
1440 1889
1446 1646
1448 1838
1458 1870
1460 1731
1466 1986
1471 1818
1473 1758
1474 1942
1479 1792
1480 1793
1485 1900
1489 1994
1501 1910
1504 1811
1506 1687
1512 1844
1519 1778
1523 1944
1524 1861
1525 1786
1526 1733
1531 1862
1537 1847
1546 1962
1553 1995
1554 1856
1571 1839
1581 1865
1588 1878
1602 1864
1606 1905
1610 2091
1612 2020
1615 2111
1620 1888
1629 1958
1637 1898
1672 1912
1680 1813
1681 2152
1692 1857
1695 2153
1702 2022
1703 1961
1719 1997
1741 2037
1744 2107
1746 2144
1754 2042
1755 1984
1760 2158
1766 2123
1770 2137
1774 1950
1775 2112
1776 2054
1781 2215
1799 2109
1807 2078
1808 2089
1823 2269
1838 2069
1840 2221
1843 2114
1850 2225
1851 2118
1861 2228
1879 2206
1880 2321
1890 2230
1895 2207
1902 2244
1908 2365
1921 2335
1950 2240
1962 2277
1967 2255
1971 2199
1972 2127
1985 2274
2007 2324
2014 2305
2065 2181
2076 2354
2094 2312
2099 2423
2104 2430
2128 2381
2129 2336
2146 2361
2150 2266
2199 2337
2203 2456
2285 2446
2293 2444
2307 2578
2329 2479
2349 2495
2359 2699
2379 2585
2439 2452
2448 2613
2471 2447
2492 2780
2504 2646
2515 2424
2539 2668
2569 2647
2583 2582
2587 2597
2612 2670
2650 2532
2666 2729
