f_0082886.png f_0082858.png
53 510
64 521
107 670
209 634
213 820
290 818
294 674
306 592
312 963
313 508
316 953
332 750
340 633
341 866
343 962
347 769
350 638
351 864
353 873
356 941
395 976
407 779
414 757
429 767
432 815
456 1042
473 825
481 916
499 883
509 1131
524 1141
549 1000
565 1267
593 981
601 926
613 1005
622 1071
631 1001
664 1268
687 1344
701 1112
715 1460
716 1413
740 1429
749 1345
753 1313
775 1364
776 1484
813 1552
824 1351
832 1517
862 1469
872 1597
878 1538
888 1504
898 1505
916 1727
917 1751
919 1518
920 1332
938 1483
946 1251
950 1712
956 1477
967 1561
980 1912
991 1617
993 1964
1000 1785
1008 1890
1011 1562
1012 2015
1015 2009
1019 1570
1044 1946
1047 1704
1057 1745
1059 2077
1068 1791
1088 2218
1099 1807
1103 1780
1111 1801
1128 1793
1144 2256
1150 1792
1152 1794
1154 1803
1158 2114
1171 1879
1180 1910
1182 1968
1194 2190
1229 2118
1244 2273
1247 2141
1253 2319
1258 2059
1263 2228
1265 1828
1276 2302
1284 2079
1288 2422
1291 1975
1292 1864
1295 2028
1297 2496
1301 1922
1309 1956
1310 2455
1316 2466
1321 2446
1323 2274
1340 2538
1347 2365
1353 2343
1354 2246
1374 2689
1377 2149
1380 2600
1384 2613
1396 2241
1402 2682
1419 2578
1427 2474
1433 2568
1444 2567
1462 2398
1469 2654
1476 2413
1483 2514
1489 2665
1490 2673
1493 2487
1497 2563
1503 2619
1504 2627
1506 2772
1508 2536
1512 2712
1516 2693
1530 2839
1540 2708
1547 2765
1559 2733
1560 2698
1572 2734
1575 2798
1584 2766
1591 2508
1611 2719
1617 2494
1624 2528
1639 2852
1669 2872
1685 2561
1708 2841
1719 2642
1739 2697
1763 2709
