f_0082702.png f_0082776.png
139 97
215 35
222 83
223 48
242 174
245 38
277 109
296 294
306 183
308 160
322 271
329 129
338 170
344 242
346 162
353 227
354 184
358 319
359 31
364 115
370 427
385 428
394 27
422 272
427 388
428 15
439 557
469 247
471 144
473 402
474 229
481 493
485 287
488 118
492 506
498 306
505 517
512 518
525 464
531 535
534 135
535 548
541 467
554 533
561 224
576 398
583 729
584 324
590 594
596 164
607 767
611 244
629 564
630 12
637 297
649 724
652 794
653 703
665 403
673 78
679 554
687 731
690 359
702 568
703 326
708 360
710 864
719 465
721 813
725 879
736 946
738 383
742 704
752 976
753 828
763 934
769 674
770 507
774 491
777 600
778 187
784 580
792 995
793 939
796 587
805 872
822 849
823 596
826 1035
828 1048
829 545
836 588
844 926
854 882
855 855
857 590
862 602
863 582
865 1078
867 651
884 685
892 1056
896 721
908 684
918 203
919 1017
922 705
931 699
940 756
946 905
948 101
951 829
953 682
963 624
970 1023
972 708
980 921
982 764
986 189
995 1191
1000 727
1010 693
1013 1089
1014 804
1018 1221
1020 762
1035 425
1039 677
1043 1040
1045 443
1046 210
1048 781
1059 743
1077 810
1088 309
1090 1256
1092 1133
1101 1142
1122 1143
1123 815
1137 1232
1142 1061
1148 629
1154 987
1164 678
1168 1083
1174 1020
1176 1374
1177 331
1191 1064
1203 985
1219 1275
1232 1181
1233 1105
1239 1243
1240 917
1249 983
1251 1330
1258 861
1267 1000
1285 597
1313 851
1316 1185
1322 1401
1326 1316
1329 1347
1330 1209
1337 1217
1343 1214
1353 1228
1361 1244
1366 1006
1372 1582
1376 1616
1379 1233
1393 1283
1394 1022
1404 1299
1407 1313
1414 1755
1417 1300
1418 1403
1421 1314
1422 1405
1433 1434
1454 1324
1460 871
1468 1409
1486 1333
1495 1339
1500 2004
1509 1296
1523 1577
1553 1320
1570 1188
1584 1199
1632 1437
1640 1469
1644 1503
1645 1644
1657 1708
