f_0082872.png f_0082858.png
31 211
46 206
78 260
148 321
154 359
191 282
204 285
207 322
217 358
294 450
479 637
508 485
518 615
546 496
584 597
629 632
770 720
780 617
952 959
1032 807
1150 797
1393 1063
1434 1099
1438 1360
1453 1111
1457 1256
1461 1361
1551 1313
1588 1497
1630 1485
1632 1273
1635 1473
1655 1492
1683 1432
1716 1610
1718 1406
1730 1613
1752 1426
1758 1505
1772 1518
1784 1618
1790 1575
1795 1493
1834 1547
1839 1596
1868 1483
1872 1540
1876 1750
1888 1625
1893 1635
1894 1693
1902 1530
1907 1651
1927 1723
1929 1525
1938 1804
1945 1719
1953 1675
1973 1785
2006 1840
2035 1832
2062 1966
2065 1715
2066 1878
2070 1775
2079 1800
2091 1959
2099 1960
2106 1927
2107 1898
2109 1857
2130 1803
2139 1841
2141 2002
2163 1947
2180 1894
2183 1934
2187 1844
2192 1863
2194 1952
2216 2038
2223 2064
2228 2031
2231 1954
2234 1953
2235 2016
2238 1915
2240 2034
2243 2066
2245 2052
2248 1882
2249 2040
2250 1900
2254 2070
2256 2069
2266 2003
2267 1962
2273 2102
2277 2092
2279 2174
2295 2126
2298 2020
2300 2168
2311 2133
2322 2036
2324 2243
2326 2190
2327 2094
2329 2124
2334 2045
2343 2206
2344 2051
2345 2223
2346 2176
2360 2163
2361 2229
2363 1994
2364 2272
2368 2267
2375 2298
2384 2095
2392 2245
2393 2185
2395 2196
2398 2288
2402 2331
2403 2355
2410 2205
2414 2248
2424 2263
2427 2314
2446 2343
2448 2260
2451 2372
2460 2383
2506 2398
2510 2447
2526 2431
2539 2568
2555 2569
2563 2472
2565 2606
2582 2636
2604 2599
2620 2664
2624 2551
2650 2560
2663 2620
2676 2766
2683 2645
2685 2561
2690 2733
2692 2745
2739 2727
2740 2705
2766 2747
