f_0082886.png f_0082876.png
0 146
2 4
5 35
28 140
32 29
35 129
36 88
38 22
43 5
45 135
58 147
61 72
68 89
78 62
82 78
85 150
91 63
95 246
99 186
100 125
102 290
110 122
113 93
116 71
117 131
130 339
142 306
145 196
149 200
154 253
157 153
158 310
159 254
160 85
167 148
169 319
170 273
186 255
188 207
199 275
200 268
205 162
209 299
210 208
214 313
215 257
218 197
219 392
229 295
230 258
232 434
236 216
244 353
247 286
249 280
254 422
262 458
263 406
264 354
269 327
274 379
275 302
284 317
289 259
290 486
291 411
294 390
295 360
296 372
297 429
306 301
313 297
319 224
322 308
323 298
327 396
330 356
332 384
335 462
336 400
338 581
344 426
347 397
354 515
359 341
371 585
378 374
386 655
387 645
389 624
390 587
393 409
398 611
404 650
405 477
409 571
421 520
422 488
423 489
428 542
433 421
436 702
446 496
451 715
464 594
466 595
469 724
471 599
473 588
474 600
478 528
480 602
482 603
484 502
489 728
493 680
494 681
501 513
502 623
504 589
506 679
507 567
511 686
512 674
517 572
518 535
519 793
524 767
532 549
534 573
537 691
544 557
550 694
552 670
556 710
559 578
560 577
561 699
564 842
566 830
567 823
569 547
574 604
575 579
578 590
582 729
584 799
586 620
592 744
598 875
599 756
600 648
604 644
606 606
607 779
609 769
610 653
611 881
618 633
623 719
625 745
631 654
638 848
640 951
643 795
651 849
654 831
658 834
666 673
667 757
669 746
679 923
693 862
698 764
703 960
704 899
709 870
716 961
717 752
720 889
729 979
730 845
733 820
734 773
736 873
740 1043
743 882
744 895
750 982
751 936
754 884
755 867
757 1019
758 984
759 989
763 974
768 973
773 947
776 1090
778 826
788 813
802 1071
808 1028
813 1054
817 1027
818 927
824 938
826 1137
831 1049
834 999
835 963
837 1077
840 1128
843 1160
845 1033
848 1060
852 1120
856 1041
862 1052
863 996
866 954
870 1091
881 1092
887 1062
893 1197
896 1031
912 1099
915 1217
917 1141
925 977
929 1200
930 1139
932 1096
935 1103
936 1032
937 1142
939 1250
940 1119
947 1085
950 1190
954 1158
961 1163
964 1075
965 1299
968 1042
975 1121
987 1147
991 1116
995 1275
997 1191
1004 1172
1005 1211
1006 1123
1010 1205
1011 1192
1014 1229
1016 1300
1024 1156
1027 1245
1028 1251
1029 1219
1033 1241
1036 1248
1040 1212
1041 1181
1043 1243
1045 1261
1046 1234
1048 1395
1055 1283
1060 1355
1064 1268
1068 1269
1069 1238
1073 1273
1075 1302
1076 1220
1082 1304
1085 1380
1086 1354
1087 1415
1089 1358
1095 1391
1097 1270
1098 1315
1101 1325
1102 1323
1104 1329
1105 1296
1106 1215
1108 1346
1109 1333
1110 1311
1116 1424
1119 1406
1122 1399
1124 1376
1125 1351
1127 1375
1130 1381
1131 1361
1134 1383
1148 1274
1157 1408
1165 1404
1170 1347
1171 1348
1195 1441
1203 1461
1212 1505
1220 1482
1243 1356
1244 1492
1245 1479
1249 1403
1253 1496
1258 1426
1260 1444
1264 1387
1266 1506
1270 1535
1271 1458
1281 1537
1282 1539
1286 1419
1307 1530
1309 1446
1324 1440
1331 1428
1335 1550
1339 1486
1342 1585
1351 1581
1367 1579
1374 1596
1377 1503
1396 1523
1418 1667
1424 1534
1427 1617
1434 1578
1435 1551
1443 1637
1444 1658
1447 1690
1449 1624
1457 1676
1466 1638
1469 1694
1488 1599
1489 1693
1492 1632
1519 1645
1527 1623
1528 1684
1532 1719
1533 1732
1538 1657
1549 1679
1551 1682
1563 1731
1565 1724
1574 1737
1584 1712
1640 1722
1677 1727
1683 1739
1694 1705
