f_0082946.png f_0082872.png
8 207
14 416
22 42
24 327
32 232
39 267
42 150
48 62
53 102
60 44
67 542
73 375
76 201
83 262
87 115
88 78
92 317
95 523
99 476
106 122
124 403
134 370
135 119
142 496
143 498
148 203
150 363
152 815
154 644
156 568
173 583
176 331
179 186
187 629
189 872
192 473
193 431
194 346
198 524
202 922
205 595
206 483
219 548
221 311
223 563
224 460
234 437
235 388
243 584
248 544
253 615
258 1014
268 770
272 537
279 685
280 578
281 538
284 791
294 936
298 564
304 321
306 596
313 355
317 520
318 478
330 500
335 630
336 340
338 926
342 757
349 970
350 622
351 612
361 659
363 1011
367 1000
375 616
376 617
381 1012
382 944
383 937
390 1048
392 603
395 1129
401 456
410 661
416 748
421 521
436 585
444 1116
447 1075
451 694
456 891
458 729
467 508
471 1152
473 1071
475 706
498 1159
504 665
517 488
523 725
524 1272
529 833
536 828
537 755
541 978
542 838
544 637
547 1041
558 546
570 808
576 1300
583 633
591 750
593 634
597 1076
606 1077
616 983
618 803
619 794
638 696
643 866
661 846
664 910
671 873
673 1164
686 1097
693 829
701 1036
707 997
711 1444
719 830
726 1093
730 1182
734 1183
736 1007
737 875
738 876
745 1173
746 1018
753 1421
759 1184
767 1117
769 964
774 1008
775 971
778 1050
781 1206
783 855
784 1174
785 1156
787 1414
790 1031
795 907
796 801
799 1111
800 1286
801 1216
805 1112
809 1002
814 1239
818 1217
822 980
826 989
836 1105
837 1026
847 1259
848 990
853 1063
859 1088
861 1146
866 1279
871 1083
875 1084
878 1067
884 1373
887 1298
902 1089
909 1374
915 1044
931 1230
942 1503
952 1457
955 1142
963 1318
969 1269
977 1338
981 1594
986 1242
1002 1599
1005 1328
1012 1267
1013 1564
1016 1671
1018 1617
1023 1440
1043 1322
1050 1656
1052 1565
1066 1464
1068 1350
1070 1716
1079 1514
1080 1382
1084 1545
1094 1611
1116 1476
1117 1400
1119 1401
1121 1250
1122 1571
1137 1739
1140 1560
1141 1533
1150 1673
1154 1489
1161 1706
1165 1555
1175 1589
1176 1627
1182 1509
1183 1393
1191 1951
1203 1747
1204 1748
1209 1598
1210 1581
1218 1881
1219 1832
1222 1701
1235 1885
1236 1770
1238 1441
1242 1757
1246 1800
1251 1773
1273 1510
1280 1442
1296 1785
1305 1877
1307 1483
1314 1639
1320 1539
1327 1590
1340 1731
1343 1735
1356 1943
1357 2133
1359 1710
1367 1919
1369 1844
1371 1645
1375 1871
1396 2099
1404 1978
1405 1862
1415 1863
1420 2147
1431 2020
1432 1906
1443 1839
1466 1958
1469 1948
1477 1968
1479 2119
1482 1927
1485 1774
1506 1890
1507 1733
1508 2141
1512 2168
1514 1941
1520 1737
1526 1834
1529 1898
1535 2000
1542 1953
1549 2048
1552 2269
1560 2182
1572 2160
1577 1997
1579 1933
1589 1983
1592 2162
1597 2052
1600 1835
1604 2224
1613 2053
1621 1984
1634 2043
1641 2044
1653 2365
1655 2054
1673 2094
1675 2055
1681 2078
1685 2088
1700 2230
1704 1950
1721 2206
1722 2090
1729 2371
1743 2239
1744 2135
1746 2114
1749 2212
1757 2383
1769 2289
1811 2199
1813 2326
1820 2305
1827 2325
1832 2418
1838 2140
1846 2156
1849 2130
1855 2126
1860 2056
1869 2311
1876 2127
1877 2065
1887 2208
1891 2296
1894 2402
1903 2190
1906 2234
1914 2361
1919 2456
1924 2220
1925 2200
1940 2426
1954 2191
1984 2466
1995 2517
2078 2479
2107 2477
2123 2347
2127 2614
2168 2467
2172 2421
2177 2480
2196 2686
2210 2659
2225 2647
2232 2395
2238 2751
2240 2454
2266 2643
2277 2648
2287 2681
2304 2442
2330 2491
2333 2490
2335 2617
2336 2589
2343 2698
2345 2775
2358 2463
2368 2487
