f_0082620.png f_0082642.png
125 54
145 52
148 37
151 1
163 34
174 14
186 28
196 59
200 75
203 8
212 5
221 90
234 106
238 92
244 99
246 69
258 113
263 51
264 119
266 88
267 49
269 125
277 77
278 144
282 111
285 83
288 190
289 109
291 165
298 129
306 126
309 189
320 177
328 148
331 208
336 147
342 179
344 197
348 214
350 194
354 168
355 169
357 213
359 225
360 212
361 242
362 170
364 175
365 187
367 206
368 198
374 241
381 237
384 210
387 232
390 219
395 220
399 236
400 261
405 243
406 262
417 268
418 246
419 265
423 285
424 293
431 257
442 319
443 289
449 301
452 357
454 356
456 316
464 322
467 302
470 386
473 360
475 369
476 324
490 384
491 382
496 425
500 387
501 400
509 418
510 430
516 385
521 447
522 471
523 352
526 493
528 449
536 461
548 496
549 491
551 463
552 520
553 492
560 472
568 543
569 479
570 521
576 494
585 515
586 567
587 536
591 529
593 451
595 546
600 511
608 630
612 563
619 513
623 641
630 603
632 541
634 598
640 617
645 660
649 637
653 593
655 530
666 623
667 646
671 596
672 648
675 667
677 628
678 624
681 694
682 627
683 620
688 608
693 671
694 657
696 680
702 669
703 689
704 721
707 676
708 697
711 702
712 720
715 685
723 699
727 701
730 696
731 719
732 718
733 722
735 762
741 747
743 772
751 777
755 707
758 731
759 698
760 751
766 789
767 760
768 771
771 806
772 794
774 798
787 745
790 838
793 729
795 749
796 836
799 809
800 810
803 832
804 835
809 791
818 857
819 825
822 848
823 802
825 843
827 844
829 805
833 860
837 867
843 852
844 853
850 906
858 918
861 936
862 925
864 941
874 978
882 919
885 917
888 972
889 903
891 987
897 1011
898 1002
899 1023
902 1013
904 1047
905 999
906 1037
909 1050
924 1044
930 1079
933 1007
935 1070
937 1067
939 1106
940 1066
941 1076
942 1096
944 1068
948 1093
951 1077
958 1098
960 1091
961 1166
962 1097
966 1137
971 1056
972 1119
973 1153
974 1125
976 1154
981 1059
983 1143
984 1150
985 1160
986 1084
989 1230
990 1145
1000 1111
1003 1261
1004 1223
1005 1232
1006 1189
1015 1121
1016 1272
1017 1273
1019 1234
1020 1220
1023 1263
1024 1255
1026 1244
1027 1238
1030 1301
1031 1246
1034 1289
1036 1183
1038 1274
1039 1270
1045 1285
1047 1259
1048 1279
1058 1294
1062 1322
1063 1300
1065 1271
1068 1257
1080 1334
1092 1371
1094 1379
1096 1345
1097 1314
1100 1340
1101 1353
1105 1428
1106 1410
1108 1385
1109 1388
1112 1346
1114 1417
1119 1343
1120 1436
1121 1402
1122 1499
1123 1442
1129 1376
1136 1521
1137 1448
1138 1414
1139 1412
1143 1404
1144 1540
1149 1450
1158 1440
1162 1435
1163 1497
1164 1463
1165 1462
1166 1451
1169 1481
1179 1476
1180 1577
1188 1514
1201 1574
1214 1622
1216 1542
1219 1571
1224 1612
1226 1565
1229 1553
1233 1605
1247 1638
1265 1677
1271 1682
1274 1611
1285 1697
1290 1626
1300 1720
1313 1707
1316 1719
1324 1778
1326 1693
1329 1783
1330 1673
1334 1774
1340 1704
1344 1810
1345 1791
1350 1812
1360 1785
1365 1748
1370 1815
1373 1851
1374 1872
1380 1865
1386 1816
1397 1843
1402 1858
1406 1876
1407 1844
1412 1918
1415 1891
1416 1895
1422 1883
1437 1913
1445 1887
1447 1950
1449 1919
1451 1946
1471 1930
1475 2015
1477 1980
1478 1975
1479 1942
1481 1972
1486 1999
1490 1971
1499 2041
1501 1996
1506 2002
1512 2019
1514 2071
1524 1973
1531 2023
1550 2048
1554 2095
1563 2040
1570 2083
1571 2032
1578 2117
1583 2097
1587 2082
1595 2141
1597 2132
1602 2046
1605 2056
1606 2111
1607 2113
1610 2108
1639 2153
1640 2142
1647 2125
1656 2129
1657 2131
1658 2087
1679 2148
1681 2149
