f_0082976.png f_0082968.png
4 206
15 258
18 381
22 203
26 263
33 359
40 438
96 515
116 378
129 475
156 434
160 572
161 618
166 547
173 649
183 505
203 680
233 706
237 533
240 542
241 578
244 760
263 587
264 583
268 709
274 544
288 595
290 622
293 623
296 852
302 564
304 531
305 536
312 833
319 543
320 640
321 731
322 570
333 593
358 669
369 684
370 691
374 616
377 834
387 702
392 960
400 930
422 961
426 796
435 741
436 744
437 956
465 1029
473 1021
475 692
480 798
487 980
490 995
491 940
502 791
507 805
509 933
510 775
519 836
520 1030
521 889
549 991
553 990
555 1006
559 856
562 1120
569 882
571 872
579 1073
588 1009
613 1031
618 1093
619 1082
641 1154
646 1010
647 996
651 963
657 934
659 976
665 997
666 1040
667 970
673 1222
678 1110
681 1163
682 1114
690 979
692 1085
695 1105
696 1086
697 1087
700 1050
706 1164
707 1083
714 1211
715 1106
726 1049
730 929
732 1024
734 890
735 1260
741 925
742 1246
752 1270
758 1129
759 1251
761 993
768 1206
769 1043
770 1128
771 1051
772 1044
775 1144
781 936
785 1264
786 1230
787 1130
801 1149
803 1247
817 1279
819 1257
820 1084
834 1302
838 1258
839 1224
844 1232
846 1253
861 1383
870 1145
873 1255
874 1217
878 1216
906 1333
914 1273
920 1409
930 1225
932 1322
940 1336
950 1305
954 1179
970 1384
980 1274
987 1482
990 1373
992 1448
996 1350
1024 1329
1026 1440
1037 1452
1045 1449
1047 1341
1055 1471
1056 1443
1057 1425
1066 1269
1075 1457
1082 1416
1083 1330
1084 1351
1087 1481
1106 1521
1120 1474
1127 1386
1130 1450
1135 1436
1151 1509
1162 1513
1168 1532
1170 1398
1185 1388
1187 1515
1194 1444
1199 1568
1225 1602
1232 1565
1250 1574
1251 1503
1252 1572
1268 1541
1274 1582
1281 1588
1283 1605
1310 1608
1346 1629
1354 1609
1360 1696
1366 1625
1370 1655
1373 1547
1375 1691
1380 1638
1389 1650
1391 1665
1428 1550
1432 1657
1451 1669
1467 1704
1482 1709
1516 1734
1520 1750
1558 1788
1564 1789
1566 1801
1571 1741
1578 1720
1584 1812
1596 1692
1604 1739
1605 1753
1613 1752
1630 1814
1651 1820
1690 1645
1693 1803
1713 1762
1717 1845
1730 1835
1735 1838
1753 1851
1765 1776
1766 1866
1786 1877
1789 1894
1796 1910
1800 1862
1803 1977
