f_0082946.png f_0082492.png
20 315
87 26
97 454
121 219
124 168
129 304
132 619
137 52
141 719
153 632
162 63
164 54
168 1085
187 463
219 309
240 310
248 268
262 708
285 492
288 373
293 992
308 1123
315 319
333 609
334 634
338 928
341 924
342 586
346 709
349 1065
363 1115
368 1092
369 677
370 648
382 948
385 1002
397 684
399 381
405 1150
406 953
411 978
420 546
455 1096
458 420
481 527
483 497
522 768
527 994
541 850
553 893
564 1074
581 1066
608 1350
623 958
673 1111
675 662
712 1151
730 1097
734 1087
741 1160
760 1046
773 1082
774 742
781 1037
782 1083
785 961
812 1124
829 1473
892 1195
898 1841
909 1202
943 1345
1002 1494
1051 1486
1083 1481
1091 1685
1092 1477
1134 1497
1159 1796
1185 1732
1215 1671
1233 1643
1237 1584
1260 1585
1302 1650
1318 1600
1359 1651
1394 1887
1415 1800
1446 1852
1461 1879
1469 1910
1482 1846
1497 1901
1510 1900
1529 1858
1550 2036
1551 1889
1604 2214
1655 2004
1677 2056
1681 2051
1697 2179
1733 2218
1737 2209
1760 2272
1761 2292
1772 2125
