f_0082642.png f_0082958.png
4 519
10 243
26 420
43 244
49 941
55 938
63 54
84 72
96 419
111 531
113 194
127 424
166 471
172 968
191 450
194 193
197 568
208 119
216 735
217 1076
219 681
221 1120
223 680
226 643
231 428
233 164
238 204
239 853
243 161
244 285
257 423
268 661
269 678
280 321
281 641
282 834
293 677
299 439
311 873
320 513
331 562
335 489
343 703
345 1019
350 1275
351 1329
353 449
355 932
356 339
359 911
363 1152
369 545
385 1312
389 1099
391 394
392 625
402 512
414 1119
417 1136
424 711
427 1149
441 958
443 578
445 1068
459 416
471 530
487 1223
497 405
499 631
506 918
527 1365
528 1202
574 1379
575 566
580 696
582 838
600 662
605 688
612 764
613 1067
616 548
617 791
618 899
625 802
634 610
636 884
638 653
644 821
648 1049
655 1081
673 860
678 640
679 1455
684 1187
686 921
688 896
689 1299
691 843
698 1496
710 1467
736 852
741 972
752 1463
757 936
758 978
766 1092
780 1102
782 1635
787 1028
797 848
800 1174
803 957
822 1169
837 819
838 1130
839 1185
849 1004
850 1066
855 1248
884 1041
885 1328
888 1542
891 1543
895 1581
904 1114
905 1193
917 1573
919 1576
923 883
925 1201
957 1548
963 1465
976 1425
982 1278
1004 1460
1007 1625
1009 1239
1024 1110
1029 1025
1031 1294
1037 1083
1046 1226
1076 1305
1089 1457
1093 1096
1096 1481
1104 1003
1124 1159
1126 1494
1127 1704
1136 1207
1140 1251
1142 1348
1143 1503
1156 1692
1163 1513
1164 1532
1173 1469
1178 1155
1181 1272
1185 1158
1187 1074
1203 1447
1217 1448
1227 1192
1232 1022
1241 1356
1247 1607
1267 1568
1268 1602
1276 1125
1283 1520
1292 1191
1295 1774
1299 1523
1302 1222
1311 1538
1321 1113
1322 1499
1344 1472
1352 1296
1373 1697
1380 1331
1383 1754
1406 1522
1413 1370
1438 1596
1444 1601
1505 1540
1537 1710
1552 1809
1553 1854
1589 1529
1600 1609
1604 1695
1617 1845
1624 1593
1722 1864
1785 1886
1818 1900
