f_0082452.png f_0082492.png
1 389
2 359
8 396
15 407
16 394
18 385
23 393
24 395
28 406
32 401
33 411
34 437
35 468
44 419
47 404
49 453
51 432
61 416
62 451
63 444
65 442
66 463
68 460
71 482
74 485
75 467
76 474
80 459
84 472
86 456
89 487
91 542
92 503
93 491
94 479
97 488
104 522
107 504
108 547
110 492
113 531
119 546
122 523
123 532
125 570
128 578
131 552
132 592
134 534
139 520
140 540
141 501
149 561
150 565
159 562
161 662
162 584
166 573
167 588
170 600
173 597
174 585
177 575
178 602
182 636
185 612
186 650
188 581
190 596
191 611
192 635
193 627
195 607
196 652
200 609
205 679
207 621
209 586
210 620
211 606
212 595
213 601
216 633
221 641
228 649
229 622
233 634
238 669
242 699
244 655
245 656
246 684
257 675
258 714
262 671
264 709
266 696
267 719
268 706
269 715
271 689
274 713
277 688
282 685
286 754
287 739
288 724
289 692
292 716
294 708
295 736
298 734
300 812
303 729
305 723
307 741
311 737
319 740
330 789
333 730
335 761
336 758
338 793
341 785
342 770
353 762
357 753
366 778
368 767
371 787
375 790
377 783
385 786
386 856
390 794
392 800
395 808
396 818
398 832
399 825
402 799
405 810
406 819
407 874
412 798
413 817
414 853
417 830
421 862
426 831
430 838
436 850
442 902
446 865
451 893
456 877
464 897
478 955
481 898
486 923
487 938
489 906
500 905
502 929
505 944
507 961
510 937
512 942
513 928
514 924
522 925
525 973
527 960
531 943
535 948
545 995
546 953
547 957
551 949
553 1008
554 978
556 987
559 985
563 1061
569 970
570 1054
574 982
578 989
581 1018
584 1002
594 1025
595 993
596 1030
597 1067
601 1081
604 992
605 988
606 990
607 1089
609 996
612 1083
617 1005
621 1026
626 1028
628 1052
636 1053
639 1035
651 1079
653 1118
654 1064
656 1080
657 1112
658 1153
660 1098
671 1086
674 1134
675 1172
676 1114
683 1091
684 1093
685 1094
688 1097
690 1100
693 1115
694 1103
697 1101
698 1146
702 1096
710 1186
715 1135
717 1131
720 1187
725 1145
726 1198
728 1144
731 1139
736 1150
740 1190
753 1177
756 1202
759 1254
767 1193
771 1196
774 1283
776 1189
781 1191
786 1233
787 1223
796 1240
803 1228
804 1218
805 1239
814 1248
817 1330
826 1277
828 1259
839 1263
840 1281
844 1274
845 1282
846 1260
847 1292
852 1280
855 1352
856 1285
873 1297
876 1314
879 1298
884 1387
894 1367
896 1341
897 1317
898 1401
907 1345
909 1335
924 1375
927 1328
936 1358
939 1393
941 1360
947 1359
951 1372
952 1380
959 1371
961 1365
969 1445
973 1391
974 1389
977 1415
978 1392
979 1410
988 1403
989 1400
993 1412
999 1409
1000 1404
1016 1425
1021 1511
1023 1442
1024 1444
1026 1438
1042 1479
1049 1474
1052 1497
1062 1501
1076 1507
1087 1575
1088 1503
1090 1540
1091 1515
1092 1518
1095 1634
1099 1545
1109 1563
1115 1554
1117 1651
1119 1566
1125 1567
1128 1636
1129 1650
1136 1578
1144 1615
1145 1606
1147 1633
1153 1645
1155 1705
1158 1630
1167 1701
1169 1647
1173 1742
1177 1719
1189 1669
1198 1747
1204 1668
1211 1702
1216 1738
1220 1766
1221 1717
1245 1704
1248 1734
1256 1728
1265 1860
1266 1716
1267 1732
1268 1760
1270 1800
1278 1744
1285 1787
1291 1846
1292 1771
1300 1778
1302 1868
1304 1776
1306 1829
1313 1882
1322 1895
1325 1926
1328 1823
1335 1901
1342 1851
1346 1884
1351 1939
1358 1960
1359 1883
1362 1954
1363 1955
1364 1919
1369 1980
1375 1990
1376 1977
1379 2022
1406 2043
1411 2025
1414 2037
1421 2032
1424 2066
1430 2075
1432 2056
1443 2108
1463 2106
1484 2141
1510 2100
1516 2098
1518 2176
1519 2053
1525 2097
1527 2119
1528 2195
1531 2104
1533 2116
1541 2134
1545 2161
1553 2096
1554 2148
1559 2164
1572 2187
1574 2193
1579 2151
1594 2146
1595 2216
1603 2172
1606 2286
1607 2248
1611 2246
1619 2203
1625 2272
1628 2255
1629 2244
1632 2300
1639 2297
