f_0082724.png f_0082518.png
67 143
168 252
179 274
254 5
275 260
278 326
285 346
310 126
311 148
330 147
368 416
372 469
388 442
393 482
438 412
450 286
469 328
479 616
493 614
503 629
510 193
516 266
527 589
534 158
548 636
556 456
568 364
593 460
596 582
600 671
605 471
606 692
637 530
642 724
643 657
670 674
683 748
689 631
711 415
725 802
734 467
743 698
750 613
752 708
775 643
776 690
804 889
840 898
849 929
852 577
859 936
869 850
880 946
885 791
911 846
925 914
940 954
959 811
971 1011
977 943
999 779
1013 862
1015 1146
1021 1135
1024 1045
1038 1122
1053 1188
1057 1183
1061 1192
1065 1199
1068 1137
1077 1084
1089 1186
1092 882
1104 1228
1121 1168
1182 1251
1183 1279
1198 1076
1216 1286
1236 1278
1245 1253
1281 1184
1286 1170
