f_0082412.png f_0082872.png
7 325
9 530
34 375
57 287
159 397
281 542
293 866
302 567
310 754
380 727
470 739
528 1006
529 1035
558 789
631 1023
722 1077
784 1061
826 960
846 1075
906 1139
911 1171
943 1257
988 1202
1006 1235
1019 1367
1070 1414
1125 1571
1181 1532
1209 1366
1246 1625
1278 1418
1282 1601
1298 1610
1394 1559
1424 1670
1425 1677
1432 1741
1443 1714
1488 1716
1562 1843
1585 1894
1614 1832
1667 1962
1692 1876
1766 1904
1779 1859
1787 2020
1857 1931
1890 2137
1913 2185
2088 2293
2095 2319
2126 2325
2200 2324
2305 2367
2316 2411
2324 2426
2338 2418
2426 2500
2497 2465
