f_0082924.png f_0082776.png
129 48
138 67
171 112
189 334
200 110
250 160
257 335
298 526
311 211
524 551
569 124
593 480
594 344
616 73
625 513
629 577
642 259
650 320
657 4
670 609
671 5
681 747
695 645
710 549
730 578
756 760
764 221
769 324
771 84
781 36
789 813
790 389
813 265
824 673
842 934
851 704
861 232
874 620
902 261
914 16
920 822
927 315
932 514
946 542
951 497
964 884
965 819
970 849
971 740
977 326
978 360
988 961
989 929
996 900
1001 820
1002 239
1011 710
1012 715
1021 854
1026 993
1038 778
1043 855
1057 741
1094 458
1102 534
1109 587
1110 596
1120 491
1123 642
1125 887
1134 779
1153 885
1159 766
1160 338
1164 927
1166 440
1174 814
1175 544
1182 481
1185 1050
1190 445
1204 725
1205 545
1231 466
1235 905
1236 809
1240 970
1241 948
1249 651
1252 685
1253 602
1269 721
1276 57
1277 1089
1278 750
1280 1079
1287 636
1291 1005
1297 652
1304 1013
1314 860
1320 70
1323 840
1324 829
1326 453
1333 345
1335 797
1336 661
1340 107
1344 1108
1349 756
1359 699
1366 1150
1382 682
1386 1119
1387 936
1392 883
1394 780
1406 1123
1408 932
1409 875
1416 422
1418 928
1426 1124
1429 591
1430 240
1431 1133
1438 821
1441 1143
1444 668
1448 869
1454 573
1458 966
1472 764
1474 1146
1485 952
1494 189
1496 727
1507 1390
1509 1122
1510 1097
1519 635
1531 801
1535 1083
1553 1155
1558 1156
1559 810
1564 1151
1567 1102
1568 953
1570 870
1577 781
1579 1315
1592 1091
1600 886
1603 361
1605 1084
1606 962
1612 1104
1630 770
1634 443
1649 1153
1653 446
1660 1181
1661 1020
1670 890
1673 412
1674 76
1677 985
1687 1045
1700 752
1701 697
1702 938
1708 1161
1711 1052
1718 1182
1747 1523
1758 994
1766 1026
1767 1401
1775 1000
1777 765
1783 1184
1792 784
1799 912
1803 805
1808 830
1821 1166
1824 1222
1831 944
1840 1209
1850 1210
1852 735
1865 451
1871 1228
1872 988
1875 818
1877 841
1879 1046
1885 1317
1886 1272
1908 1564
1915 1389
1919 632
1925 918
1927 415
1938 972
1940 963
1941 949
1943 1826
1950 1086
1951 1070
1957 1299
1961 1554
1966 1313
1967 1120
1979 555
1980 1354
1982 1205
2004 1047
2009 1284
2031 1276
2038 1555
2042 1258
2053 1250
2057 1301
2061 1095
2066 1273
2073 1259
2077 1179
2084 1302
2091 1139
2105 1285
2112 1291
2117 1445
2126 1293
2132 956
2134 1207
2137 1042
2141 1149
2155 1498
2167 1757
2172 1543
2177 1381
2190 1112
2192 1229
2193 1140
2210 1336
2211 1382
2217 1970
2225 1260
2226 1164
2236 2026
2238 1420
2240 1770
2244 1238
2249 1372
2251 1239
2256 1141
2265 745
2305 1263
2311 1604
2324 1204
2335 1796
2339 1268
2343 1907
2349 1416
2356 1593
2357 1348
2394 1223
2415 1398
2423 1240
2431 1635
2455 1608
2456 1328
2519 1579
2521 1290
2533 1836
2547 1944
2589 1241
2643 1491
2665 1015
2708 1693
