f_0082452.png f_0082670.png
3 126
8 185
23 68
25 208
33 149
34 246
40 179
44 164
68 189
80 192
86 220
87 254
94 203
105 207
116 236
133 134
136 261
158 244
159 259
171 253
175 278
188 298
191 325
209 310
211 286
217 293
226 334
230 282
233 287
234 419
248 302
280 321
294 339
296 277
303 345
307 352
308 348
314 365
336 358
339 344
360 291
366 370
369 384
375 391
386 518
408 539
416 390
430 418
451 481
453 517
457 412
475 442
490 443
512 434
514 446
515 455
532 523
556 463
572 562
574 488
578 487
595 494
606 533
615 676
628 610
632 509
633 519
635 617
636 624
685 550
686 548
731 599
740 568
750 738
773 585
781 620
785 760
797 744
799 648
825 634
841 797
850 824
855 813
865 787
886 657
904 817
907 763
920 697
923 749
924 831
928 815
947 722
956 805
974 715
980 932
981 682
1006 912
1022 929
1031 936
1040 952
1047 811
1057 972
1063 753
1072 810
1095 1032
1097 772
1113 1033
1115 851
1122 1024
1144 870
1145 827
1151 1066
1154 866
1161 946
1167 1074
1172 887
1176 862
1181 910
1195 994
1200 938
1201 848
1202 1102
1204 846
1215 951
1219 1121
1223 891
1237 933
1243 1085
1249 989
1252 1144
1253 919
1256 1011
1257 1148
1259 843
1261 1009
1262 1053
1263 1084
1268 1051
1271 1159
1273 913
1275 1096
1276 1147
1278 965
1283 944
1295 914
1298 892
1308 993
1321 1180
1323 978
1328 968
1330 1218
1335 1196
1340 1004
1345 1040
1347 1232
1353 1231
1357 1247
1358 1248
1362 1264
1363 1265
1364 1048
1373 995
1375 1269
1377 1028
1378 1301
1380 983
1384 1280
1387 977
1404 1253
1412 1318
1420 1398
1437 1324
1441 1251
1448 1191
1474 1323
1500 1460
1527 1259
1529 1360
1540 1208
1558 1200
1564 1227
1586 1647
1594 1181
1595 1255
1596 1352
1598 1306
1604 1278
1625 1331
1635 1605
1638 1282
