f_0082452.png f_0082928.png
35 407
63 150
118 231
136 257
145 182
151 79
181 320
185 350
226 330
245 389
257 143
298 437
317 415
359 377
369 203
410 428
432 142
536 525
553 255
566 513
685 542
689 606
716 618
731 632
733 767
735 838
740 500
741 579
746 609
747 864
753 485
768 882
769 571
782 600
808 502
810 952
826 636
829 699
832 885
893 1030
901 1112
906 599
932 1149
935 955
951 744
957 1185
964 757
975 1225
983 627
990 1148
1014 1039
1019 772
1024 810
1025 1060
1037 1197
1042 789
1047 842
1061 1056
1069 915
1088 887
1093 1135
1110 773
1125 884
1129 1329
1144 1019
1147 1318
1158 1158
1163 799
1172 939
1176 895
1181 1062
1190 1123
1210 1082
1236 1560
1251 1457
1261 1249
1274 1051
1358 1671
1360 1650
1401 1704
1431 1684
1437 1733
1440 966
1446 1095
1456 1748
1542 1442
1548 1795
1597 1304
1602 1429
