f_0082492.png f_0082958.png
416 221
427 230
468 26
474 106
566 264
586 246
595 286
608 90
648 315
655 16
675 41
676 157
692 215
710 386
724 40
725 102
734 519
754 570
767 88
790 137
798 127
800 755
818 244
829 81
841 626
866 442
888 72
893 531
898 194
919 111
924 174
928 171
929 568
948 243
988 193
1002 227
1021 450
1027 792
1038 735
1044 263
1046 722
1047 751
1049 778
1060 814
1061 796
1076 1153
1092 169
1093 322
1094 411
1096 328
1100 428
1112 835
1124 806
1135 285
1145 965
1156 963
1177 271
1186 1019
1189 530
1191 385
1206 326
1231 1056
1254 1108
1263 1037
1268 384
1280 303
1282 339
1295 1238
1356 949
1375 1200
1391 917
1393 1254
1433 1105
1443 1064
1452 1199
1458 1081
1468 983
1476 899
1495 1237
1508 972
1513 1292
1516 1462
1584 1291
1630 1169
1679 1318
1693 1184
1698 1261
1700 1428
1701 1515
1779 1168
1780 1453
1781 1460
1800 1494
1905 1509
1910 1568
1948 1596
1949 1472
1972 1870
1982 1418
1990 1880
2003 1107
2077 1831
2097 1345
2215 1446
2267 1959
