f_0082452.png f_0082958.png
9 203
12 404
25 217
56 3
74 360
76 106
87 316
88 401
135 29
167 159
176 90
188 367
190 299
209 291
223 315
231 177
242 563
244 16
257 41
270 323
288 40
298 519
303 68
330 663
348 254
369 96
370 253
375 137
378 95
389 37
390 87
391 181
401 153
419 1
423 482
435 400
436 466
437 127
448 533
451 531
453 694
462 94
470 419
472 454
475 236
484 335
494 459
507 739
512 67
533 795
600 145
604 56
606 471
628 778
635 787
640 402
644 751
645 853
651 889
656 904
674 951
683 161
684 322
685 411
686 328
688 674
690 428
696 204
697 524
698 967
701 305
707 187
709 452
710 993
715 285
717 423
725 965
728 214
729 259
730 1056
735 963
740 304
750 1099
754 458
760 321
762 718
769 439
772 1132
777 297
780 326
781 385
782 474
785 1149
791 290
805 441
810 1180
823 216
827 348
828 353
832 958
839 1037
845 339
849 303
855 1242
857 518
863 1262
876 284
877 376
906 394
920 457
922 683
925 443
926 578
933 473
947 530
951 596
964 638
986 1396
990 1175
1009 1135
1013 838
1014 1064
1015 1241
1019 595
1025 1081
1031 1493
1037 1237
1047 749
1051 1062
1052 1211
1060 791
1061 1059
1065 688
1066 1311
1069 821
1079 884
1083 1080
1088 803
1094 1143
1099 1005
1111 1148
1120 1395
1125 860
1127 921
1128 1346
1129 1487
1136 635
1140 820
1149 710
1157 972
1159 1248
1166 1147
1178 1184
1181 1007
1185 868
1187 1198
1211 1359
1212 1428
1216 1374
1235 801
1241 1183
1249 1114
1250 1168
1254 1041
1256 1278
1257 1575
1259 499
1261 1201
1262 1339
1270 1494
1291 1551
1294 1731
1306 1637
1350 1568
1360 1717
1368 1015
1370 1777
1383 1348
1393 1322
1396 1679
1416 1096
1417 1443
1448 1411
1452 1382
1456 1880
1458 1870
1463 1896
1464 1107
1541 1529
