f_0082946.png f_0082928.png
170 5
182 3
192 38
198 6
202 74
204 64
206 45
211 29
212 25
213 105
224 46
230 11
234 8
238 149
243 56
244 48
247 49
251 83
252 87
254 179
259 110
262 171
263 125
264 31
267 197
268 199
278 88
281 138
284 212
286 126
288 209
289 160
296 219
301 335
303 99
313 57
314 266
317 184
320 342
331 322
334 224
335 228
342 260
344 177
346 304
348 274
354 227
355 216
356 122
359 261
364 222
367 371
368 388
369 349
372 132
377 167
383 372
384 268
387 320
390 399
396 377
407 382
409 263
413 293
418 237
429 223
431 471
432 339
433 444
434 435
438 275
440 264
446 279
447 488
453 387
454 258
456 415
465 517
467 276
482 407
483 386
485 343
487 341
489 542
498 523
501 481
504 432
525 551
526 516
530 440
533 466
534 450
536 411
537 462
556 456
557 468
558 448
560 507
568 624
570 514
580 509
582 508
583 492
589 491
592 443
593 469
600 573
613 529
617 549
618 519
621 669
623 584
624 557
627 582
628 637
632 654
635 574
637 576
640 688
647 633
655 657
665 590
668 605
674 581
675 612
680 701
681 720
686 656
689 608
696 664
706 766
708 610
718 674
719 652
724 709
727 673
735 702
737 638
740 788
746 681
752 710
753 785
756 704
761 714
765 745
767 727
768 685
769 665
770 643
774 716
775 694
777 741
781 755
782 724
783 662
786 728
787 789
789 713
792 817
795 682
799 729
800 767
801 774
805 725
808 746
814 802
817 837
818 800
826 750
829 841
830 855
832 816
836 781
842 706
847 826
851 836
855 732
857 886
859 779
866 835
870 794
877 859
878 808
884 856
892 874
898 933
902 807
909 885
914 870
916 934
917 929
919 957
922 931
924 865
939 912
950 925
952 991
953 920
958 919
963 904
966 1004
967 952
974 1055
980 935
981 1019
982 996
983 940
984 926
986 923
987 1043
988 969
996 967
1003 1052
1005 960
1006 1005
1010 987
1013 1057
1014 953
1015 946
1018 1062
1019 989
1021 1060
1022 986
1023 1001
1024 999
1039 1016
1042 1030
1046 1028
1051 1079
1059 1021
1061 1058
1063 1140
1066 1040
1072 1179
1075 1210
1076 1063
1079 1086
1080 1064
1083 1136
1084 1098
1087 1017
1089 1203
1090 1228
1093 1181
1095 1072
1096 1068
1097 1037
1098 1170
1099 1160
1102 1177
1103 1112
1105 1041
1108 1087
1113 1229
1118 1059
1130 1216
1133 1221
1134 1191
1136 1149
1140 1192
1142 1137
1143 1130
1151 1189
1153 1151
1154 1144
1155 1258
1157 1211
1159 1231
1160 1238
1161 1249
1164 1222
1165 1185
1173 1226
1174 1184
1177 1197
1178 1246
1185 1277
1194 1166
1197 1212
1198 1333
1201 1115
1203 1253
1204 1285
1205 1157
1208 1263
1209 1270
1210 1225
1214 1321
1215 1259
1217 1153
1221 1286
1227 1193
1228 1169
1233 1307
1235 1328
1236 1312
1252 1248
1253 1196
1255 1319
1257 1318
1267 1399
1268 1271
1279 1344
1284 1388
1286 1314
1290 1329
1292 1391
1295 1408
1299 1427
1304 1461
1306 1389
1312 1414
1314 1292
1320 1288
1322 1322
1325 1450
1326 1425
1329 1361
1337 1401
1340 1404
1345 1400
1347 1358
1352 1470
1355 1469
1359 1431
1362 1467
1365 1466
1367 1481
1389 1520
1398 1515
1403 1532
1409 1484
1410 1463
1420 1562
1422 1521
1436 1565
1448 1544
1451 1536
1456 1587
1462 1476
1468 1596
1472 1609
1473 1614
1477 1574
1481 1600
1483 1560
1485 1522
1489 1540
1492 1615
1493 1559
1501 1542
1503 1618
1512 1653
1518 1597
1526 1546
1537 1578
1549 1660
1554 1620
1560 1679
1562 1603
1570 1622
1573 1634
1576 1594
1585 1645
1588 1739
1592 1708
1596 1740
1597 1694
1598 1709
1600 1599
1605 1623
1608 1792
1611 1710
1613 1683
1618 1722
1620 1680
1623 1747
1624 1696
1633 1778
1634 1695
1639 1832
1641 1692
1643 1638
1644 1803
1650 1736
1651 1850
1655 1737
1660 1713
1662 1862
1663 1787
1672 1834
1673 1756
1677 1763
1678 1750
1681 1757
1685 1775
1687 1795
1690 1884
1693 1790
1694 1691
1698 1753
1702 1767
1705 1860
1706 1864
1710 1783
1722 1798
1724 1793
1725 1781
1731 1886
1732 1852
1733 1861
1734 1828
1742 1923
1745 1838
1753 1771
1758 1791
1760 1909
1762 1806
1765 1943
1775 1874
1778 1896
1784 1892
1789 1899
1795 1934
1803 1962
1811 1878
1813 1947
1826 1981
1835 2044
1838 1945
1863 2055
1864 2030
1871 1990
1872 1995
1874 1979
1890 1998
1916 2105
1919 2140
1921 2019
1932 2115
1937 2073
1941 2135
1948 2139
1950 2068
1954 2020
1966 2189
1968 2119
1981 2173
1987 2149
1995 2207
2047 2240
2050 2279
2053 2309
2060 2217
2071 2183
2089 2341
2100 2386
2102 2299
2104 2376
2105 2329
2110 2312
2111 2185
2116 2369
2128 2398
2138 2347
2151 2434
2152 2372
2153 2414
2171 2426
2178 2367
2179 2348
2199 2374
2204 2407
2217 2300
2256 2344
2301 2445
