f_0082882.png f_0082958.png
153 317
166 266
183 217
186 237
201 477
233 484
261 254
265 592
270 343
277 510
284 493
300 450
301 482
303 424
311 697
328 765
333 675
336 732
342 271
344 411
352 530
375 681
377 661
379 717
382 512
392 1030
395 807
409 889
441 1069
450 1170
454 769
475 1136
479 1046
489 992
494 764
496 802
528 1105
529 962
542 1211
551 1142
557 1574
563 1560
568 1073
582 1130
601 1114
612 1201
619 1501
625 1412
636 1305
641 1542
644 1569
656 1654
671 1615
678 1457
687 1573
696 1675
702 1655
705 1687
707 1388
712 1508
723 1703
734 1597
749 1556
771 2055
772 1900
776 1663
777 1795
781 1940
787 1741
788 1810
797 1805
813 1502
882 2048
928 1981
930 2088
949 2083
