f_0082724.png f_0082918.png
12 2412
23 2937
29 1986
34 913
67 265
117 1999
139 22
145 1650
147 51
193 46
196 912
199 1409
224 430
230 356
262 12
267 657
280 2475
291 1137
297 2701
312 1771
322 2983
323 2154
326 102
335 1683
337 953
340 2306
342 1052
358 2381
370 2293
375 2766
379 820
385 1502
391 1203
399 1494
406 1387
416 473
421 1050
428 25
444 817
446 346
447 838
455 1274
457 715
459 1822
460 1357
463 915
472 2904
473 1619
478 554
490 1152
512 2843
518 1660
526 2852
538 613
567 2104
584 1205
586 2302
587 812
588 599
590 1230
593 600
594 1919
595 2471
596 807
599 1448
612 1685
614 563
615 1552
616 1099
619 1255
621 1033
624 1897
628 2323
629 848
635 387
636 2761
647 2474
651 647
663 629
664 2318
671 1222
676 1095
678 896
684 1192
685 1524
689 2089
697 1273
698 1227
700 2539
715 1007
725 1599
728 2443
731 1815
733 2095
752 321
754 433
758 1938
777 2993
782 1055
783 2183
784 829
795 2313
799 1457
805 1623
821 1620
822 2182
828 1981
830 549
840 844
849 1169
891 2611
911 771
914 1113
918 2031
924 151
927 1235
941 2564
944 201
974 1296
984 1343
1033 2576
1043 2158
1067 350
1224 1566
1256 996
