f_0082882.png f_0082886.png
8 19
10 5
15 14
16 29
33 25
44 134
46 42
60 41
73 58
76 122
84 121
86 160
92 35
102 149
103 128
106 205
113 191
114 85
115 155
131 81
135 159
138 154
139 218
142 239
148 170
150 112
151 186
153 174
155 120
156 166
158 200
172 115
174 209
185 322
188 244
190 234
203 255
205 359
206 296
208 295
213 264
214 305
218 268
223 294
226 332
229 304
235 379
236 381
240 336
246 345
247 251
248 339
249 384
252 347
258 348
263 325
273 292
276 372
284 377
289 455
291 299
294 420
298 371
301 406
317 441
318 478
321 459
323 397
329 474
330 518
334 466
336 470
337 404
339 532
341 392
350 579
354 444
360 419
364 534
365 586
370 431
372 543
374 494
376 552
377 496
379 512
383 604
386 600
387 511
390 506
391 522
395 537
400 639
401 462
403 610
404 561
408 613
409 556
416 591
419 622
420 623
421 599
422 597
425 665
428 616
433 529
443 567
446 528
455 584
459 698
471 695
473 654
479 651
481 694
483 608
492 732
511 795
515 753
516 704
520 726
533 741
536 691
545 680
546 773
549 867
552 749
557 842
558 758
560 787
561 763
570 824
571 845
574 803
577 722
578 725
581 757
586 819
588 835
591 740
594 792
597 786
598 849
612 806
614 793
617 902
619 887
621 875
626 947
627 856
628 878
630 907
631 889
632 848
633 938
636 837
645 956
647 919
652 870
655 877
661 964
665 968
669 905
671 940
673 942
675 868
686 959
696 974
699 915
700 893
703 987
713 1004
721 1054
722 972
724 1019
733 992
735 1001
742 985
744 1027
745 984
747 1053
752 1021
753 1028
756 1056
762 1018
764 1062
765 1073
770 1044
771 1097
772 1067
773 1103
775 1032
778 1061
779 1075
780 1099
781 1098
783 1020
786 1072
787 1079
790 1173
792 1102
796 1096
797 1078
800 1128
804 1147
806 1089
807 1150
808 1151
809 1152
811 1154
817 1085
818 1095
821 1236
823 1131
824 1127
827 1124
831 1130
832 1134
833 1135
834 1136
850 1088
851 1122
856 1166
857 1225
858 1116
859 1165
861 1129
864 1214
867 1158
868 1174
872 1204
883 1213
889 1221
896 1203
901 1260
902 1269
907 1248
915 1309
918 1245
920 1283
923 1262
928 1253
931 1364
944 1282
948 1382
955 1353
961 1396
974 1439
977 1405
983 1395
995 1462
998 1445
1014 1455
1020 1459
1025 1529
1038 1497
1042 1473
1044 1507
1055 1549
1066 1586
1076 1617
1078 1648
1079 1528
1083 1536
1084 1537
1090 1572
1094 1565
1097 1645
1100 1630
1104 1587
1108 1675
1110 1623
1119 1598
1120 1695
1131 1642
