f_0082924.png f_0082518.png
30 63
92 2
113 60
181 80
222 67
251 134
259 259
275 81
319 269
377 232
440 254
449 164
454 183
473 460
487 379
575 352
593 530
597 513
609 326
641 385
660 422
667 253
676 579
677 506
684 602
695 643
713 442
734 429
735 469
778 416
804 544
813 475
839 539
851 704
856 476
914 603
920 689
933 542
950 708
960 661
965 774
1032 677
1057 718
1068 656
1077 754
1090 547
1109 657
1110 674
1112 647
1134 737
1137 620
1140 687
1146 699
1200 671
1211 688
1223 696
1235 806
1282 853
1292 773
1318 771
1350 792
1392 850
1397 685
1401 796
1405 898
1424 813
1472 879
1578 852
1581 832
1600 915
1624 894
1664 907
1741 964
1776 976
1807 985
