f_0082952.png f_0082670.png
7 88
9 48
24 500
81 149
88 538
92 18
107 352
121 147
142 65
156 139
169 156
177 345
182 94
190 714
208 339
217 670
225 269
230 57
239 183
248 230
254 391
269 346
282 405
295 186
300 208
304 560
308 41
330 640
335 418
343 261
349 729
353 327
357 310
389 746
395 683
396 334
401 534
409 69
427 630
438 496
445 239
449 753
474 720
476 619
485 443
486 199
492 385
505 743
506 634
512 721
515 615
551 283
553 157
560 658
619 697
626 606
647 716
651 516
693 398
728 290
767 699
798 356
816 524
833 497
836 386
851 754
859 741
860 947
865 612
866 603
867 592
868 573
874 501
879 574
882 567
891 406
893 771
894 642
901 376
907 300
918 438
927 517
930 392
940 407
943 698
944 571
947 468
952 396
969 709
973 812
974 586
982 913
986 429
998 968
1016 444
1018 518
1026 436
1028 800
1035 452
1057 749
1064 783
1066 368
1070 624
1080 513
1087 486
1088 490
1095 977
1119 495
1125 1004
1131 839
1132 763
1152 922
1164 1039
1165 684
1171 669
1202 671
1205 675
1209 895
1214 740
1235 541
1250 700
1257 959
1258 910
1264 607
1268 834
1278 1020
1279 928
1281 822
1282 635
1292 974
1299 823
1305 835
1313 1061
1314 1055
1317 1029
1319 734
1340 681
1342 1171
1345 806
1346 703
1350 1092
1352 911
1356 951
1362 732
1379 1136
1396 755
1401 860
1402 849
1408 893
1417 1022
1418 916
1429 844
1438 945
1468 966
1474 880
1480 917
1485 1200
1487 903
1491 797
1492 789
1494 1094
1529 1077
1533 867
1537 961
1549 1081
1566 987
1568 925
1569 1046
1573 1001
1581 735
1610 1305
1618 1073
1629 940
1641 969
1661 935
1665 1096
1673 1207
1677 1292
1678 1036
1715 1070
1716 998
1719 1023
1731 1119
1732 1084
1733 1031
1740 1108
1741 932
1749 1163
1774 1237
1787 1211
1788 1032
1793 1152
1794 1166
1808 1120
1812 1101
1814 1153
1825 1090
1833 1147
1835 1201
1846 1172
1851 1167
1855 1342
1858 1105
1870 1340
1902 1122
1928 1544
1931 1123
1951 1464
1956 1232
1962 1317
1979 1392
2007 1272
2016 1261
2022 1265
2041 1548
2047 1296
2056 1370
2063 1356
2072 1532
2074 1591
2081 1537
2100 1579
2102 1318
2108 1681
2151 1658
2157 1363
2171 1343
2227 1425
2232 1383
2239 1569
2244 1570
2319 1521
2339 1507
2389 1749
2418 1605
2476 1667
2489 1786
2515 1736
2523 1714
2524 1622
2548 1728
2562 1768
2582 1647
