f_0082864.png f_0082924.png
1 1063
2 166
14 1454
25 262
26 880
29 1326
33 657
44 1178
48 799
54 1398
64 211
66 1015
68 649
69 1086
78 213
84 1338
96 1318
99 862
113 1270
120 1959
145 2234
175 1017
176 1434
180 963
182 931
203 133
212 159
213 864
217 1033
228 589
235 1508
239 1511
256 975
259 1246
264 502
280 1329
286 316
293 63
304 231
310 1621
312 1531
334 1753
339 892
343 1291
352 1058
359 837
361 356
367 322
368 530
381 522
385 2551
393 523
398 125
400 261
404 286
406 702
409 830
419 1282
422 447
431 961
443 1087
447 833
450 1375
461 848
467 1269
471 902
474 1241
491 570
498 1074
514 1171
524 1110
548 1902
560 991
563 1674
568 1974
569 1228
570 1703
572 2449
576 1552
621 803
627 973
632 1460
638 1448
677 1235
685 762
688 1029
727 1150
734 1680
738 2079
748 1685
753 967
756 1662
757 1560
759 340
763 456
771 1971
777 230
788 954
790 1768
803 2065
804 505
806 1078
812 813
818 1414
819 818
823 1787
829 1354
831 1124
833 636
834 2298
838 770
851 1376
852 1253
857 1608
870 1188
876 383
886 1103
891 398
898 1756
900 879
903 1133
955 782
999 1920
1009 811
1016 1601
1020 1141
1031 363
1037 1284
1041 1525
1043 1132
1051 934
1070 1053
1075 1867
1095 977
1113 2199
1122 1758
1138 1993
1140 74
1151 658
1159 1156
1168 1625
1174 1995
1192 452
1198 2290
1210 350
1213 1579
1217 2295
1248 1918
1250 1848
1252 252
1257 364
1261 315
1270 1298
1283 1962
1287 387
1293 1537
1301 935
1305 1612
1311 712
1318 2607
1331 1164
1341 917
1348 610
1353 1864
1358 1200
1373 1332
1387 722
1395 1190
1405 2578
1406 1523
1428 1755
1431 1837
1444 2376
1475 843
1477 75
1483 1330
1486 214
1494 2320
1499 1501
1503 299
1508 923
1526 2045
1527 1121
1548 414
1562 1244
1566 2418
1578 1304
1592 60
1593 872
1598 295
1606 579
1620 788
1621 1591
1630 1992
1640 1308
1651 760
1661 1154
1676 740
1681 1347
1684 1746
1691 1004
1696 1438
1708 1822
1709 1708
1715 956
1716 1860
1721 1832
1731 861
1732 1297
1736 1107
1743 1151
1747 806
1755 1906
1756 1710
1757 1219
1776 480
1782 531
1788 1532
1800 1789
1805 1702
1812 1723
1817 2038
1823 307
1841 940
1845 1835
1849 1589
1853 1073
1854 1948
1877 1400
1900 847
1901 489
1919 442
1920 1181
1924 946
1940 426
1943 623
1946 119
1969 397
1983 644
1984 1875
1988 650
2031 983
2052 1729
2066 1775
2093 831
2101 1381
2110 1155
2111 571
2113 2028
2121 365
2156 1416
2169 618
2172 101
2190 2062
2202 1583
2207 2114
2219 682
2230 1280
2238 1207
2241 1627
2244 1613
2261 1120
2273 2242
2283 1205
2294 142
2301 1709
2302 2020
2306 2598
2325 123
2351 1202
2363 1970
2377 784
2386 520
2391 1189
2395 1676
2396 1926
2403 1524
2409 1652
2418 1898
2427 841
2433 137
2438 1947
2440 1492
2443 912
2473 1651
2480 1677
2485 1506
2498 767
2528 1878
2569 1420
2598 1577
2607 1738
2617 1772
2619 324
2632 1633
2639 1255
2644 1108
2649 2085
2661 1770
2662 1473
2682 1949
2687 157
2690 1596
2705 491
2711 375
2716 1504
2720 1657
2742 1930
2774 1781
2779 1182
2786 1061
2790 1471
2806 1288
2811 1698
2815 1111
2845 89
2846 1447
2847 947
2876 1571
2881 1397
2894 970
2899 787
2916 1570
2924 1162
2946 312
2952 1580
