f_0082724.png f_0082776.png
275 28
293 18
297 49
311 83
326 110
330 143
351 151
355 33
361 184
362 169
365 177
377 136
380 46
382 14
387 146
391 162
401 131
407 254
412 249
413 259
414 248
416 251
421 261
422 232
433 66
438 288
443 195
444 287
458 208
463 302
475 355
482 337
497 204
503 273
506 270
509 283
511 403
515 398
516 427
517 402
525 420
527 282
533 437
548 289
558 340
561 293
568 480
569 464
570 493
572 485
573 483
575 441
581 486
583 502
584 492
593 519
594 552
595 549
596 568
600 385
604 517
605 535
606 406
609 361
611 532
612 533
614 540
616 423
622 557
623 545
624 516
633 562
635 436
638 575
644 390
654 425
659 520
661 594
668 412
669 571
675 616
676 443
685 511
689 619
695 657
699 601
700 471
718 525
722 659
736 648
737 696
742 702
743 676
744 695
753 720
763 555
771 592
775 681
784 663
794 694
797 604
801 761
807 617
812 638
825 789
828 812
832 626
833 644
847 764
848 770
850 649
855 828
858 823
859 771
860 678
861 650
865 722
888 792
903 854
907 737
915 838
916 765
920 863
925 883
937 784
938 993
941 961
955 954
973 1056
979 816
1010 1067
1011 1065
1050 1123
1120 1118
1122 1185
1130 1149
1159 1217
1178 1281
1179 1376
1185 1329
1190 1169
1224 1193
1236 1268
1238 1243
1267 1258
1285 1380
1286 1331
1290 1252
1326 1381
1361 1443
1362 1415
1368 1406
1379 1312
1392 1399
1410 1416
1429 1388
1430 1462
1446 1455
1453 1395
1456 1396
1457 1583
1459 1521
1463 1437
1467 1465
1470 1448
1471 1449
1476 1544
1486 1494
1491 1460
1492 1650
1493 1592
1502 1491
1505 1490
1506 1480
1507 1495
1534 1601
1543 1525
1546 1717
1581 1537
1582 1532
1586 1597
1597 1747
1598 1635
1609 1865
1610 1685
1611 1580
1618 1558
1626 1797
1631 1648
1639 1680
1646 1759
1660 1918
1682 1715
1683 1682
1699 1884
1702 1801
1719 1720
1741 1963
1764 1906
1784 1818
1796 1987
1800 1811
1801 1973
1802 1824
1805 1814
1830 1837
1850 1917
1863 1955
1868 2026
1879 1893
