f_0082558.png f_0082724.png
18 486
38 924
67 251
71 885
78 1132
123 202
132 614
167 401
169 632
179 848
208 1086
223 998
242 537
247 633
288 245
300 408
304 552
349 859
350 481
385 471
389 871
406 589
490 583
512 271
550 7
552 147
562 229
564 613
565 455
572 424
598 372
607 764
614 434
621 801
626 297
670 594
676 964
677 599
731 677
821 1166
862 547
893 472
912 982
939 880
950 630
971 171
1037 530
1039 728
1041 904
1067 1083
1085 1050
1097 211
1102 887
1109 1230
1110 157
1147 354
1150 551
1202 1032
1209 322
1212 484
1242 679
1251 667
1252 227
1266 743
1292 179
1298 347
1309 959
1336 951
1343 1133
1412 619
1429 224
1462 443
1463 1118
1464 400
1465 847
1479 1052
1503 45
1525 997
1535 213
1569 412
1572 453
1594 842
1629 675
1639 247
1674 329
1694 423
1702 414
1747 413
1772 990
1792 828
1814 1127
1834 678
1837 488
1862 1224
1877 450
1941 1059
1946 165
1968 1010
1976 735
1979 56
1985 262
1990 113
2040 1156
2075 109
2078 654
2098 386
2114 129
2131 343
2159 111
2165 586
2180 821
2229 733
2236 725
2266 143
2313 745
2316 196
2364 840
2367 704
2377 911
2382 593
2390 612
2400 293
2430 956
2441 783
2488 1185
2515 570
2518 878
2534 426
2544 475
2603 604
2616 670
2629 849
2658 881
2679 306
2780 326
2793 244
2803 459
2822 981
2834 703
2859 858
2866 778
2897 365
2922 243
2936 535
2967 830
2969 6
2981 949
