f_0082924.png f_0082918.png
2 1841
3 2502
4 1971
5 1258
6 1877
11 2056
17 1220
18 2376
30 1363
32 2809
45 501
46 1136
48 1400
50 1819
56 1530
59 2934
66 2448
69 1401
70 1937
72 2537
73 2099
76 1848
78 882
82 130
84 2353
87 949
89 1954
90 456
91 1483
92 102
95 392
97 1058
99 110
107 184
108 894
114 1337
117 2912
120 1157
122 862
127 290
133 1426
134 1501
139 80
141 694
142 1478
143 703
148 465
150 883
152 2126
156 2485
157 1414
160 1818
169 31
174 597
176 995
181 2192
183 560
185 479
186 95
188 163
189 892
193 2517
197 1009
198 215
199 1612
200 1560
201 2429
202 338
204 143
207 262
212 1
213 2519
215 777
216 1639
223 520
225 97
226 2613
228 555
230 402
232 2369
234 559
235 2116
239 203
241 2901
242 2345
248 877
252 314
253 790
255 1129
259 459
261 247
262 595
263 1332
265 5
270 1375
271 1967
273 1729
280 2455
281 2110
282 2202
284 101
292 1453
294 2008
295 1989
300 2887
302 1703
303 1788
304 339
305 1018
306 142
307 1364
308 2856
313 2709
316 557
319 2161
320 204
324 2263
326 2420
329 913
334 1240
335 540
336 2016
337 1286
338 48
344 764
345 1098
346 483
347 2442
352 1126
353 366
359 269
361 162
364 272
367 766
369 517
371 2422
375 196
381 1356
382 127
383 2295
386 2583
387 1986
390 336
391 2777
393 747
394 1086
395 2863
397 2253
401 1507
403 581
408 2254
409 934
410 2207
421 1261
422 794
424 2514
425 1352
429 725
430 291
431 1784
433 277
437 271
440 1284
441 315
442 633
448 1604
449 70
450 1952
451 265
453 218
455 769
459 1985
460 2229
461 1205
463 1408
464 2855
466 2096
467 288
468 1103
469 600
470 1316
471 21
473 1587
476 1561
477 1137
479 389
480 323
481 1512
485 2960
486 732
487 2920
488 1540
492 175
493 1438
494 2546
495 133
496 64
502 2379
507 2944
510 895
512 2234
513 1723
515 1044
516 1678
517 405
518 2230
520 342
521 2598
522 2638
523 2147
529 878
530 22
532 1951
536 1650
538 1279
539 2262
547 1502
548 1291
552 2741
554 237
562 2808
563 1177
564 1694
565 2937
566 1336
568 677
569 283
570 1743
571 2651
577 564
579 17
581 1597
582 51
583 337
585 610
587 373
588 874
590 2606
592 912
595 2378
598 1721
599 1263
601 455
602 1728
603 1347
609 1724
610 1722
612 2380
613 1004
614 2945
615 1881
621 951
623 2617
627 1891
630 2918
634 1159
636 2112
637 137
638 309
639 1683
644 509
645 1338
647 2107
650 708
651 2862
654 2766
656 936
657 87
658 650
659 2661
660 2877
662 1836
663 1618
664 2236
666 606
668 36
672 42
675 2693
676 2837
677 640
678 1657
681 2138
685 2139
688 104
689 1517
695 2290
698 20
700 2471
701 2294
704 135
705 2398
706 2064
709 2726
710 1968
711 109
715 1244
716 33
721 2470
725 93
730 1377
731 788
732 2619
733 837
735 57
738 2543
739 1958
740 2560
746 550
750 645
751 468
753 1484
754 2832
762 2846
763 1667
764 2314
765 1734
766 1143
769 1357
770 1173
771 2385
774 1265
778 699
781 1455
782 168
783 1888
785 568
788 1437
789 469
790 2224
791 918
792 257
793 195
800 791
801 682
803 329
804 778
805 1901
807 744
811 2177
813 974
814 164
815 910
819 2801
821 1825
822 2285
824 1370
825 1963
830 219
835 634
842 2610
843 2533
844 1850
849 2235
852 1254
856 2245
860 1001
862 1096
863 241
864 657
865 661
868 2057
870 1619
871 1383
874 2507
875 1403
878 1593
882 2632
884 911
889 2799
890 2293
892 285
895 4
896 201
897 906
901 741
904 2958
905 360
909 2374
911 2564
914 2218
915 1017
917 1673
919 341
920 992
922 1207
924 344
928 838
930 385
931 2897
934 6
935 2073
936 1471
948 2581
950 1290
954 2780
962 1930
963 1659
965 1008
966 2518
969 2397
970 2530
972 1038
977 304
978 2366
981 970
985 68
986 2101
990 1711
1002 1907
1007 1661
1008 381
1009 61
1010 273
1012 1021
1014 1917
1019 2368
1020 1577
1021 317
1023 2758
1024 1946
1025 1843
1028 2341
1029 1305
1038 154
1042 464
1045 1532
1054 776
1056 2930
1058 715
1063 414
1069 69
1074 1200
1075 771
1080 2803
1085 1297
1089 611
1093 2580
1096 88
1099 2474
1100 792
1101 242
1106 261
1107 1695
1108 2553
1109 266
1111 1840
1112 25
1113 1764
1122 2751
1126 2775
1127 1366
1129 929
1130 2626
1134 487
1137 454
1140 1241
1141 1081
1143 94
1147 2977
1149 230
1155 2477
1156 728
1158 1549
1159 180
1167 1247
1170 1078
1171 2807
1181 636
1182 2259
1183 646
1184 941
1185 2705
1189 643
1191 19
1193 497
1195 1531
1196 1448
1198 545
1199 939
1200 554
1201 114
1203 2817
1207 1660
1215 852
1218 760
1223 1295
1228 2998
1242 2436
1246 2271
1248 1374
1249 1111
1251 1194
1252 1041
1261 1514
1263 1311
1269 146
1271 2878
1272 2501
1276 1588
1277 2621
1278 797
1282 1763
1289 1504
1293 2520
1294 709
1296 2767
1300 1789
1301 2665
1302 2225
1304 438
1306 62
1307 355
1310 2388
1313 3
1314 2266
1316 239
1320 298
1324 1894
1325 1449
1326 2568
1329 1340
1336 1938
1337 1230
1339 2988
1340 1180
1343 1276
1346 1049
1347 1237
1353 538
1357 2690
1359 2825
1360 132
1361 2785
1365 2160
1366 2342
1369 984
1374 786
1375 1755
1380 2423
1381 116
1383 2157
1384 787
1388 1687
1392 434
1393 1193
1395 704
1396 1140
1400 424
1404 718
1406 1300
1407 1369
1411 866
1412 2763
1413 2280
1414 1007
1417 2865
1424 2026
1429 629
1431 1603
1433 827
1436 587
1438 1872
1442 785
1443 1786
1446 1419
1449 1854
1452 2350
1456 2419
1458 224
1460 433
1466 2486
1467 1576
1468 306
1470 1128
1472 635
1473 1552
1475 245
1476 1274
1489 1606
1491 2145
1493 711
1494 808
1495 2720
1497 2435
1499 187
1502 1851
1503 2595
1505 2194
1506 793
1511 2578
1513 2885
1516 1821
1519 1599
1524 157
1530 370
1535 664
1537 964
1541 2891
1544 1608
1545 2396
1548 825
1556 1594
1559 2045
1561 1441
1566 2167
1570 1362
1576 1768
1577 549
1589 220
1590 1961
1593 1062
1601 991
1602 2600
1603 947
1604 2453
1608 2929
1610 453
1612 2511
1614 1926
1615 937
1619 2687
1622 2103
1630 1285
1633 2176
1634 2761
1637 1153
1647 1765
1649 2906
1650 1141
1653 1186
1654 839
1658 746
1660 2756
1663 2141
1664 680
1665 447
1666 516
1667 2836
1668 2313
1680 2495
1684 981
1685 1429
1687 2449
1690 2654
1692 770
1699 2987
1705 998
1706 1432
1708 693
1715 960
1720 2539
1723 1457
1725 806
1729 2182
1733 1262
1736 1812
1740 2498
1747 2187
1752 2747
1753 2362
1766 1742
1768 2238
1773 885
1787 1521
1792 221
1794 2043
1798 687
1802 2708
1806 1333
1807 621
1813 171
1814 1368
1815 1623
1821 2270
1825 1675
1826 2002
1828 2728
1832 1094
1833 534
1837 1777
1838 240
1842 1251
1843 2009
1845 1107
1849 950
1852 1592
1855 1281
1857 2950
1860 350
1862 2961
1867 585
1871 475
1872 1596
1873 1163
1875 1750
1882 2338
1883 2400
1887 603
1889 2697
1894 1978
1895 2232
1900 2558
1903 2576
1904 2321
1905 623
1906 1492
1910 281
1911 2063
1912 1373
1913 1348
1916 2895
1917 2130
1919 1515
1922 446
1923 1120
1924 493
1925 2579
1926 1029
1936 690
1939 1785
1956 1543
1957 28
1958 1658
1961 1656
1962 2114
1963 49
1967 34
1968 1676
1976 478
1977 1122
1981 229
1984 2939
1985 50
1994 1197
1998 2971
2003 1547
2006 435
2007 2156
2008 2631
2009 2179
2013 2473
2017 2309
2018 2462
2022 2710
2023 566
2027 1115
2029 106
2033 789
2034 2031
2035 1677
2038 1787
2039 2695
2042 849
2050 686
2053 658
2054 1211
2056 112
2058 156
2065 2175
2072 2526
2079 2681
2081 539
2082 1518
2089 410
2092 506
2095 1602
2098 2094
2099 1349
2102 1288
2105 16
2114 1148
2115 1796
2117 2092
2119 2060
2121 2572
2122 2735
2129 1526
2138 1035
2139 596
2141 1404
2146 978
2147 2075
2149 2779
2152 2588
2157 1941
2158 2061
2162 1570
2163 2320
2167 1715
2177 1997
2187 460
2188 47
2189 1920
2196 117
2200 462
2202 1171
2205 2954
2221 216
2222 1260
2223 29
2226 2673
2230 2503
2232 8
2236 1117
2239 1105
2250 1674
2251 2907
2252 1795
2254 499
2258 1113
2262 529
2263 1776
2265 1253
2272 1219
2274 574
2278 1182
2284 2142
2287 194
2289 2418
2295 1804
2296 1833
2298 921
2301 2411
2305 2748
2309 186
2310 365
2311 1390
2317 2959
2319 1076
2321 83
2327 1720
2330 275
2338 2731
2348 1827
2350 511
2356 1322
2363 738
2364 2834
2368 2671
2371 737
2379 2989
2380 1393
2381 2005
2391 672
2399 1648
2415 701
2422 2796
2424 1713
2428 1346
2430 1402
2431 527
2433 537
2436 149
2439 802
2443 2668
2444 1231
2451 2158
2455 956
2456 589
2460 933
2464 2432
2469 2590
2470 2864
2479 1747
2482 349
2487 676
2491 1962
2492 1355
2494 2067
2502 2030
2506 2289
2510 2076
2512 2685
2513 1690
2516 2570
2521 2596
2526 1321
2528 2815
2530 452
2533 1016
2536 2666
2543 428
2544 2718
2551 1520
2553 2493
2558 644
2559 1542
2580 1057
2585 1443
2586 695
2603 1019
2609 2036
2617 1614
2629 58
2635 1892
2639 354
2644 367
2654 1331
2662 234
2665 1482
2675 2549
2676 1106
2678 2410
2686 2575
2688 2698
2706 2923
2708 975
