f_0082946.png f_0082642.png
381 212
500 127
548 26
598 60
606 163
646 272
648 258
656 15
663 281
680 386
686 173
712 275
733 434
753 632
765 237
792 1008
818 220
820 529
851 246
872 730
877 413
884 425
887 247
893 354
910 301
914 270
926 286
943 523
983 305
988 300
996 389
1003 742
1005 229
1006 394
1021 646
1023 414
1041 787
1057 1244
1059 403
1083 684
1115 528
1159 1114
1160 936
1222 855
1224 607
1236 1013
1240 504
1242 982
1246 1030
1250 975
1251 1031
1257 867
1289 1178
1300 564
1306 983
1318 710
1375 1089
1390 1388
1393 1892
1399 844
1438 1143
1446 1174
1488 939
1489 895
1497 1207
1514 1294
1518 1145
1554 1090
1612 1461
1613 1382
1646 1486
1709 1538
1778 1542
1845 1206
