f_0082864.png f_0082926.png
3 422
8 480
14 1589
26 977
32 1022
43 731
48 837
68 948
70 1170
77 292
90 1182
103 2269
113 1364
116 1203
117 1606
129 1547
147 1096
157 1811
191 612
197 1643
205 939
218 175
222 1228
264 560
268 2515
284 2
286 353
302 2257
308 571
315 229
319 1035
327 1586
336 886
340 1331
341 42
352 1187
361 390
381 505
383 704
394 744
398 181
401 1599
402 1145
409 920
422 519
423 661
447 924
457 832
461 933
471 981
490 543
494 1762
500 974
510 1328
513 1213
524 1232
527 1479
542 1134
546 96
547 1878
569 1399
573 99
580 753
597 1340
631 932
632 1581
635 690
640 1424
646 1936
654 2203
655 202
658 559
660 1562
676 1737
681 1148
687 1890
688 1118
690 865
692 1504
715 234
716 2759
719 1439
723 1865
724 703
726 1546
736 217
747 1839
759 384
766 87
793 1484
804 582
806 1200
824 1433
830 1952
835 252
843 183
852 1365
861 907
866 477
886 1236
900 973
905 485
924 2327
935 1820
942 474
944 1199
946 1263
955 881
977 808
983 1973
999 2140
1029 1214
1041 1670
1051 1039
1056 1675
1070 1133
1074 2017
1095 1067
1105 1757
1106 681
1135 855
1159 1344
1161 113
1196 892
1234 1624
1246 1324
1247 64
1257 414
1260 216
1279 787
1282 1208
1287 435
1299 198
1305 1707
1316 1672
1352 1937
1355 1999
1368 627
1369 2228
1374 2186
1393 813
1398 909
1406 1638
1408 978
1410 1397
1450 92
1451 412
1469 1422
1475 936
1477 59
1485 1797
1491 2647
1495 491
1503 282
1508 1058
1511 1605
1533 1376
1548 503
1561 1822
1562 1368
1565 1450
1582 2069
1598 326
1611 761
1635 2130
1640 1445
1646 388
1651 822
1661 1305
1673 500
1674 152
1693 523
1708 1935
1712 1673
1725 1591
1730 864
1736 1218
1737 768
1738 912
1753 1957
1757 1355
1775 1909
1779 2018
1782 607
1801 30
1808 925
1812 1843
1824 1904
1826 387
1828 1429
1834 1261
1842 2083
1843 982
1863 556
1877 1521
1878 1197
1880 1151
1901 517
1919 471
1930 1374
1933 1884
1943 684
1947 1438
1955 1315
1959 644
1963 1795
1975 849
1980 1914
1981 1982
2003 1032
2005 2795
2011 741
2020 1583
2053 725
2059 1482
2066 1864
2068 288
2076 1692
2086 927
2089 712
2096 840
2099 2038
2113 2093
2115 771
2157 240
2213 972
2215 1584
2219 791
2238 1347
2244 1691
2251 1919
2282 2048
2283 1304
2301 1867
2318 1431
2326 2020
2330 671
2355 809
2371 595
2379 550
2403 1648
2417 934
2420 1636
2445 1726
2461 341
2465 2003
2468 2582
2483 1724
2498 879
2510 2235
2537 1829
2539 1037
2555 1106
2557 1553
2560 2174
2571 274
2583 743
2598 1674
2606 2152
2612 2047
2619 385
2632 1721
2662 1631
2676 1520
2687 244
2704 1733
2711 392
2716 1614
2731 649
2732 1689
2736 1530
2756 603
2798 1186
2802 440
2808 2416
2857 432
2859 1823
2875 2684
2886 1611
2894 995
2899 905
2913 875
2939 1285
2946 307
2949 72
2951 1465
2959 512
2979 1628
