f_0082924.png f_0082724.png
35 38
46 111
142 342
143 257
170 420
264 361
282 35
316 175
331 391
362 514
381 53
387 29
403 82
428 573
432 470
438 407
458 275
469 593
474 347
477 291
492 492
500 487
507 560
512 6
520 86
547 456
548 14
591 444
603 556
616 320
618 413
629 633
630 459
639 354
644 375
662 230
688 179
697 595
705 445
721 148
732 294
805 551
808 368
815 217
816 816
817 855
855 322
861 422
878 344
883 278
890 370
898 210
902 421
916 461
928 447
929 406
936 689
938 372
951 601
952 535
961 489
1019 964
1039 457
1057 743
1060 292
1061 182
1063 401
1085 745
1087 286
1092 439
1099 598
1101 662
1104 231
1109 643
1110 670
1111 443
1112 428
1129 753
1130 675
1140 647
1154 518
1196 623
1233 424
1324 869
1337 619
1360 479
1362 787
1378 714
1384 503
1386 1050
1397 607
1410 780
1414 712
1436 736
1450 625
1460 699
1471 879
1483 1084
1504 784
1551 508
1560 761
1566 1208
1571 770
1598 1233
1603 618
1612 1075
1613 840
1620 778
1627 676
1630 831
1633 891
1653 668
1661 990
1667 859
1678 771
1679 733
1688 880
1703 797
1710 559
1723 799
1741 924
1752 860
1764 805
1770 1058
1793 1405
1803 937
1804 772
1806 1098
1813 1099
1833 861
1841 895
1852 927
1853 907
1860 1085
1864 865
1874 991
1895 1067
1896 844
1900 998
1911 1068
1923 1330
1927 738
1935 1093
1941 1020
1944 1609
1958 967
1969 1035
1970 1002
1988 1150
2028 1567
2032 1069
2062 1088
2075 1458
2082 921
2092 1106
2095 1515
2149 1147
2172 1523
2189 1283
2244 1290
2255 1484
2333 1237
2350 1382
2368 1573
2424 1205
2464 1104
2479 1412
2481 1210
2521 1354
2530 1277
2581 1558
2629 1419
2650 1216
2654 1336
2699 1229
