f_0082882.png f_0082868.png
1 1763
10 304
14 77
16 2738
21 586
32 2687
35 2367
36 2681
37 2132
38 2103
44 1602
57 849
63 403
75 2362
76 226
84 2138
87 486
89 2459
91 1486
100 2670
101 506
102 254
103 1454
108 2845
111 778
112 1348
113 529
117 1051
118 143
119 2683
120 749
122 1559
127 1918
132 2704
136 1138
137 1401
139 2214
140 197
142 346
143 2613
145 1140
146 906
148 1153
149 719
150 443
151 131
153 227
163 1977
164 520
166 2607
168 1618
170 1403
174 2148
177 1207
179 1452
185 2234
188 46
190 56
193 2731
197 211
199 2726
201 2654
204 1482
206 2734
208 34
214 29
215 100
218 17
225 2295
227 2968
229 2581
230 589
232 1876
233 679
235 1948
236 2784
239 12
240 5
242 2073
243 429
244 127
245 1327
248 856
249 2025
254 1465
256 2070
257 1769
258 994
260 1607
261 1446
264 423
265 1224
266 678
267 1734
270 1113
271 905
275 1636
276 236
278 1124
280 2547
282 554
284 319
285 2378
287 2457
288 802
289 2285
290 2341
291 2277
293 1394
295 898
296 1860
297 1370
298 2505
299 2885
303 2625
304 68
305 3
309 1540
310 2357
311 1675
316 2064
317 512
318 40
326 765
327 757
328 2
329 1300
332 782
334 16
335 2255
338 674
339 1711
340 2549
342 2366
347 1229
348 964
350 64
351 829
352 1168
353 1676
355 2280
356 97
357 1402
360 2744
361 2709
362 1845
363 2815
365 1468
366 367
370 2224
372 392
374 777
375 809
377 639
378 173
380 51
381 588
385 160
386 375
387 2582
391 2537
394 712
395 1758
399 151
401 25
407 1
413 752
415 2806
416 2655
419 786
426 2963
427 564
430 689
431 1735
432 1378
434 1129
436 1202
437 573
438 1653
443 710
444 2472
445 2518
449 793
450 866
451 1943
455 2069
456 2015
457 451
463 631
464 1342
465 2146
467 1072
468 612
473 2385
475 2149
478 2522
480 306
481 411
482 301
483 1197
484 2837
485 693
486 1650
489 2420
490 1146
495 706
497 28
498 2195
501 1144
502 2786
505 1961
511 344
512 968
514 963
517 1181
521 1108
523 2440
525 539
526 199
528 1790
530 1859
533 1234
535 1683
536 658
543 2680
545 2299
546 726
549 998
555 2193
557 2184
558 1162
560 519
562 878
563 1878
564 464
565 1582
568 995
570 1525
571 610
573 2969
577 32
582 469
583 125
585 2194
586 134
589 42
590 299
593 1279
594 349
598 2107
603 2049
605 986
606 2922
607 1093
608 168
609 233
613 806
615 2635
616 1544
619 225
620 1927
630 1663
631 1911
633 223
635 1947
636 472
638 251
639 88
641 1591
644 941
645 534
649 2473
652 2078
653 475
654 1793
656 2831
658 2082
659 620
661 170
666 1688
670 609
671 695
674 1649
676 1350
678 11
680 595
682 356
684 2677
685 2344
689 2434
696 1218
697 210
701 2686
702 1033
705 937
707 2186
708 2172
709 896
711 2938
712 1619
713 890
716 738
720 2952
723 696
728 2622
729 2580
730 2307
731 704
732 2430
734 417
736 324
737 1456
738 1856
739 1623
740 1689
743 2317
744 95
745 1814
752 2035
754 107
756 552
760 424
761 2994
762 1805
763 1343
764 193
765 2951
766 175
767 1245
768 2479
769 2636
771 379
775 1122
777 1476
778 1415
780 699
781 1994
784 735
789 352
791 270
792 1025
793 1507
795 1488
796 676
797 1939
799 1728
800 2517
803 2227
805 2023
806 1894
810 72
811 1599
813 1646
814 1694
817 290
820 376
823 690
824 2185
826 1572
831 1398
832 1478
834 1882
837 2910
840 171
842 2924
843 819
846 6
855 2415
856 1067
858 686
860 2858
864 2672
867 670
870 73
872 48
873 2429
876 2769
879 1916
881 172
882 61
887 1710
891 313
893 2891
894 846
895 2368
896 1597
897 312
898 2312
899 627
900 1114
904 1320
907 732
909 2010
910 775
912 2419
916 14
917 142
920 1303
924 1070
930 2209
931 1226
932 1458
933 2191
945 2466
946 567
952 1381
954 2101
959 1006
967 2260
969 1541
970 1304
977 2115
983 1956
984 2684
986 1090
989 1967
994 153
1002 2856
1003 2435
1006 2113
1008 2471
1013 891
1014 1621
1017 2114
1018 1166
1021 840
1022 594
1028 2108
1029 899
1033 1914
1040 743
1041 1030
1060 2327
1062 1118
1066 2899
1076 1103
1078 2059
1080 1273
1094 2656
1100 38
1104 862
1105 2802
1110 560
1124 2365
1128 2145
