f_0082452.png f_0082952.png
8 275
19 280
27 239
74 463
76 213
102 67
118 346
211 100
229 26
239 99
242 731
246 616
257 137
263 77
265 345
279 107
308 161
310 282
317 492
320 317
321 336
334 751
348 386
398 1018
405 254
410 516
413 119
430 335
434 185
457 98
462 218
472 620
481 313
515 402
523 659
556 260
605 312
627 721
632 367
634 960
636 1000
638 259
641 944
655 925
668 882
674 1134
681 299
696 342
698 1154
709 615
713 1013
726 1190
728 362
733 957
740 461
747 1331
748 244
756 1069
776 410
784 1228
785 1354
791 406
804 361
808 405
815 1251
818 1286
824 531
827 490
845 473
855 1491
856 450
859 1097
864 381
867 749
874 1289
877 530
924 1409
925 619
938 636
946 395
950 1598
959 647
992 1669
1002 474
1010 641
1014 1299
1015 1445
1019 807
1025 1305
1028 1429
1041 801
1045 505
1047 983
1049 978
1061 1288
1079 1110
1088 1028
1099 1280
1103 1271
1122 1845
1124 972
1136 909
1139 862
1154 1012
1155 1698
1158 1351
1159 1537
1161 1520
1164 1909
1166 1438
1176 999
1179 991
1181 1237
1190 1357
1210 1279
1215 1356
1216 1678
1219 1733
1237 1209
1238 1573
1254 1292
1270 1808
1271 2017
1285 1619
1292 1126
1294 2015
1295 1010
1312 934
1314 2052
1321 1795
1323 1122
1328 998
1359 1304
1368 1297
1372 847
1382 903
1383 1634
1391 1317
1401 2102
1414 2048
1433 2170
1448 1708
1449 1755
1451 1405
1483 1528
1559 1774
1572 2241
