f_0082620.png f_0082492.png
5 461
23 452
27 513
28 521
30 524
45 561
53 574
55 550
57 581
64 621
65 553
67 633
71 595
76 613
82 625
83 647
91 702
98 649
106 594
109 592
111 651
112 685
113 620
121 729
126 719
133 720
134 684
141 700
145 725
146 689
152 758
164 778
174 770
176 793
182 787
192 817
193 749
196 794
200 830
220 833
221 829
233 863
245 866
255 927
256 923
260 800
268 880
272 928
280 920
281 924
284 941
288 933
298 948
308 940
311 894
315 856
329 993
334 996
341 1002
342 1020
347 1057
351 1060
352 889
370 1024
375 1006
393 1074
405 1150
417 1104
418 1079
423 1018
425 1124
428 1132
441 1165
451 1238
453 1039
471 1198
507 1319
521 1282
522 1335
527 1229
536 1263
544 1256
549 1253
561 1306
568 1501
578 1283
597 1295
602 1330
615 1362
616 1345
619 1352
636 1563
640 1485
644 1407
649 1450
657 1368
686 1578
691 1552
695 1408
696 1655
702 1417
706 1481
707 1367
708 1616
714 1495
727 1497
736 1513
738 1504
739 1462
741 1579
747 1463
748 1622
751 1681
754 1525
758 1526
763 1496
764 1630
772 1546
775 1547
791 1583
804 1633
809 1637
822 1777
828 1663
830 1548
835 1661
839 1645
841 1727
848 1698
849 1754
850 1740
861 1779
862 1762
870 1772
874 1738
884 1729
888 1760
891 1845
897 1745
902 1783
903 1763
911 1788
920 1741
925 1781
928 1766
937 1800
949 1885
954 1824
972 1924
978 1784
983 1857
987 1933
988 1847
990 1867
994 1904
998 1888
999 1868
1006 1882
1053 1939
1054 1909
1059 2019
1062 1958
1067 2024
1092 1936
1118 2025
1128 2050
1132 2026
1139 2027
1141 2051
1147 2131
1151 2066
1158 2073
1197 2182
1204 2248
1240 2243
1245 2256
1266 2195
1269 2261
1275 2260
1293 2298
1296 2275
1297 2314
1299 2249
1309 2294
1321 2307
1335 2331
1341 2358
1351 2338
1367 2348
1368 2367
1394 2355
