f_0082620.png f_0082868.png
23 2956
68 2298
76 2872
89 856
93 1693
109 947
111 319
159 285
200 972
245 2124
247 912
260 877
265 16
266 1011
270 1407
286 2935
290 1759
321 2
339 697
358 1204
378 2131
391 809
395 37
399 2225
400 2308
413 786
416 1845
417 639
419 2589
444 1189
452 1326
464 182
484 485
502 671
527 640
531 825
553 931
561 2195
570 2562
577 1018
580 2314
590 2750
703 2465
713 132
742 1849
861 10
865 2800
878 1530
896 1392
942 1099
968 1504
1022 2647
1083 1433
1130 2111
1153 1251
1155 833
1159 1476
1172 270
1174 1022
1191 183
1533 2191
