f_0082926.png f_0082918.png
1 2840
2 2535
5 731
6 1977
7 1400
11 1774
16 214
18 2244
22 720
30 2032
36 1511
39 130
42 2643
52 1134
53 2099
54 1837
57 1401
58 2934
62 1446
66 82
71 102
72 110
78 2434
81 2277
84 178
86 2355
88 287
89 399
93 286
96 882
98 2414
105 1624
109 620
110 694
115 1066
119 892
122 1183
126 2845
127 2912
128 1475
130 847
133 1556
136 2496
138 184
143 1009
145 840
150 597
152 92
153 1426
156 1639
158 1612
161 2859
162 1759
165 2024
166 1453
168 31
171 1607
176 163
182 1818
185 2585
186 862
188 982
193 7
200 1560
202 26
203 2427
206 1990
207 1967
208 169
209 353
210 1388
211 27
212 905
213 338
216 1098
218 2696
220 44
221 203
222 877
223 1275
224 59
225 400
226 1
232 2541
235 2901
236 1020
238 968
242 615
243 1074
246 143
250 2455
252 1018
259 2551
267 860
270 946
271 247
272 252
273 2613
274 1729
277 559
280 1287
281 2955
284 2990
287 314
290 2616
292 1572
294 790
299 2469
301 1904
302 1709
309 5
313 2016
314 73
315 325
320 1090
321 2887
322 2569
324 1989
325 595
326 60
327 2263
328 2345
329 98
332 236
333 2202
335 1364
337 1129
340 101
345 2811
351 162
353 2109
354 557
355 425
358 1048
360 2246
362 48
363 764
367 2161
369 366
370 2709
371 1188
373 165
375 751
376 1240
379 902
382 572
385 2566
387 1807
389 773
392 196
403 2066
404 913
406 218
410 2856
411 745
412 2079
413 217
414 272
416 1494
418 2882
421 336
422 129
424 1356
427 301
429 269
431 2777
433 565
434 2279
435 53
437 1261
438 2207
441 1544
451 2754
454 2408
456 1964
457 1352
462 2069
467 1792
468 315
471 2653
472 1470
473 1499
475 2229
477 138
479 363
480 1242
483 1784
485 1464
487 291
488 1631
489 197
490 2791
493 2351
498 1575
499 1540
503 295
505 211
506 1438
507 2096
508 323
509 21
510 1046
512 411
516 2033
517 2475
520 288
522 2944
523 1439
525 2546
526 133
527 470
528 2960
529 175
533 2879
536 389
538 191
543 2336
545 473
546 895
553 0
554 324
555 2147
560 2379
561 1022
562 2461
567 76
568 969
569 2234
570 2598
572 1502
574 22
575 64
577 2372
581 1595
586 1951
587 283
593 2606
596 1999
597 1650
598 1279
601 826
602 1685
604 1662
607 1679
612 237
614 1291
615 2380
616 809
617 153
618 1694
620 113
626 1948
629 2711
636 17
638 377
640 373
641 874
642 2532
644 659
645 1228
646 886
647 51
648 2223
650 525
651 2937
653 2945
655 71
658 2378
660 564
670 2205
682 335
683 337
684 495
686 1881
687 1573
696 123
697 2343
698 936
702 137
703 309
704 1454
705 2516
708 723
715 805
716 1748
718 2209
723 1891
726 212
730 2391
731 383
733 87
737 606
739 584
746 604
757 1273
759 308
760 2837
761 640
764 36
767 1618
768 1578
771 2627
778 1080
782 609
783 206
785 20
787 316
788 1657
790 2290
791 1968
800 104
802 356
804 124
805 2111
808 550
811 109
812 2064
816 2726
817 1244
819 33
825 1874
826 2714
827 2470
831 1649
833 468
834 2594
835 57
836 2522
838 1173
839 1484
843 2619
844 1958
845 2560
849 91
850 507
852 682
853 2801
855 1085
856 2832
858 810
861 848
863 699
866 2385
868 1455
870 2805
871 2846
872 1145
875 791
876 1490
877 1918
883 2635
884 974
885 1888
886 329
888 2204
895 1437
896 568
897 2783
898 744
900 407
901 2957
902 1370
903 918
904 63
906 1957
909 164
912 1825
920 219
921 2658
922 2451
924 1740
926 2618
927 1778
935 1522
936 2245
939 910
940 661
942 1668
946 1850
949 2752
950 2922
955 1383
956 1593
957 1127
959 201
962 657
964 1403
967 2293
968 1037
971 72
972 310
973 202
974 1394
982 906
983 4
985 2625
986 1981
987 2730
988 255
990 1855
991 2652
997 1376
998 1831
1001 1965
1006 2186
1007 1246
1008 1385
1025 1673
1027 2080
1031 863
1032 1465
1033 980
1035 344
1036 1232
1038 1906
1046 2085
1048 1630
1049 2193
1050 2548
1055 965
1057 1380
1058 385
1059 2518
1060 1699
1063 1611
1065 1930
1067 2101
1068 1665
1071 1732
1076 223
1079 795
1080 2370
1085 1659
1087 498
1094 2758
1097 533
1099 1038
1102 1577
1103 13
1111 772
1119 2325
1121 2702
1126 381
1138 1670
1139 2431
1140 611
1141 2368
1144 1042
1147 758
1149 228
1150 1810
1157 820
1160 943
1162 2324
1165 361
1166 750
1171 464
1175 40
1176 2545
1177 771
1181 2850
1182 1949
1183 414
1184 2692
1186 154
1187 715
1191 2122
1194 570
1196 2803
1197 2723
1199 261
1201 1387
1205 1790
1207 78
1208 2260
1212 2456
1217 2775
1218 1695
1225 305
1229 88
1230 69
1231 1551
1232 2430
1234 1294
1235 1309
1238 2019
1244 1840
1245 371
1246 471
1247 25
1249 929
1255 567
1257 2029
1259 2626
1261 1319
1262 2487
1264 180
1265 1241
1271 230
1272 454
1277 2527
1278 1806
1290 210
1296 2477
1298 423
1299 2197
1300 1905
1306 1081
1307 1496
1308 1216
1311 1931
1316 94
1318 2705
1319 1692
1321 861
1322 554
1325 1448
1327 646
1340 1059
1345 553
1350 2529
1351 1295
1352 2225
1356 2249
1357 2457
1360 1772
1364 1111
1365 386
1367 2436
1372 181
1373 2300
1375 105
1376 2852
1377 2271
1381 2460
1382 852
1383 1311
1384 2531
1385 797
1408 2317
1409 2640
1412 2152
1413 1194
1415 2980
1416 1856
1417 1588
1424 2264
1428 2665
1430 1663
1431 2105
1435 1006
1438 490
1441 2266
1445 1449
1446 592
1449 3
1451 2228
1454 79
1455 1894
1456 1813
1457 2568
1458 62
1460 1644
1467 2392
1469 239
1475 1431
1477 2506
1482 1180
1484 2816
1485 1654
1487 1493
1490 1802
1492 319
1494 188
1498 1133
1502 2785
1506 2988
1508 2189
1511 2006
1514 1992
1515 696
1522 867
1525 1300
1526 917
1527 1427
1528 2753
1530 704
1531 2423
1535 1193
1541 1140
1543 125
1544 1897
1546 2280
1548 1166
1557 2350
1564 2310
1566 1007
1567 999
1568 2973
1571 2396
1575 1786
1576 1872
1578 2026
1579 785
1581 629
1584 150
1594 1854
1595 2419
1598 2098
1602 2932
1606 2421
1607 1142
1611 2090
1613 1970
1615 1552
1617 2720
1618 1737
1629 2316
1631 187
1634 891
1635 1608
1636 1225
1638 1283
1640 370
1641 1034
1644 964
1648 157
1649 2298
1650 1389
1652 103
1653 1768
1655 655
1658 664
1662 552
1663 727
1665 825
1666 2578
1669 2045
1670 2330
1672 2867
1674 2592
1675 549
1681 2687
1683 2891
1691 2750
1692 1415
1693 1152
1694 1598
1695 387
1697 1432
1703 2860
1704 924
1710 2974
1717 1062
1720 1317
1721 2176
1728 1441
1729 1926
1732 2646
1733 844
1735 1524
1737 1775
1741 1463
1742 2633
1743 516
1746 1505
1749 2929
1752 1961
1754 2171
1757 299
1758 1141
1760 2323
1763 2615
1764 1153
1770 1045
1771 1186
1772 981
1778 2313
1779 746
1782 1911
1787 2987
1788 2449
1796 2083
1797 2719
1798 2144
1804 693
1808 2654
1812 1429
1813 1812
1828 2637
1830 334
1831 2898
1832 2498
1833 2829
1835 971
1836 2554
1837 2010
1845 2134
1846 1365
1850 683
1852 944
1855 1262
1858 1628
1860 2747
1873 2135
1882 1541
1883 1521
1885 1672
1890 885
1892 1857
1893 2043
1896 1642
1902 687
1905 2708
1906 1742
1907 2394
1915 2270
1916 1333
1918 41
1919 2823
1922 171
1926 1043
1929 1675
1936 2728
1942 2185
1943 1116
1948 2002
1949 1829
1956 2009
1961 2358
1971 534
1973 865
1976 350
1977 1251
1980 1281
1981 928
1984 755
1985 784
1993 2217
1996 393
1999 2494
2001 1235
2002 1238
2012 1123
2013 2558
2014 2163
2020 623
2021 1373
2023 2556
2026 2130
2027 1348
2028 2405
2039 2347
2041 1785
2049 2686
2052 2579
2054 493
2061 90
2067 34
2069 1029
2072 225
2074 284
2085 1676
2087 49
2095 1087
2098 2695
2107 1602
2111 973
2115 2710
2118 155
2128 566
2129 1645
2130 1211
2131 435
2146 1717
2152 652
2166 2676
2172 789
2185 719
2188 2984
2191 506
2193 2681
2199 2818
2217 1343
2225 1102
2227 410
2235 2060
2247 614
2250 1063
2254 2779
2261 2340
2263 2588
2264 1526
2279 1944
2284 1796
2303 2120
2306 1582
2308 1941
2311 1035
2312 1345
2316 2061
2331 117
2332 669
2333 914
2334 2320
2338 1920
2340 476
2346 2673
2360 403
2368 2873
2377 1741
2379 439
2384 575
2402 174
2412 85
2414 1113
2415 2142
2427 2959
2433 1847
2437 2782
2444 83
2452 192
2461 1384
2465 1567
2466 2731
2472 870
2477 2301
2484 1720
2501 2214
2502 2395
2503 2132
2510 1346
2511 607
2560 701
2577 2450
2588 2590
2589 1637
2590 589
2592 2446
2596 2247
2597 2796
2601 1231
2611 2668
2615 1509
2621 676
2623 2030
2627 1747
2631 2793
2641 2071
2642 1690
2647 2289
2654 2067
2656 1613
2666 2718
2673 428
2678 1871
2683 1816
2684 452
2701 1870
2703 1520
2707 2493
2731 2642
2742 1019
2756 547
2768 1682
2770 985
2776 2203
2780 977
2791 354
2793 2762
2794 1331
2795 1757
