f_0082868.png f_0082670.png
5 255
15 197
29 225
58 739
64 431
87 347
88 998
95 1248
97 460
102 187
109 543
125 970
126 91
131 94
132 879
144 895
155 770
161 1296
164 57
166 69
170 942
178 34
183 1371
193 1308
204 108
205 1897
212 139
236 474
237 633
259 49
260 181
270 1349
273 1307
276 1761
286 180
302 1788
310 93
317 585
322 917
325 451
328 1213
338 44
346 29
352 1343
356 1109
375 525
377 125
381 375
389 1081
391 1217
416 658
417 1253
420 5
435 920
436 495
441 445
461 508
471 382
475 1023
480 1634
493 552
495 1428
499 504
504 146
514 1452
523 906
524 1331
533 1034
535 575
541 1212
552 1297
553 1231
554 332
564 816
569 1706
588 722
592 1001
602 1
622 253
623 1340
628 1464
636 141
652 1120
674 453
676 1368
678 355
684 1443
686 1591
696 1219
705 1506
713 1355
716 285
728 408
749 22
750 1056
751 132
760 1775
786 677
799 214
829 440
835 953
844 616
858 479
859 1158
892 1597
898 376
906 10
910 1104
929 900
932 981
936 1174
940 926
953 118
963 914
986 925
987 323
991 984
994 289
997 935
999 1181
1000 33
1031 477
1039 805
1043 646
1045 595
1077 630
1079 112
1080 969
1106 448
1113 361
1122 1525
1140 85
1147 86
1148 63
1153 131
1162 938
1168 667
1181 822
1195 26
1245 1468
1248 901
1257 1069
1263 1749
1267 1419
1272 546
1287 107
1295 70
1304 1647
1352 913
1363 1658
1365 51
1370 392
1387 641
1401 122
1402 461
1452 135
1474 473
1482 212
1490 778
1501 415
1536 851
1537 1850
1545 885
1548 155
1552 1049
1577 1268
1584 880
1597 1690
1600 532
1604 1295
1616 866
1617 1051
1618 77
1619 1256
1626 123
1650 756
1668 496
1687 527
1696 961
1717 713
1721 179
1735 709
1740 121
1754 874
1760 1461
1771 1369
1814 1420
1826 98
1831 12
1835 186
1858 1190
1876 274
1887 1339
1958 89
1962 380
1967 1905
2001 609
2009 1063
2025 251
2033 1386
2049 967
2066 1065
2069 757
2072 535
2078 1118
2083 696
2086 764
2089 1121
2093 1835
2121 260
2126 1617
2134 987
2148 150
2163 1769
2166 1216
2172 1188
2181 729
2186 1400
2191 1622
2192 119
2193 876
2200 1748
2201 811
2255 615
2307 1038
2315 1086
2319 399
2332 986
2336 579
2344 1088
2345 650
2355 388
2378 458
2398 965
2400 526
2420 823
2424 637
2434 1292
2440 887
2444 384
2492 1191
2500 124
2517 1385
2528 177
2551 910
2582 642
2599 249
2607 113
2622 1091
2625 485
2639 144
2698 1282
2708 1347
2712 1075
2727 3
2731 230
2734 217
2774 799
2776 199
2780 39
2800 980
2827 782
2835 974
2886 30
2915 1128
2918 652
2923 1427
2925 50
2938 1306
2944 766
2946 560
2948 292
2955 2
2959 572
2965 134
2969 903
2987 145
