f_0082924.png f_0082868.png
0 622
2 259
8 156
20 2947
29 2399
39 1365
48 1299
51 749
57 197
61 926
63 2080
64 740
73 131
75 703
82 85
89 2303
93 2939
99 126
101 484
110 2704
116 1307
124 1626
125 1287
127 325
133 2077
138 74
148 2070
150 1231
154 1079
160 1980
164 2148
167 1709
174 1573
177 1452
180 1921
202 179
211 774
212 1207
213 2500
214 2470
220 447
221 1993
223 1439
226 2547
229 1706
231 2238
251 2007
273 2942
281 2444
303 2318
311 728
313 2654
318 581
329 34
335 211
344 647
364 439
365 1482
376 53
377 2638
379 1585
381 2734
382 1578
387 679
391 2968
395 856
398 176
399 2002
401 461
403 127
413 1875
414 2295
417 29
423 1769
429 1031
432 1474
435 1275
438 2971
445 1369
467 571
472 2298
473 109
477 1113
480 994
481 1120
482 2701
484 2067
489 319
497 2124
510 89
512 423
531 87
532 554
536 471
551 2203
552 2744
561 765
564 1739
565 898
568 58
570 599
573 2709
581 2024
583 2463
591 766
593 669
594 2054
597 2255
599 1237
609 1698
610 2038
611 1517
612 155
615 335
616 2610
617 843
621 49
634 2827
636 2357
638 408
639 2482
644 380
649 416
657 16
658 709
662 1907
664 2624
666 1490
667 817
670 752
674 532
677 2296
691 240
706 769
710 2229
711 1424
722 2280
730 1717
737 588
738 173
741 2815
748 777
751 1808
754 436
763 2407
769 2582
770 2880
771 2589
777 844
778 2131
783 604
785 1017
786 2692
789 689
792 2326
803 392
807 712
808 1758
816 2105
817 564
820 880
821 37
826 1972
837 2480
840 1371
849 2959
854 710
868 316
881 2541
882 693
886 2806
887 1309
889 1049
896 1659
903 1746
905 2771
909 1640
911 1961
916 825
926 1601
928 2458
930 2960
936 538
940 2402
947 1762
951 758
953 162
954 631
955 55
959 2299
960 345
961 2013
967 640
973 1719
976 2063
978 78
981 159
986 2859
987 2565
989 779
994 1386
995 1352
1001 1616
1002 762
1004 1862
1007 1650
1026 991
1031 1606
1038 1536
1041 1315
1042 2522
1043 714
1056 2300
1068 1244
1071 144
1072 1048
1073 2165
1074 2195
1083 1416
1084 10
1087 1270
1096 1483
1102 2662
1107 199
1112 182
1120 2491
1122 1683
1126 289
1127 2558
1134 2551
1136 918
1148 1530
1155 539
1158 1306
1159 682
1164 2530
1166 334
1180 2695
1181 2835
1182 1635
1185 533
1192 1863
1194 1849
1199 1545
1200 726
1202 4
1203 1162
1210 1213
1214 1172
1215 2031
1219 132
1228 469
1229 125
1230 1280
1236 734
1241 42
1244 878
1247 1322
1248 1525
1252 2194
1253 2969
1262 1040
1267 872
1270 322
1272 673
1274 1992
1276 464
1291 2728
1303 1250
1304 1822
1308 435
1318 1696
1324 349
1325 2049
1326 1815
1329 2765
1340 350
1350 781
1355 1012
1360 865
1363 1900
1373 1927
1375 488
1382 984
1387 389
1389 2777
1390 2417
1404 946
1405 1080
1412 2066
1419 2915
1435 750
1438 1617
1442 595
1452 859
1453 475
1464 2974
1467 1349
1470 2020
1471 1615
1472 1442
1480 662
1482 1489
1485 626
1486 2120
1508 667
1516 910
1523 2166
1524 1350
1527 1019
1531 356
1532 609
1533 1130
1537 1420
1541 2137
1547 1546
1560 2344
1572 1828
1577 652
1581 2516
1585 1784
1593 1218
1595 753
1601 1203
1624 936
1625 937
1629 1619
1647 2475
1656 2497
1664 2580
1667 2361
1670 417
1679 2180
1682 2883
1683 684
1693 955
1702 1807
1703 95
1708 1418
1717 2796
1724 9
1735 892
1741 107
1747 1265
1751 2763
1756 1209
1758 713
1775 183
1801 414
1805 787
1812 939
1819 654
1821 295
1826 270
1831 1415
1832 1022
1840 290
1860 376
1871 52
1876 1794
1879 1572
1890 171
1895 1398
1903 1478
1904 1882
1909 2604
1923 1811
1927 1236
1928 686
1966 1874
1976 1916
1977 746
1999 550
2032 2095
2039 920
2040 1597
2054 596
2062 312
2069 2564
2078 2200
2085 106
2092 1566
2093 888
2095 1109
2096 1443
2097 2391
2099 2862
2128 14
2140 91
2152 1679
2159 1979
2180 1633
2197 466
2203 614
2220 2191
2246 2375
2253 2218
2266 1557
2289 1376
2295 2042
2332 857
2335 1592
2336 1263
2338 221
2369 2855
2385 1028
2390 252
2405 2471
2426 2232
2452 2246
2458 1964
2532 1952
2548 1988
2565 152
2576 1776
2592 2346
2645 347
2651 2567
2668 2775
2678 181
2691 650
