f_0082558.png f_0082518.png
5 678
9 156
15 899
40 993
49 143
58 888
73 599
82 986
97 212
102 615
106 647
120 136
138 758
142 1037
146 104
154 262
156 643
158 587
166 996
169 852
176 322
204 1121
205 296
218 203
227 365
231 201
235 732
240 795
245 1268
247 471
265 237
267 511
289 1219
301 872
310 314
319 756
340 616
349 922
354 310
374 1032
375 985
429 709
437 1039
438 614
453 382
493 737
495 1190
497 407
508 573
509 230
522 1230
534 766
538 1025
560 631
561 194
568 534
584 630
589 376
596 983
597 415
599 915
603 671
607 618
614 249
617 539
640 284
652 1210
654 658
658 462
659 220
667 760
671 341
701 970
712 185
715 515
730 364
780 261
807 785
815 309
818 434
853 147
859 563
861 757
883 557
893 497
895 292
910 687
911 759
923 227
925 639
927 259
939 946
944 580
946 1068
961 1253
966 297
972 349
1003 394
1037 696
1041 1061
1053 1257
1057 329
1074 228
1078 551
1081 327
1088 418
1104 971
1111 472
1120 744
1135 966
1177 654
1178 928
1192 714
1200 796
1256 623
1262 510
1280 548
1284 684
1298 325
1307 689
1312 1014
1323 290
1326 850
1333 465
1345 596
1346 1069
1352 1097
1353 886
1356 958
1364 61
1381 632
1383 412
1409 1133
1411 729
1418 527
1445 1060
1478 316
1490 655
1493 350
1500 943
1514 579
1525 834
1542 781
1547 128
1590 836
1602 884
1626 636
1630 906
1634 426
1638 787
1671 304
1676 243
1703 392
1708 260
1720 810
1725 746
1735 124
1738 1004
1762 1148
1781 336
1782 863
1785 673
1799 439
1839 620
1842 627
1849 736
1876 1115
1877 286
1883 804
1892 181
1894 882
1909 910
1913 1036
1938 1108
1945 1245
1955 699
1957 611
1980 254
1982 660
2007 416
2010 1233
2014 747
2034 562
2037 396
2041 601
2044 900
2055 417
2060 1264
2062 1132
2065 405
2090 821
2116 1224
2125 373
2128 691
2131 403
2146 981
2160 957
2162 903
2224 266
2243 1258
2246 897
2250 144
2315 509
2325 186
2354 890
2356 406
2360 1216
2368 541
2373 798
2378 399
2382 480
2390 513
2405 1096
2406 118
2409 427
2411 948
2419 840
2430 1028
2441 812
2454 771
2463 773
2470 969
2492 438
2495 570
2520 352
2527 1213
2543 500
2548 690
2572 964
2585 724
2611 379
2616 674
2628 907
2630 413
2632 170
2635 488
2642 433
2681 127
2682 1124
2690 708
2699 280
2702 1189
2720 404
2734 355
2759 1003
2781 693
2787 346
2793 221
2803 422
2804 164
2822 1136
2826 397
2835 159
2844 318
2845 656
2853 861
2883 80
2892 1007
2893 934
2915 553
2921 452
2932 133
2955 490
2957 1138
2967 893
2971 832
2975 492
