f_0082886.png f_0082926.png
69 215
78 246
113 220
122 45
169 40
183 112
187 193
189 59
196 53
203 92
208 16
215 153
243 145
248 240
252 41
262 173
269 334
279 353
284 348
297 344
301 384
306 779
315 233
325 390
332 435
335 477
347 480
353 397
355 441
365 493
368 456
377 517
381 759
390 556
396 540
398 603
399 581
413 595
414 647
416 620
422 644
445 706
459 795
464 733
468 562
471 817
473 812
474 819
480 787
481 772
489 720
493 823
498 810
499 803
504 800
512 838
531 789
542 815
547 793
549 884
550 898
552 916
561 913
590 1011
592 1034
593 953
598 873
607 1019
609 1078
611 986
632 1179
649 971
665 1213
691 1110
692 1220
693 1201
703 1217
708 1244
709 1326
716 1214
726 1351
729 1268
730 1359
743 1383
751 1410
753 1416
759 1354
763 1346
767 1198
768 1366
772 1385
773 1437
783 1469
786 1399
791 1319
802 1371
803 1472
814 1449
816 1405
817 1457
819 1491
827 1358
831 1456
832 1447
841 1567
844 1373
854 1568
856 1489
870 1503
877 1541
878 1588
882 1594
905 1598
906 1519
913 1665
916 1601
918 1610
919 1670
924 1587
929 1579
930 1641
937 1648
943 1820
944 1604
960 1689
961 1690
966 1807
973 1658
977 1672
986 1757
991 1799
995 1755
997 1812
999 1701
1017 1787
1039 1983
1044 1857
1045 1847
1052 1899
1055 1865
1060 1874
1062 1900
1064 1909
1067 1923
1082 1931
1096 1948
1101 2007
1116 1925
1119 1949
1127 1992
1140 1974
1153 2197
1158 1960
1159 2077
1171 2215
1190 2017
1213 2109
1288 2247
1307 2282
1311 2313
1342 2386
1367 2458
1368 2421
1371 2474
1375 2424
1382 2732
1389 2460
1404 2496
1407 2493
1430 2581
1445 2660
1460 2675
1467 2673
1499 2720
1507 2749
1511 2754
1512 2744
1514 2745
1523 2792
1525 2768
1532 2789
1534 2782
1551 2795
1625 2796
