f_0082452.png f_0082918.png
61 1977
132 2412
152 1048
176 1409
204 2254
242 2863
264 982
265 957
283 1724
288 30
318 2015
351 1381
380 289
387 2560
391 840
394 597
396 353
399 775
409 214
513 1507
515 2371
546 2917
556 2713
557 1018
559 1723
575 2248
580 1096
583 2616
589 346
618 1109
641 468
643 699
645 791
664 974
682 2533
698 906
717 2638
730 1930
731 600
735 1630
738 2224
749 1721
750 1711
777 1320
785 776
797 2080
810 1200
812 309
849 2408
850 2438
854 1974
855 454
882 778
884 554
898 1295
917 2997
924 1496
926 2964
932 2271
934 2048
945 1660
966 2593
987 1856
992 1160
1017 2463
1020 1372
1041 137
1079 407
1093 1041
1098 2174
1122 1854
1123 2330
1130 2298
1189 2783
1199 1963
1203 2659
1218 535
1219 1285
1226 1301
1251 2592
1265 2443
1271 1429
1276 549
1316 904
1331 2601
1335 2390
1336 944
1337 1262
1350 2929
1353 2747
1356 1746
1359 1533
1368 1549
1387 1998
1392 1692
1395 516
1431 2857
1444 41
1452 1576
1503 2781
1511 2060
1518 1785
1526 2511
1543 1063
1551 350
1578 1135
1597 1525
1600 2085
1602 2457
1650 134
