f_0082558.png f_0082882.png
5 509
116 614
132 532
149 597
151 263
155 516
163 294
164 134
174 156
240 585
249 429
313 303
379 636
449 317
494 523
500 640
550 207
627 506
695 711
750 685
751 472
754 428
774 627
849 733
864 337
865 276
868 315
869 311
937 772
956 616
990 719
1055 299
1141 941
1160 775
1268 362
1370 413
1394 834
1532 390
1610 195
1649 766
1666 573
1677 476
1777 378
1796 300
1824 872
1869 507
1942 542
1957 456
1985 284
2020 722
2030 559
2064 568
2096 649
2123 217
2269 527
2322 528
2325 254
2371 582
2373 602
2375 819
2380 603
2390 326
2415 579
2422 583
2479 135
2494 342
2497 105
2518 655
2557 210
2578 489
2583 841
2585 656
2616 518
2632 258
2760 835
2819 762
2857 552
2875 885
2941 757
2969 264
2989 596
