f_0082946.png f_0082876.png
2 336
10 47
27 29
28 375
34 306
39 124
40 22
68 266
76 125
80 402
101 152
104 102
109 95
117 91
124 204
129 230
142 253
143 254
146 81
150 179
159 115
163 198
170 273
178 211
180 105
183 106
194 169
198 261
203 365
212 187
215 422
219 291
225 232
240 274
251 285
252 256
262 389
263 263
264 173
267 448
268 406
271 444
278 257
281 295
285 371
288 343
289 269
291 201
304 202
305 354
311 445
325 213
330 288
341 494
344 238
347 429
368 550
375 344
379 209
382 514
387 404
391 495
399 377
401 248
406 515
413 321
434 505
443 683
453 384
456 471
473 611
474 540
476 480
479 303
485 358
498 658
503 433
504 359
510 576
512 737
522 487
523 380
524 715
525 638
530 463
536 464
542 446
546 724
548 519
556 423
558 340
604 776
605 646
618 442
619 431
625 428
642 537
643 474
648 669
655 613
659 490
661 465
685 743
687 880
689 517
693 483
696 594
703 452
708 496
712 679
713 601
714 508
723 680
730 681
737 511
738 484
740 830
742 554
745 674
748 501
753 832
759 675
760 685
764 859
766 509
770 466
777 698
778 627
779 596
783 497
791 565
792 920
794 824
795 546
801 690
809 608
819 948
820 806
822 572
832 711
837 617
847 729
857 928
859 667
861 670
871 639
881 965
883 800
889 756
893 755
901 955
902 652
909 761
913 860
920 779
927 745
928 692
931 717
963 763
964 739
978 714
987 1039
991 1013
992 917
999 988
1004 924
1006 840
1008 1006
1016 1007
1018 979
1027 1151
1034 741
1038 993
1040 1073
1041 969
1042 852
1046 857
1052 935
1066 870
1067 807
1072 1137
1079 902
1080 828
1092 944
1097 850
1105 817
1111 866
1115 907
1116 890
1118 829
1125 770
1140 952
1149 1168
1151 973
1161 1054
1165 936
1173 1022
1181 931
1199 990
1209 971
1210 962
1217 867
1219 1120
1220 1077
1221 1048
1226 1187
1228 884
1233 1023
1237 1028
1252 978
1257 1049
1259 1027
1264 1079
1280 874
1289 1165
1295 1130
1302 1036
1315 980
1333 996
1340 1082
1356 1198
1360 957
1365 1139
1368 1142
1371 1037
1395 1065
1399 1099
1402 1271
1413 1163
1421 1275
1429 1057
1445 1177
1480 1072
1482 1199
1488 1161
1497 1204
1521 1422
1529 1191
1534 1178
1535 1237
1540 1214
1551 1211
1563 1115
1572 1331
1573 1229
1576 1155
1577 1241
1579 1226
1589 1245
1593 1248
1596 1390
1597 1279
1609 1372
1620 1254
1621 1234
1641 1285
1647 1268
1693 1321
1704 1230
1706 1414
1708 1399
1713 1303
1714 1397
1717 1491
1721 1376
1728 1482
1730 1453
1736 1480
1758 1255
1760 1454
1762 1270
1814 1476
1838 1348
1847 1349
1855 1334
1856 1335
1876 1339
1889 1478
1896 1536
1907 1576
1954 1385
1966 1564
1987 1499
1993 1403
2000 1494
2001 1452
2020 1418
2024 1439
2046 1589
2084 1611
2108 1597
2123 1469
2137 1656
2144 1607
2154 1489
2164 1486
2169 1546
2175 1574
2184 1676
2192 1503
2209 1518
2216 1624
2255 1527
2256 1511
2285 1560
2288 1640
2335 1641
2336 1634
2351 1715
2374 1672
