f_0082724.png f_0082886.png
5 284
49 269
113 345
129 166
157 223
184 828
217 554
225 697
229 95
255 730
270 754
337 842
348 561
353 622
394 607
402 947
406 643
414 497
421 616
426 549
429 981
442 493
470 329
481 254
482 315
524 658
527 823
569 390
589 353
591 1002
594 483
605 368
608 966
609 988
626 987
644 998
667 444
695 324
698 808
703 747
714 878
716 974
719 1029
732 848
735 759
756 831
763 1154
771 1005
774 1296
830 954
847 905
871 870
883 1062
888 1052
895 1099
915 986
945 1191
951 972
955 971
957 1061
970 1079
973 598
975 1435
977 793
994 1283
1000 1235
1014 1136
1033 1134
1042 850
1075 977
1076 1127
1078 1032
1087 1632
1102 1026
1106 1258
1118 1016
1128 1514
1146 1213
1167 1519
1198 761
1204 1229
1208 958
1244 1749
1256 1549
1258 1247
1262 1494
1267 1221
1272 1696
1300 1262
1333 1456
1372 1268
1380 1445
1391 1353
1400 1455
1414 1276
1441 1628
1468 1504
1484 1304
1523 1253
1526 1621
1535 1752
1543 1724
1569 1536
1580 1425
1616 1419
1666 1404
1680 1501
1690 1380
1718 1511
1736 1580
1763 1613
1850 1699
1857 1742
