f_0082492.png f_0082876.png
47 124
58 166
112 150
122 200
125 198
126 211
131 178
140 185
145 177
155 167
168 204
169 257
178 203
192 288
199 193
212 302
220 296
227 295
233 225
234 275
260 234
280 252
282 299
285 324
288 284
306 294
309 291
340 313
350 344
356 348
403 342
407 353
408 334
409 343
418 266
422 397
497 419
524 371
546 410
552 405
575 426
602 455
662 527
674 366
685 487
689 500
692 429
699 507
702 543
710 472
724 398
725 415
729 395
780 603
795 602
818 468
838 505
869 626
909 559
943 575
1006 699
1037 685
1058 684
1074 669
1094 622
1096 708
1132 713
1191 634
1195 761
1224 819
1243 840
1297 687
1298 767
1327 818
1328 810
1342 822
1367 907
1404 871
1436 905
1445 952
1486 946
1497 974
1541 1027
1584 1028
1632 1058
1633 1059
1636 1070
1699 1047
1702 1092
1726 1168
1728 1089
1746 1111
1780 1139
1800 1146
1815 1158
1847 1193
1878 1153
1888 1199
1895 1241
1903 1228
1910 1237
1973 1286
2072 1329
2093 1278
2100 1353
2190 1424
2208 1376
2248 1441
2363 1487
