f_0082928.png f_0082518.png
37 61
103 208
191 143
192 157
206 151
218 81
230 161
240 473
257 189
266 160
311 226
409 109
459 261
489 391
513 367
518 255
534 352
537 395
593 570
616 284
632 500
633 501
676 170
708 682
766 781
767 497
809 565
813 804
825 824
837 690
910 547
952 563
1020 614
1087 620
1107 759
1112 647
1149 671
1150 748
1212 696
1253 948
1265 788
1266 797
1277 1073
1299 710
1308 808
1324 901
1334 799
1353 819
1431 796
1443 729
1466 879
1483 884
1500 954
1517 893
1523 880
1575 936
1592 971
1597 890
1634 1010
1734 970
1737 975
1852 1134
2019 1168
