f_0082492.png f_0082670.png
103 14
126 18
127 22
138 1
145 2
162 57
163 12
168 3
173 21
176 76
178 17
206 94
208 54
227 113
228 43
229 85
232 40
253 74
254 78
255 84
256 135
258 63
260 80
269 155
274 148
281 88
301 62
306 139
314 53
316 167
318 111
320 180
324 126
334 105
343 205
349 144
350 193
355 190
359 138
369 159
381 217
386 174
398 240
399 241
403 208
405 164
406 165
414 181
415 171
416 211
419 163
421 262
427 220
429 160
433 178
437 246
438 257
442 184
445 239
446 275
450 210
453 300
460 189
468 289
483 198
492 230
493 299
505 273
506 283
524 260
526 280
531 213
534 244
550 243
562 259
565 236
567 363
572 278
582 392
586 310
588 293
597 371
598 362
605 277
606 286
619 279
621 285
622 292
632 296
633 282
635 354
643 265
647 302
655 309
656 361
657 424
669 315
674 317
675 324
676 346
678 419
679 428
685 398
702 426
703 435
710 385
715 344
724 348
734 413
740 358
749 409
761 370
762 378
770 384
775 475
780 468
809 510
817 401
825 394
841 502
844 539
849 412
856 518
877 425
881 467
890 403
897 432
905 434
909 442
928 470
929 522
945 629
953 473
954 593
957 478
959 417
960 463
962 604
973 562
979 621
982 488
983 441
987 477
989 487
995 482
1019 508
1020 535
1057 500
1062 655
1065 532
1075 643
1076 681
1084 676
1093 534
1094 550
1096 548
1098 669
1099 691
1105 675
1115 543
1123 538
1134 700
1135 568
1145 684
1149 529
1150 560
1167 585
1169 668
1177 602
1187 732
1191 615
1193 609
1198 723
1206 619
1215 745
1217 559
1222 577
1228 634
1231 726
1232 597
1236 584
1238 633
1247 698
1249 758
1250 774
1254 738
1269 750
1274 654
1285 657
1287 674
1288 785
1292 640
1297 658
1310 639
1316 646
1330 789
1341 673
1350 697
1352 813
1358 693
1363 656
1367 788
1375 831
1387 830
1393 859
1400 754
1415 729
1427 783
1432 747
1433 823
1462 868
1475 753
1479 771
1480 811
1485 800
1502 786
1516 899
1517 912
1525 925
1528 932
1546 940
1565 936
1575 935
1583 924
1592 895
1596 971
1600 972
1607 851
1611 887
1612 793
1613 955
1614 775
1615 870
1626 998
1630 911
1632 961
1643 1012
1679 987
1685 933
1691 848
1692 910
1694 1033
1697 951
1700 1054
1701 1057
1711 1052
1728 994
1738 1036
1740 997
1744 965
1745 1051
1746 1056
1747 1088
1762 1009
1763 1010
1765 898
1766 1105
1777 944
1780 1108
1781 1071
1784 1065
1800 1100
1815 1120
1829 1121
1830 1097
1838 979
1839 1008
1845 984
1847 1148
1850 968
1856 1040
1867 1177
1868 1168
1875 1060
1878 1073
1879 1147
1882 1182
1888 1174
1895 1197
1910 1180
1916 1095
1930 1198
1937 1166
1942 1077
1948 1187
1970 1152
1988 1103
2008 1249
2021 1253
2023 1262
2050 1217
2059 1287
2075 1312
2077 1193
2147 1227
2153 1368
2164 1205
2165 1207
2186 1199
2187 1295
2188 1355
2216 1311
2296 1285
2370 1402
