f_0082412.png f_0082942.png
19 64
367 350
381 231
477 210
619 246
637 423
701 326
715 33
718 784
748 615
781 333
840 737
911 407
920 302
951 618
1001 805
1010 1023
1080 698
1097 538
1115 1179
1131 186
1133 876
1172 174
1187 776
1225 1188
1272 294
1276 874
1294 900
1298 982
1327 1117
1341 675
1366 1233
1393 696
1443 1176
1465 774
1476 1308
1482 1371
1501 823
1502 1400
1565 873
1585 1441
1593 918
1596 1392
1613 911
1657 773
1665 1317
1704 942
1761 1051
1778 893
1787 1357
1830 1464
1840 1404
1867 1161
1870 947
1894 1551
1929 1649
1933 1224
1974 1561
2008 1538
2009 1780
2028 1331
2036 1579
2063 1854
2089 1813
2126 1886
2134 1625
2178 1907
2184 1908
2201 1769
2202 1919
2228 1948
2238 1574
2298 1519
2312 1684
2348 2048
2389 2167
