f_0082642.png f_0082918.png
10 353
25 2647
26 405
28 899
90 673
119 1103
151 2917
190 817
192 508
193 169
197 1036
201 2914
202 1287
203 1090
230 617
236 744
255 2293
270 1383
300 2533
313 1782
331 2612
345 1380
354 1820
361 1930
389 1711
400 2035
414 776
421 2101
432 838
455 25
487 1840
490 2041
495 980
513 454
598 2212
604 2854
607 1496
635 407
648 2626
655 266
666 1660
672 1655
705 1874
711 521
751 1227
766 2817
776 2463
789 705
803 223
806 1646
824 2998
831 1854
843 629
864 2775
881 1394
937 939
961 1324
982 2935
997 704
1012 310
1027 264
1067 2592
1144 1209
1199 1178
1220 1551
1222 2781
1264 1226
1286 1283
1303 1169
1328 2021
1376 885
1413 1389
1435 2201
1483 1486
1514 2558
1526 1978
1527 1163
1583 1895
1626 2909
1631 786
1639 311
1670 960
1696 2090
1740 49
1759 186
1785 2411
1813 2339
1825 870
2063 2493
2069 2667
2097 141
2129 2605
