f_0082946.png f_0082518.png
30 159
46 42
121 54
176 7
192 62
196 372
232 163
278 34
280 105
340 152
343 184
360 191
374 112
397 216
398 166
420 189
451 143
458 151
528 255
609 254
611 187
624 228
628 491
636 196
682 263
713 314
734 429
740 712
762 334
778 316
801 416
817 655
818 408
821 590
825 409
847 426
851 433
884 554
893 510
908 547
936 535
950 585
957 635
968 392
1001 910
1018 806
1054 754
1057 956
1066 563
1095 564
1130 798
1210 620
1214 973
1221 815
1267 1017
1302 719
1306 812
1351 1156
1386 675
1420 1288
1423 744
1478 836
1493 898
1501 763
1541 889
1550 1029
1553 860
1561 933
1569 950
1577 929
1633 1283
1650 1049
1737 1137
1778 1145
1854 1166
1869 1247
1874 1178
2097 1233
2120 1239
