f_0082926.png f_0082912.png
36 2330
46 2641
70 1459
83 2571
95 262
100 1
112 870
117 118
127 558
131 1832
147 672
169 2292
180 440
182 412
189 2270
193 232
199 1122
207 1563
211 2209
215 2399
218 310
220 27
228 701
230 2695
235 2125
236 1454
239 284
248 2124
254 506
267 935
272 2100
276 624
277 1421
289 2822
295 1661
296 1273
297 1819
299 1815
303 253
309 2710
310 2736
319 60
321 1595
323 1025
325 2605
328 1132
337 2205
338 2001
339 1216
349 299
354 2470
360 115
361 1805
368 1477
373 2170
375 2721
383 1984
386 2854
392 1930
405 713
408 844
418 146
422 292
430 1395
434 90
438 404
443 2261
449 1521
450 595
467 1185
471 4
479 1038
489 1926
490 461
499 2811
507 1592
508 1406
509 8
510 2351
518 50
519 1974
520 1854
522 2097
546 2860
548 1635
555 76
565 1900
567 1608
576 2990
584 757
588 1515
596 23
597 2219
606 1189
610 1502
618 168
627 121
628 1622
633 2278
647 21
648 1888
658 65
659 1203
676 43
694 2120
695 1130
696 2546
707 2164
708 46
709 2963
718 231
720 2581
732 1883
744 208
772 2344
774 1046
790 1771
794 1536
795 1094
800 1806
803 900
817 411
819 19
822 903
823 960
827 2746
832 2617
839 30
856 1835
857 2988
859 776
871 1351
879 371
884 1033
899 993
900 2208
903 2461
918 1996
919 2200
922 1871
933 1051
938 2264
940 2723
943 2690
952 2735
954 2502
973 1168
975 1687
976 2611
986 716
987 1405
996 2659
1006 1616
1010 1511
1023 47
1035 264
1044 1254
1048 2128
1049 1697
1053 1001
1068 2719
1077 1598
1080 1219
1084 785
1085 214
1086 1698
1088 1628
1097 1389
1125 1476
1126 897
1139 1533
1144 344
1151 933
1157 1715
1161 1870
1176 2879
1182 2159
1183 2286
1188 2946
1195 1912
1199 743
1203 2541
1216 1179
1217 2651
1220 2029
1224 338
1236 2281
1244 814
1245 2203
1247 55
1252 219
1295 2959
1314 2072
1315 2913
1319 1712
1332 1159
1337 223
1340 1619
1345 1790
1353 614
1355 1396
1359 890
1366 2806
1371 1230
1377 1183
1382 560
1383 2784
1384 531
1388 1609
1391 616
1395 415
1402 2224
1408 801
1416 2706
1422 1812
1426 932
1435 2940
1437 1751
1439 656
1443 374
1451 1955
1453 1893
1459 1594
1460 923
1462 1797
1464 2323
1466 662
1477 2949
1484 2591
1485 1059
1486 1588
1491 2277
1496 556
1499 2770
1502 1889
1519 1105
1523 2974
1525 2490
1530 2867
1535 1164
1542 2685
1546 2964
1551 647
1552 683
1554 1324
1558 1494
1559 625
1560 910
1566 670
1569 1063
1570 2639
1577 880
1581 2041
1595 1649
1596 2454
1599 1350
1608 1292
1611 2828
1628 1398
1630 1636
1659 1967
1680 2791
1681 498
1691 2889
1714 825
1715 606
1716 2958
1725 2127
1726 2313
1733 2756
1743 2872
1748 1884
1750 2338
1757 2657
1758 347
1761 125
1765 2549
1768 1794
1769 2881
1770 1088
1778 2288
1779 1074
1780 1369
1791 2017
1803 216
1811 848
1814 871
1815 2492
1830 2728
1831 1999
1839 1054
1846 1605
1848 2809
1851 454
1856 2068
1867 994
1875 2014
1885 2680
1888 1516
1890 272
1892 603
1899 445
1902 1466
1918 1746
1922 2505
1927 1007
1929 2917
1938 2233
1951 2459
1953 1786
1958 388
1965 466
1968 1101
1970 1314
1973 403
1976 622
1983 2092
1984 1775
1992 1658
1996 802
2009 1621
2013 2404
2015 2558
2020 1802
2021 2089
2024 2056
2025 407
2029 1909
2030 2650
2033 170
2034 2028
2036 557
2039 1280
2040 2910
2041 1191
2043 2661
2046 2742
2047 2357
2049 2229
2053 2412
2058 2336
2075 568
2082 1514
2085 2645
2086 2181
2092 1957
2094 1354
2100 391
2102 2221
2110 1157
2111 1798
2115 98
2125 607
2128 725
2138 268
2148 2342
2153 1248
2156 1578
2157 10
2161 2325
2164 73
2167 1076
2170 114
2185 2279
2191 1360
2194 71
2195 224
2198 1390
2200 1095
2207 1651
2209 36
2212 2447
2218 896
2231 1721
2234 1727
2240 1065
2249 979
2258 1258
2259 1199
2264 2058
2267 580
2280 1142
2291 2927
2299 335
2302 860
2303 256
2307 448
2315 150
2317 821
2321 2787
2324 1632
2328 1116
2341 2691
2346 755
2349 1200
2350 2108
2359 2380
2370 169
2371 1035
2374 588
2383 1789
2386 1601
2390 2699
2395 1920
2400 2237
2407 26
2411 1133
2412 966
2413 2463
2415 278
2416 1760
2419 2367
2423 1989
2425 167
2427 1120
2428 54
2433 1965
2437 239
2438 864
2444 2741
2447 2409
2448 1960
2458 2085
2466 2908
2469 154
2477 1942
2486 2774
2489 2481
2490 2865
2491 2425
2500 379
2501 2556
2506 2172
2508 1978
2516 2864
2517 84
2519 2424
2521 2727
2531 902
2545 2644
2547 2257
2550 318
2562 237
2564 1580
2565 28
2574 975
2575 32
2578 2697
2580 669
2581 101
2596 189
2597 2542
2601 151
2610 1410
2614 326
2615 508
2619 2389
2627 1134
2629 1270
2633 496
2635 1239
2639 2951
2640 1075
2647 2923
2649 2236
2650 965
2651 2252
2653 1944
2654 2798
2659 1409
2671 2829
2673 2487
2677 2694
2680 1173
2684 1188
2707 2709
2730 1294
2735 314
2738 1783
2740 1086
2749 881
2754 86
2773 2130
2779 1761
2791 1904
2792 888
2797 111
