f_0082452.png f_0082724.png
164 113
283 168
396 311
526 354
596 393
649 357
674 376
694 442
700 528
705 406
706 115
713 426
719 139
728 543
731 515
732 421
742 377
809 472
854 465
867 604
874 524
888 493
894 512
904 529
907 586
917 630
990 614
1025 670
1050 752
1067 642
1089 663
1116 699
1117 597
1120 713
1147 756
1153 736
1177 746
1198 761
1218 954
1276 830
1285 878
1306 848
1325 849
1336 798
1337 805
1351 880
1404 949
1416 1050
1423 1105
1460 1169
1474 982
1489 962
1502 967
1504 991
1506 1185
1520 1012
1529 1051
1531 1253
1538 1021
1551 1076
1558 1281
1578 1159
1580 1168
1591 1357
1595 1274
1604 1313
1605 1150
1650 1189
