f_0082642.png f_0082776.png
4 4
20 152
66 24
67 6
96 229
103 81
108 143
166 306
194 350
212 147
226 260
232 154
253 398
262 380
268 279
269 280
278 278
281 382
288 171
321 232
343 438
388 500
404 510
405 358
425 403
469 219
486 238
517 497
528 407
551 514
569 283
573 282
578 714
592 551
607 440
619 406
638 548
647 534
658 462
668 736
683 588
684 606
706 562
732 746
750 609
751 614
818 533
821 831
888 385
889 435
890 454
896 827
911 795
933 602
949 832
1008 730
1012 872
1050 888
1059 589
1149 836
1162 820
1172 800
1258 1117
1298 911
1383 792
1396 785
1405 784
1418 903
1447 861
1455 865
1472 878
1484 1256
1490 1039
1492 967
1509 1067
1565 963
1587 980
1589 1103
1592 943
1602 722
1611 1006
1636 1045
1722 1120
1737 1100
1748 1044
1751 1143
1791 1146
1809 1131
1843 1222
1844 1308
1865 1289
1871 1193
1896 1153
1906 1328
1939 1182
1945 1286
1999 1098
2041 1275
2107 1467
2165 1439
