f_0082912.png f_0082928.png
4 412
8 447
9 486
16 2218
19 714
23 490
24 1933
27 201
30 758
34 992
37 1891
49 664
50 461
52 2248
55 1072
58 585
60 280
73 1946
76 482
86 2462
121 507
138 2038
140 1845
146 380
152 2135
162 1959
166 1827
169 2129
170 1803
176 2461
186 1704
194 1721
195 1185
197 1740
200 2390
219 1068
224 1970
242 37
245 2063
262 111
264 866
282 938
287 2421
297 778
360 800
371 782
372 2439
379 2294
385 877
392 2163
409 2064
411 711
419 712
436 1118
445 1695
448 2045
458 2299
466 1800
470 1950
478 2112
493 15
505 1302
515 2434
519 509
525 2130
542 2377
546 1854
560 1237
565 2176
592 548
625 1431
648 2067
656 1099
657 605
700 710
733 8
752 1045
753 569
756 1189
757 491
768 812
774 275
788 520
793 2420
798 1525
799 237
813 184
849 1693
855 803
865 2340
871 1610
873 1652
880 1404
882 444
885 1360
890 1201
891 181
896 2003
918 1321
948 415
960 709
989 827
993 791
999 175
1010 2407
1017 1149
1050 1656
1054 1677
1074 1622
1076 1992
1079 2055
1094 713
1113 1005
1114 657
1115 1960
1134 2388
1147 1623
1158 1972
1162 1014
1178 1202
1185 395
1200 2077
1218 2453
1226 1557
1228 1655
1253 2319
1257 303
1273 286
1285 1052
1288 1975
1303 1765
1304 1474
1322 1419
1339 560
1353 1953
1359 2437
1368 693
1375 242
1388 2028
1395 396
1405 930
1423 1894
1426 1885
1427 1368
1430 1963
1463 790
1471 2050
1475 1348
1485 843
1503 1749
1507 2074
1525 1685
1536 680
1567 2084
1587 2039
1588 1332
1589 1540
1592 465
1593 1036
1595 268
1608 506
1622 586
1629 2053
1633 1919
1641 1663
1647 1307
1649 1436
1658 1795
1665 1726
1667 1248
1678 1053
1697 917
1714 260
1746 1734
1751 1278
1755 1059
1801 999
1802 1861
1822 900
1828 2150
1829 199
1863 2280
1875 1229
1877 973
1888 559
1891 2059
1895 2455
1903 2223
1917 1366
1929 929
1955 1133
1974 462
1983 526
2002 1791
2017 1611
2019 1838
2020 1393
2025 1977
2041 1375
2062 290
2068 1668
2106 1374
2108 2105
2120 588
2121 1669
2137 2171
2146 739
2150 1347
2160 1574
2161 504
2175 626
2178 1318
2179 64
2197 906
2201 1445
2203 1128
2212 375
2217 1696
2220 875
2225 2414
2229 1883
2238 2260
2249 1222
2260 828
2286 1058
2293 1422
2303 765
2313 1528
2315 1936
2338 1593
2378 1042
2385 198
2388 1313
2405 1771
2409 2271
2419 288
2423 775
2441 2372
2461 794
2471 413
2476 856
2493 1792
2495 1779
2496 1484
2503 1167
2541 1017
2554 1649
2578 1126
2581 546
2593 233
2600 1614
2604 2459
2630 1868
2655 716
2679 1698
2680 1671
2695 182
2697 2380
2721 351
2724 2354
2734 2161
2742 1834
2746 738
2752 148
2775 2015
2777 854
2782 885
2785 1908
2792 4
2801 1107
2811 256
2834 1778
2835 265
2836 631
2850 1657
2854 361
2860 497
2880 2192
2906 2387
2912 2137
2917 1722
2930 1433
2944 1030
2946 1028
