f_0082886.png f_0082776.png
287 373
426 517
531 794
536 707
550 154
555 803
561 99
566 790
590 108
593 7
625 19
635 12
638 585
658 326
670 137
694 201
709 215
716 820
757 916
767 937
773 283
775 575
793 1058
794 282
802 1023
803 316
819 340
834 352
849 385
850 1150
872 516
887 435
902 424
905 780
915 1232
929 1097
961 810
966 443
971 954
977 1134
995 1181
999 1084
1008 1147
1012 1282
1021 1073
1044 1154
1051 649
1052 792
1057 561
1061 917
1072 960
1107 1185
1116 1377
1125 949
1131 988
1132 986
1134 1031
1136 1009
1174 1224
1182 877
1220 1710
1230 570
1244 1405
1248 1139
1261 1371
1270 1795
1303 1504
1330 1728
1344 2014
1349 1988
1362 1756
1381 1540
1390 1427
1403 1455
1414 1846
1425 1593
1429 1891
1485 1707
1509 1167
1511 1731
1513 1211
1514 1010
1548 1296
1575 1739
1600 1016
1654 1736
1660 1484
1705 2048
1747 1957
1750 2050
1752 1384
