f_0082642.png f_0082968.png
11 90
46 496
50 1027
51 1063
86 633
104 653
111 375
131 1016
134 508
163 377
167 415
175 872
190 359
191 255
192 605
201 693
205 187
215 921
226 548
232 749
253 405
260 402
264 768
268 578
281 541
294 701
315 112
323 1236
332 826
334 1281
336 1023
344 927
345 1186
347 1559
353 526
359 982
372 1300
379 731
412 599
441 1088
450 1412
457 271
461 1145
467 1540
473 1645
475 996
493 572
536 604
537 788
547 1380
552 1503
577 1288
593 1374
595 1032
596 1627
625 849
647 1287
648 1086
655 1233
656 1318
660 545
663 618
670 1662
682 1077
712 730
730 706
747 1105
748 1707
758 1182
759 1492
764 1721
775 1647
789 1252
793 1073
821 714
825 1516
848 968
855 1425
870 787
894 1333
897 1598
900 1513
904 1279
929 1211
934 1587
935 922
937 1443
963 1626
969 1786
972 1532
983 1594
1046 1403
1067 1625
1079 967
1082 1582
1093 1293
1096 1609
1107 1753
1118 1751
1134 1020
1152 1772
1157 1886
1174 1667
1188 1636
1215 1809
1239 1137
1248 1835
1280 1413
1302 1536
1326 1871
1340 1889
1365 1856
1387 1408
1389 1944
1412 1990
1422 2020
1450 1619
1462 2053
1463 1910
1502 1691
1652 1747
1675 1962
1698 1869
1711 1998
1718 1833
