f_0082412.png f_0082620.png
58 98
246 472
414 182
424 51
532 174
551 19
620 545
631 487
632 501
670 617
707 490
735 619
772 258
809 269
851 682
872 281
920 441
1047 707
1049 406
1059 314
1143 647
1146 662
1168 678
1196 473
1214 799
1215 800
1219 694
1254 646
1256 885
1282 781
1298 772
1313 754
1330 727
1359 706
1382 866
1424 746
1426 920
1443 839
1481 634
1493 735
1503 587
1543 928
1544 980
1547 700
1562 944
1567 468
1579 621
1584 958
1594 837
1604 482
1606 855
1612 660
1613 742
1637 741
1649 708
1670 791
1684 779
1693 999
1695 765
1704 766
1714 937
1716 712
1729 1006
1732 773
1736 962
1737 888
1761 824
1773 790
1784 834
1795 998
1808 978
1849 842
1857 924
1864 995
1868 957
1876 841
1894 1141
1904 1132
1909 936
1912 1118
1913 1155
1927 860
1938 740
1970 964
1974 1080
1996 677
2010 1229
2036 1091
2055 974
2086 1128
2088 1164
2089 1272
2098 949
2101 1046
2116 1281
2134 1221
2272 1450
2276 1038
2337 1149
2347 1402
2353 1048
2389 1602
2479 1291
