f_0082412.png f_0082670.png
20 587
67 502
82 46
89 106
97 37
100 144
123 475
149 74
150 210
173 305
174 398
215 260
262 203
289 607
305 399
406 647
448 690
553 704
559 700
574 760
610 774
700 569
810 296
854 592
906 423
952 788
959 642
1055 445
1067 859
1304 748
1315 860
1325 805
1351 835
1450 906
1488 939
1556 1102
1606 1030
1614 1054
1658 811
1662 1121
1665 1101
1667 1177
1685 1010
1686 1197
1704 911
1737 1005
1766 1065
1786 1218
1797 1213
1809 1230
1815 870
1823 770
1830 1265
1833 1051
1838 781
1845 959
1862 1296
1868 1108
1870 949
1890 1336
1893 978
1911 1119
1927 997
2006 1268
2061 883
2124 968
2300 1573
2308 1007
2451 1139
2466 1170
2472 1145
2504 1730
