f_0082924.png f_0082928.png
8 26
11 30
13 55
19 8
20 22
27 29
31 20
37 21
39 47
41 58
51 28
53 48
57 6
73 38
78 66
81 132
84 99
85 127
87 3
88 44
92 37
93 71
94 56
97 51
100 98
101 111
102 36
103 110
107 83
117 93
118 80
122 185
123 86
124 103
128 109
130 78
131 79
132 140
133 146
142 91
144 114
158 116
160 176
161 183
167 115
169 136
170 96
173 180
174 102
175 145
184 152
189 82
190 173
193 151
194 154
195 164
196 74
198 106
200 134
201 210
202 193
203 232
204 234
206 94
207 75
210 174
214 229
217 90
222 182
223 206
227 143
228 209
229 221
232 216
237 190
241 215
245 208
248 157
249 133
252 187
255 273
256 277
257 142
258 163
259 179
260 227
261 254
262 239
264 186
265 245
273 198
274 218
275 219
276 220
278 315
284 314
285 141
292 156
295 271
299 231
300 267
302 329
306 282
307 307
308 345
316 261
318 230
321 290
324 334
327 266
329 305
336 253
338 295
343 300
344 344
345 205
347 236
350 373
351 397
353 289
360 419
365 406
366 413
369 338
373 255
374 281
375 350
378 433
381 385
387 387
388 418
389 445
390 265
391 401
394 368
395 356
396 392
401 322
402 357
408 400
410 382
411 389
412 383
413 395
415 405
422 429
423 430
424 443
425 390
427 309
432 372
433 377
436 493
437 335
438 376
441 423
445 467
447 462
450 416
451 466
452 451
454 415
457 450
461 394
462 478
466 465
468 399
471 474
472 455
480 475
484 453
494 486
496 461
498 459
500 435
502 501
506 520
510 497
517 472
520 514
521 427
523 508
524 446
527 505
530 507
532 554
536 536
543 539
547 513
553 537
554 553
560 518
561 488
562 590
564 552
565 602
569 534
571 575
574 503
576 578
578 502
582 577
583 596
586 517
588 542
592 585
596 610
597 545
606 613
608 605
616 572
619 604
620 612
621 642
622 638
624 546
625 563
626 620
627 621
638 593
639 617
640 641
643 630
645 649
649 570
650 616
656 607
657 651
660 632
661 629
663 665
667 681
668 658
671 664
688 694
693 631
695 627
697 650
698 680
702 716
706 713
711 702
714 703
715 711
716 714
717 737
721 738
725 750
726 752
732 740
735 742
736 724
749 709
752 729
753 728
764 745
765 763
766 765
767 775
768 776
770 748
771 769
773 688
775 723
778 755
779 758
781 760
782 782
783 779
785 797
786 764
788 796
789 708
791 794
798 791
800 768
803 807
807 774
809 790
814 795
819 757
821 802
824 772
826 759
839 786
841 852
844 832
845 777
848 851
855 831
856 835
857 863
858 857
861 821
866 868
872 878
876 899
877 908
878 849
880 865
883 866
884 867
885 891
888 814
892 861
894 890
895 881
896 824
897 870
899 962
904 905
905 837
906 856
908 906
910 817
911 825
917 889
922 927
926 920
930 926
934 904
935 919
939 943
945 858
947 953
948 954
953 951
954 971
957 983
966 880
969 883
970 869
973 935
979 964
980 976
982 900
984 960
987 977
989 914
992 982
997 981
998 992
1007 1029
1008 987
1009 989
1014 1023
1015 1013
1020 929
1022 930
1026 931
1030 1005
1033 1001
1034 1037
1035 1059
1036 1024
1037 939
1039 1016
1040 1022
1042 1047
1044 1006
1054 1028
1073 1011
1074 1040
1075 975
1076 995
1078 1033
1081 1089
1082 1064
1085 1010
1086 1063
1087 1108
1090 1045
1094 1036
1096 1088
1097 1068
1098 1015
1100 1018
1105 1027
1110 1060
1111 1087
1112 1072
1121 1026
1123 1056
1130 1057
1131 1131
1132 1169
1133 1115
1134 1038
1135 1086
1136 1065
1140 1103
1142 1146
1143 1150
1144 1061
1145 1071
1148 1055
1150 1142
1151 1151
1152 1143
1153 1067
1155 1126
1156 1163
1158 1054
1162 1178
1163 1077
1166 1121
1168 1070
1174 1083
1176 1173
1182 1120
1183 1193
1187 1200
1188 1235
1189 1107
1193 1081
1196 1148
1197 1183
1199 1159
1202 1097
1205 1171
1206 1141
1210 1145
1213 1198
1214 1102
1215 1140
1218 1213
1219 1135
1223 1212
1225 1256
1228 1158
1231 1192
1236 1170
1241 1139
1244 1207
1245 1197
1246 1225
1250 1189
1251 1260
1253 1191
1258 1288
1259 1132
1264 1267
1269 1206
1271 1211
1275 1254
1278 1188
1285 1216
1298 1264
1299 1273
1301 1281
1302 1179
1305 1226
1308 1222
1310 1299
1314 1238
1316 1332
1319 1314
1323 1249
1324 1250
1327 1244
1331 1307
1337 1319
1338 1353
1343 1263
1349 1286
1351 1379
1355 1334
1359 1313
1360 1354
1361 1312
1371 1317
1372 1365
1376 1298
1377 1352
1380 1369
1381 1403
1382 1343
1383 1375
1384 1402
1387 1324
1388 1344
1391 1321
1393 1351
1395 1342
1403 1340
1411 1452
1412 1374
1413 1371
1414 1382
1417 1432
1418 1349
1421 1422
1422 1426
1424 1410
1425 1333
1427 1348
1429 1404
1430 1433
1435 1389
1436 1393
1437 1391
1440 1347
1441 1377
1447 1359
1450 1431
1452 1390
1456 1436
1457 1388
1462 1485
1465 1458
1466 1364
1467 1387
1470 1414
1473 1446
1474 1396
1476 1476
1484 1407
1494 1472
1499 1463
1505 1484
1510 1445
1518 1467
1521 1456
1533 1448
1541 1512
1548 1508
1557 1522
1558 1473
1559 1483
1561 1519
1566 1455
1568 1475
1569 1482
1570 1500
1576 1480
1582 1548
1583 1583
1590 1549
1593 1541
1595 1491
1596 1538
1598 1479
1601 1542
1609 1578
1616 1546
1619 1515
1625 1555
1635 1638
1637 1576
1641 1520
1647 1612
1648 1526
1649 1532
1651 1560
1652 1577
1653 1603
1658 1601
1665 1623
1666 1574
1667 1575
1670 1589
1671 1597
1676 1558
1682 1563
1684 1567
1685 1620
1688 1611
1691 1598
1692 1636
1699 1580
1700 1631
1701 1621
1702 1616
1703 1634
1704 1622
1708 1596
1713 1645
1715 1606
1720 1626
1727 1618
1731 1628
1742 1689
1745 1653
1746 1639
1751 1668
1752 1680
1753 1746
1755 1688
1760 1663
1763 1664
1767 1647
1768 1738
1770 1667
1771 1745
1773 1727
1774 1806
1775 1694
1776 1704
1777 1713
1778 1785
1782 1678
1784 1711
1785 1695
1789 1696
1791 1725
1792 1726
1794 1699
1797 1679
1798 1708
1799 1723
1802 1709
1803 1751
1805 1685
1806 1716
1807 1737
1809 1750
1812 1719
1813 1722
1814 1743
1815 1798
1818 1748
1819 1734
1820 1715
1822 1758
1824 1720
1825 1747
1826 1757
1832 1763
1833 1793
1834 1783
1835 1844
1841 1818
1842 1814
1844 1847
1845 1740
1848 1840
1849 1849
1852 1828
1853 1815
1857 1755
1863 1813
1864 1812
1865 1843
1866 1883
1868 1835
1869 1882
1885 1803
1886 1822
1889 1799
1892 1768
1894 1852
1898 1807
1900 1874
1903 1861
1908 1816
1914 1872
1915 1802
1921 1836
1923 1853
1924 1893
1937 1894
1939 1892
1945 1881
1949 1888
1950 1890
1952 1908
1958 1904
1963 1865
1969 1899
1974 1911
1977 1875
1980 1909
1981 1886
1988 1933
2006 1944
2008 1917
2009 1926
2017 1922
2026 1924
2028 1923
2030 1942
2033 1958
2034 1960
2041 1941
2045 1932
2048 1934
2051 2036
2060 1950
2064 2011
2067 1948
2070 1961
2073 1978
2076 1955
2077 1990
2078 1938
2089 2003
2093 1974
2097 2068
2099 1957
2100 1994
2101 1997
2106 1977
2111 1963
2116 2089
2118 2014
2128 2002
2129 1985
2136 2064
2140 1967
2141 2040
2147 2042
2152 2017
2159 2007
2161 2037
2162 2082
2163 2087
2164 2088
2167 2044
2168 2016
2169 2073
2172 2055
2180 2022
2183 2012
2187 2071
2188 2079
2189 2118
2195 2065
2196 2081
2202 2048
2203 2070
2205 2041
2209 2092
2210 2111
2211 2100
2213 2076
2215 2110
2221 2185
2227 2094
2228 2119
2231 2091
2238 2139
2241 2143
2243 2135
2246 2137
2251 2162
2255 2108
2261 2106
2263 2148
2264 2166
2266 2184
2268 2121
2271 2156
2272 2153
2277 2183
2279 2165
2284 2181
2292 2131
2302 2201
2303 2168
2306 2259
2308 2222
2316 2177
2317 2182
2319 2241
2320 2271
2321 2190
2325 2232
2333 2237
2335 2179
2338 2217
2340 2301
2344 2221
2348 2228
2356 2243
2358 2270
2374 2268
2376 2299
2380 2285
2385 2283
2397 2312
2406 2303
2413 2321
2416 2289
2417 2315
2427 2305
2431 2339
2432 2336
2434 2364
2437 2328
2444 2372
2447 2374
2448 2319
2449 2366
2454 2335
2461 2347
2466 2355
2467 2362
2468 2371
2486 2382
2490 2397
2498 2395
2501 2398
2508 2390
2510 2365
2515 2438
2520 2405
2529 2383
2535 2429
2539 2391
2569 2440
2570 2426
2574 2430
2576 2445
2580 2449
2586 2420
2593 2461
2594 2414
2599 2433
2623 2453
2625 2460
