f_0082492.png f_0082558.png
217 1652
224 777
228 1056
250 1232
279 2321
294 1321
296 2883
304 1038
318 1077
324 1916
340 2870
359 1310
369 174
371 768
385 2698
389 853
390 2657
403 1110
404 684
405 358
415 1944
416 2831
418 2400
427 120
428 576
432 164
437 552
438 1974
440 803
442 985
443 2563
449 391
451 820
455 2352
456 2905
460 872
466 2300
473 1480
475 2800
477 2344
478 1496
479 2757
483 248
485 830
488 994
491 264
503 609
505 2590
506 1923
513 224
520 575
521 2793
523 2779
526 1097
527 1014
528 2110
532 2765
533 2982
534 561
541 66
544 1059
545 190
550 1458
553 327
554 1074
561 517
562 410
565 1425
569 2270
570 2963
572 931
574 1932
575 1646
580 659
586 1207
591 228
597 1675
600 1357
601 480
602 265
606 2264
607 1335
608 483
609 626
618 736
622 1754
626 614
631 1640
632 1610
633 2256
636 2206
648 2391
651 1448
654 569
655 193
661 1919
669 1431
671 1239
673 8
677 1058
683 2224
694 2476
696 780
702 966
707 649
710 151
711 2223
717 1757
719 2723
723 1912
725 2017
739 945
740 470
741 1323
744 4
748 216
758 1442
762 767
765 2976
766 711
767 2053
768 202
769 2751
770 135
778 1663
779 1339
780 1478
787 354
788 2068
789 2324
790 1774
795 1848
796 558
797 1385
798 1569
799 1175
808 1769
817 350
818 764
819 33
829 117
831 1396
832 972
835 786
838 452
841 1890
844 2121
861 1536
863 1760
864 857
865 1114
866 1718
870 295
879 282
893 868
902 43
905 2544
906 805
909 2169
923 2950
924 61
927 56
928 1219
929 545
932 2004
938 318
942 1730
948 1338
949 2022
955 2319
957 634
958 666
960 2758
961 1505
962 403
970 2799
972 255
977 2349
978 932
982 2222
984 112
985 2378
987 2720
988 885
989 7
990 2532
992 92
993 1838
994 1719
996 479
998 35
1000 2271
1002 153
1005 1687
1006 2363
1008 2432
1009 2310
1010 90
1021 1274
1025 2465
1031 2984
1034 88
1036 1456
1044 541
1045 1531
1056 597
1057 707
1058 818
1059 2650
1060 914
1064 2795
1076 2921
1077 2155
1080 2103
1091 1111
1093 1633
1104 1777
1115 247
1122 380
1124 882
1132 1157
1135 708
1139 1268
1140 714
1145 1787
1155 2958
1160 2175
1161 951
1165 2519
1178 570
1185 893
1191 2390
1193 2970
1198 1464
1201 696
1217 2894
1218 1251
1231 1527
1233 1119
1239 568
1245 2111
1246 665
1247 713
1253 2915
1254 1078
1255 1150
1263 832
1269 859
1280 103
1282 2868
1283 167
1293 637
1298 1847
1299 1256
1301 1685
1311 528
1317 1423
1322 1816
1323 1462
1329 2165
1334 2746
1338 687
1339 567
1346 1839
1350 2553
1352 1572
1358 607
1359 302
1362 1205
1364 1420
1368 1599
1390 2841
1400 1627
1401 1177
1402 654
1404 925
1409 584
1412 1050
1416 156
1419 1628
1423 1328
1425 751
1431 2295
1433 920
1434 2998
1435 732
1443 155
1452 2030
1456 1398
1458 2616
1460 1290
1462 1037
1473 1370
1476 2781
1480 62
1481 2322
1486 1878
1497 1666
1508 2548
1509 828
1511 1318
1513 429
1515 1581
1516 2551
1517 1753
1535 2100
1541 500
1548 1154
1554 2690
1563 2151
1565 1120
1567 1869
1574 422
1578 1246
1579 635
1583 1725
1584 1739
1600 861
1606 363
1608 2050
1613 774
1615 493
1616 726
1618 2463
1625 1947
1626 34
1632 2454
1633 1623
1636 314
1640 1200
1648 2747
1651 1706
1655 263
1656 2269
1669 1523
1670 428
1681 875
1682 2369
1694 432
1697 2228
1698 1341
1704 1455
1711 1273
1718 1883
1727 2371
1728 1330
1729 1064
1730 1918
1732 1314
1738 2042
1740 149
1742 1868
1756 1166
1762 2448
1763 2660
1770 1113
1777 1115
1781 1653
1783 889
1784 370
1786 2172
1787 737
1788 2096
1790 2644
1814 743
1824 891
1825 1782
1838 46
1841 1296
1843 2974
1844 1206
1845 1873
1847 1035
1856 1277
1857 1602
1860 1353
1868 2354
1874 691
1877 1909
1880 1311
1884 1410
1887 1293
1888 2628
1889 356
1895 349
1904 935
1905 599
1910 1178
1930 1922
1933 1011
1939 939
1943 1104
1948 2309
1954 2947
1955 2658
1959 924
1960 2088
1966 785
1967 2160
1970 2167
1971 325
1972 2820
1973 40
1990 2470
1995 2504
1996 1854
2003 2613
2004 375
2006 1070
2008 1295
2011 2198
2019 2019
2021 2312
2023 2469
2024 1701
2025 606
2032 2830
2037 1738
2043 887
2051 1312
2054 285
2060 1744
2062 2241
2065 1257
2073 437
2074 1010
2076 2462
2077 198
2078 625
2091 1874
2102 766
2104 1715
2106 1960
2114 2012
2147 2889
2151 467
2152 2837
2153 850
2160 1723
2176 2682
2179 2499
2184 979
2187 940
2189 2163
2198 2528
2203 339
2230 239
2244 664
2246 605
2250 2911
2251 1427
2252 1092
2254 2290
2271 495
2272 204
2291 1613
2295 1798
2297 1829
2299 1852
2300 1875
2307 2887
2309 1201
2314 1958
2315 695
2321 2116
2324 274
2325 2152
2327 1036
2338 191
2341 2527
2348 213
2351 504
2362 2506
2366 294
2368 2414
2369 585
2370 968
