f_0064556.png f_0064636.png
645 43
818 352
849 643
1134 128
1172 185
1176 672
1293 256
1355 238
1441 240
1454 331
1465 388
1509 405
1548 427
1560 671
1565 336
1656 797
1678 454
1694 1196
1702 520
1711 760
1720 1209
1744 732
1766 934
1784 1190
1825 1137
1826 1354
1843 333
1853 819
1897 913
1962 387
1978 1254
1982 717
2014 1275
2057 1529
2111 639
2168 1518
2173 920
2253 1584
2274 1216
2278 1294
2283 1330
2295 1303
2326 1810
2336 1382
2349 978
2396 1492
2441 1490
2442 1834
2453 1540
2473 1872
2478 1627
2488 1110
2498 1992
2507 1652
2514 1506
2516 1939
2521 1422
2564 1958
2569 1682
2584 1509
2585 1505
2644 1771
2667 2150
2681 2013
2702 1912
2706 1929
2708 2050
2712 1943
2744 1957
2745 1974
2780 2088
2782 1693
2785 2162
2819 1712
2824 2043
2829 2219
2870 2101
2871 2186
2875 1799
2879 1783
2883 2176
2890 1478
2902 1302
2916 2142
2930 1732
2969 1846
2970 1847
2971 2100
2982 1845
2995 2542
3007 1453
3011 2140
3021 2273
3029 2182
3033 1662
3047 2378
3057 1709
3067 2517
3084 1891
3092 1744
3098 2222
3103 2595
3115 1708
3124 1779
3166 2049
3180 2505
3195 2057
3214 2461
3239 1608
3246 2492
3254 2612
3284 2117
3287 2641
3292 2374
3315 1997
3338 2354
3362 2658
3376 2664
3377 2735
3382 2245
3394 1978
3397 2384
3426 2211
3429 2600
3433 2773
3441 2704
3443 2772
3447 2963
3468 2835
3513 2901
3515 2127
3525 2739
3547 2806
3555 2814
3564 2872
3601 2796
3636 2293
3652 2727
3664 2726
3683 2751
3726 2684
3755 2949
3766 3056
3777 2638
3779 2900
3796 3045
3843 2979
3882 2545
3887 3211
3894 3111
3904 2655
3906 2999
3914 2675
3936 3360
3950 3275
3953 2966
3956 3054
3975 2844
4022 3592
4025 3035
4032 2606
4055 3576
4072 3538
4074 3602
4082 3124
4085 3659
4091 3601
4102 3078
4110 3805
4115 3563
4141 3826
4160 3619
4174 3138
4178 3692
4189 3137
4207 3405
4227 3508
4231 3260
4235 3970
4263 3372
4264 3382
4281 3144
