# 3D point list with one line of data per point:
#   POINT3D_ID, X, Y, Z, R, G, B, ERROR, TRACK[] as (IMAGE_ID, POINT2D_IDX)
# Number of points: 76, mean track length: 2
1 1.1317880258178414 0.17884886420838222 80.502411001591298 109 51 45 1.5190944693371997 2 43 1 645
2 -0.10052911853330483 0.27159318152656747 82.774423156475635 144 84 72 1.3092513849934269 2 128 1 1134
3 0.12491565734426485 0.5126349360264717 99.255663413650723 129 69 57 0.34174029778584059 2 185 1 1172
4 -0.18515561149829518 0.53595909931729391 92.378909726626588 222 177 161 1.232046797985396 2 238 1 1355
5 -0.67341680937152493 0.19626432178766662 66.388375775000313 130 72 55 1.0545627228955285 2 240 1 1441
6 0.21854034182706014 0.76951171184703038 111.35632419140775 126 66 51 0.85812468273832943 2 256 1 1293
7 -0.27541229466148831 0.80479649167158518 108.43038811816741 132 72 58 0.11868866221448018 2 331 1 1454
8 -1.055150466216157 -0.0046908961583007544 41.795663662381052 200 117 95 0.36373498953553196 2 333 1 1843
9 -0.62631791565000361 0.52432494849113054 82.836542227300939 130 69 53 0.27733065093591386 2 336 1 1565
10 2.7294564040421458 0.62914362638734433 113.65410497850493 42 34 32 1.9029018881038087 2 352 1 818
11 -1.0002261303591815 0.05177484208769631 39.151228591602994 200 119 96 2.0602147687754515 2 387 1 1962
12 0.059962338307240251 1.1561338035532296 129.75493689500559 243 183 173 0.15177870452358508 2 388 1 1465
13 -0.14431550367107804 1.1609907838321853 129.42563342141037 219 173 155 0.59483934976786168 2 405 1 1509
14 -0.087952450447296826 1.2265620027866 129.12065222267969 142 95 80 0.87472001340152938 2 427 1 1548
15 -1.0478013308527847 0.65055726105530864 96.157772708899543 173 111 100 2.6778805685568283 2 454 1 1678
16 -0.8449301194957789 1.2222896639275673 131.4726549639835 130 72 55 3.070333291188136 2 520 1 1702
17 -1.1783855140832902 0.38909072524441202 57.482349813714578 187 108 85 0.73843046633102838 2 639 1 2111
18 1.8888364796156676 2.2841166790595788 178.45991575570389 153 80 68 0.51280678520957701 2 671 1 1560
19 -0.92530171935501138 1.4187754525142706 120.62025072175886 130 71 54 1.8991636501531319 2 717 1 1982
20 0.66933192176420742 2.7079142617666419 204.27945297885327 115 71 59 0.46490356461910454 2 732 1 1744
21 1.5523406301140372 2.3555669338426548 169.53824632900583 164 83 62 0.061402709780567777 2 760 1 1711
22 2.3144080637170208 2.6430948591596559 188.39167110577074 166 92 73 0.38665784317053586 2 797 1 1656
23 -0.042157761411320702 3.4361880722350486 251.68953742954798 135 76 62 1.7938418884553151 2 819 1 1853
24 1.0868325211183907 3.5242035702026278 232.13980635521906 118 65 53 0.052766734168981352 2 913 1 1897
25 -0.8480564821095663 2.2798483845967255 156.32532239839071 120 66 55 3.1290353600187721 2 920 1 2173
26 2.8970116957109702 3.689382884992443 242.27983707122013 163 93 75 1.4176021667743184 2 934 1 1766
27 -1.0995757638279213 1.5213103646186745 103.98860072401801 125 65 50 0.79751587034813298 2 978 1 2349
28 -1.0859265135663245 1.8512542026239494 113.21642537732136 126 67 50 1.0116276999991709 2 1110 1 2488
29 4.3809935543562268 4.2419281003851896 256.82685254897297 150 75 57 0.18383699345932444 2 1137 1 1825
33 0.016303923878013306 5.7306308507781196 322.57090997476371 158 87 72 1.9767459605189308 2 1216 1 2274
34 4.5678355721664143 4.8875711921339411 274.49693911406393 167 81 62 0.29639079110903682 2 1254 1 1978
35 4.6513036496483959 5.2143107243226803 289.41904886749069 165 84 65 0.63282427096647242 2 1275 1 2014
36 1.528278376920972 6.887669666114296 367.27687479271907 141 73 59 0.14951846837297322 2 1294 1 2278
38 1.9457962163804217 4.1464572052605195 214.43818612495497 175 89 71 0.23904288685851294 2 1303 1 2295
42 -0.12601715250228646 5.9681676942373318 301.53517249504159 160 87 67 1.7953072718925887 2 1422 1 2521
43 -1.6005364262434805 0.80663142350974271 50.116670452900081 243 158 123 2.3116052576403696 2 1453 1 3007
44 -1.3067941200680271 2.2480255462488019 111.88336024695485 169 95 74 0.52633882806137722 2 1478 1 2890
46 3.0177926324113389 5.1848796562807058 250.52795742298616 166 85 67 1.1268570460154816 2 1492 1 2396
47 0.3015586113862212 8.0017392557775224 387.47764185134957 157 85 66 2.0078601643535094 2 1505 1 2585
49 0.20632405653531205 8.6598944406411125 419.45000213372583 155 84 65 1.9284081253156145 2 1509 1 2584
52 3.0094535805872238 5.2845445757839258 249.85901549693986 179 93 74 1.2120647834848255 2 1540 1 2453
54 -1.7167675145726076 0.35997116425926945 27.936971332443949 250 172 132 0.22937732371418468 2 1608 1 3239
57 -0.88068455599791917 2.7699393769774137 121.95423509029601 158 91 77 1.9333767955771046 2 1662 1 3033
59 1.5260160002861616 5.1735334717527079 225.97896549935928 210 116 90 0.084460614539721368 2 1693 1 2782
60 -0.79409403440232262 2.5705735879908289 110.03267087565304 167 101 86 3.6571113584368771 2 1708 1 3115
61 -0.85426930137214152 2.9824941076413105 128.73934050180139 141 78 60 1.9605571598534541 2 1709 1 3057
62 1.1273968678887796 5.8443049315150057 254.63252517419471 172 87 68 0.25306294441480354 2 1712 1 2819
63 -0.75438910661043179 5.4730277303157733 238.6967858719897 97 55 44 2.0866783225524568 2 1732 1 2930
64 -0.85513535235073868 3.0635014736756707 130.58605370175059 140 82 63 1.3525328756766926 2 1744 1 3092
66 -0.83297170216673744 3.0785108342912979 129.54496579044803 156 83 70 2.1857325317807756 2 1779 1 3124
67 0.53295308087987758 7.456026852493939 319.50599222380674 133 77 60 0.45045951844668186 2 1783 1 2879
68 0.78225022454782489 7.8265431073466072 334.11879036989779 140 80 65 0.24526388156484835 2 1799 1 2875
71 0.16923255471637427 5.5915371920562782 232.35021578663486 126 69 52 0.18228383717858754 2 1845 1 2982
72 0.24327124387777166 5.7509287788997616 239.22135240696292 115 54 36 0.12509481985088922 2 1846 1 2969
73 0.30472956419171171 5.6499145682441645 234.77353666878079 125 60 41 0.14068635322766759 2 1847 1 2970
75 -0.63292306054975922 5.0428735117417292 207.00079879572013 132 68 54 1.1149023699847374 2 1891 1 3084
83 -1.8398362707857727 2.5268400785328868 102.92359721661909 252 181 143 2.2911518558488213 2 1978 1 3394
85 -0.78844281124449789 3.4183420992841742 133.15186693024569 185 100 80 3.7291234575704495 2 1997 1 3315
88 -0.071005727057818435 6.2971586784913205 245.04772179280684 205 106 82 0.24455755954258757 2 2049 1 3166
90 0.026994375947659934 5.488308604236436 211.70940662315599 210 111 90 1.5426357796968586 2 2057 1 3195
94 -0.25653494603843841 5.3801709361736547 203.70405986201021 191 95 76 1.0318296930234716 2 2117 1 3284
95 -1.5704390119116576 3.1431573367157992 118.68574622062377 229 121 87 0.36092185088599676 2 2127 1 3515
103 -1.1291117631665719 5.5390772186843416 204.9215230292279 216 118 94 0.65520380451915949 2 2211 1 3426
106 -0.14580112560357703 6.1404465544914792 224.43926066628725 195 98 78 1.4042905836883661 2 2245 1 3382
108 -1.7304951825220236 3.8362939810210657 137.80137429179993 242 144 109 1.3184638972146863 2 2293 1 3636
112 1.0183199876063775 8.7550867928517686 310.28661783130718 200 104 81 0.66592281775579498 2 2384 1 3397
121 -2.0262507249500206 1.9814181446188404 62.805439724479179 252 218 177 1.4608552276860958 2 2606 1 4032
123 -1.7238365100097954 9.5877545018361658 313.66424255203293 227 124 104 3.2029442735308895 2 2638 1 3777
128 -1.800592323787537 5.3455888122075939 170.631407550033 243 159 119 0.38243252671280148 2 2675 1 3914
129 0.13015379048653056 10.13279221068643 329.71954997519788 211 109 82 1.7429793989587941 2 2684 1 3726
142 -1.6614663259548332 7.8093232909995987 240.82355232361815 242 152 118 0.071397595298321598 2 2844 1 3975
148 0.024192487839222693 11.927867123302526 362.20934474575671 210 116 90 3.1062223487667833 2 2966 1 3953
151 -0.25964371616493531 11.915763205947423 355.06698948410485 221 136 109 3.2525290846243777 2 3035 1 4025
155 -1.3054651592458029 11.93071930553122 349.56797657859636 232 145 119 1.2497875510191121 2 3078 1 4102
158 -1.6660860966146473 9.5017915830185586 271.86755344254635 237 152 117 1.4257762194442773 2 3137 1 4189
160 -2.3587956018909764 6.8593167437717959 191.94669406961705 243 164 134 1.5309737527321827 2 3144 1 4281
