f_0082558.png f_0082926.png
6 189
30 407
49 461
50 146
95 1725
109 1386
118 1210
119 144
124 1484
133 391
134 967
137 518
145 284
150 1634
159 706
170 1549
172 1218
179 960
181 1953
190 1675
194 420
211 1593
213 501
219 530
245 1030
247 41
248 485
251 387
253 770
258 1836
263 750
266 1918
270 1810
275 2215
278 1242
297 67
299 2167
301 455
310 139
312 1618
321 351
327 310
334 1291
335 124
343 1507
350 714
359 1893
367 942
374 514
390 1292
412 1597
413 898
437 1783
443 43
444 255
468 1171
477 1317
488 1945
489 1546
495 835
512 445
517 2100
519 1114
524 331
540 914
551 606
556 1557
562 729
568 1078
571 324
572 1088
591 1399
593 421
602 692
609 929
610 1412
611 1534
628 648
635 1061
644 1512
649 1900
655 1283
658 749
661 1007
667 405
669 278
685 160
720 327
729 1909
734 2189
746 1431
760 672
783 1070
787 246
795 734
796 72
798 2160
837 1598
841 129
857 1337
858 962
874 1356
877 286
887 275
894 195
897 323
904 1659
912 742
920 39
925 984
958 587
960 187
971 479
977 1698
984 1159
987 1834
992 2141
993 738
1009 460
1019 164
1031 1220
1038 128
1041 79
1059 1296
1066 997
1098 535
1099 730
1113 685
1123 1563
1124 1866
1126 28
1131 208
1140 737
1151 1318
1166 483
1169 1006
1191 1398
1194 1551
1204 509
1207 1294
1223 1992
1224 586
1245 1421
1252 524
1261 1854
1267 300
1272 1301
1289 496
1301 1525
1303 1545
1357 326
1365 1856
1377 1450
1389 614
1398 654
1413 360
1423 1978
1427 2092
1429 1885
1430 1253
1435 854
1448 907
1458 575
1471 956
1472 1826
1473 423
1482 1502
1487 379
1489 843
1517 1456
1524 870
1531 988
1538 1261
1548 1023
1553 285
1554 715
1566 2124
1567 642
1580 756
1582 1392
1616 546
1627 227
1631 415
1638 1004
1649 554
1652 1773
1656 1876
1666 1630
1671 151
1674 1729
1699 1139
1700 1288
1707 1735
1708 271
1709 788
1718 947
1719 1380
1723 1536
1750 696
1752 1641
1756 516
1761 480
1775 897
1777 652
1784 1520
1785 1270
1802 789
1808 996
1810 116
1815 1212
1825 1252
1833 1054
1840 2174
1842 1374
1844 1818
1855 1293
1875 1566
1878 576
1910 1670
1915 1859
1928 741
1943 1316
1950 964
1964 710
1983 86
2022 553
2036 1433
2048 1263
2056 2110
2071 1423
2085 915
2092 1321
2108 591
2110 1861
2121 193
2143 40
2146 1211
2148 1707
2165 603
2167 1064
2175 236
2193 1639
2195 1962
2204 15
2225 1186
2229 965
2231 1542
2241 131
2250 315
2257 873
2259 840
2262 510
2267 811
2271 332
2272 833
2281 683
2284 844
2290 168
2328 147
2330 1517
2331 1138
2334 1389
2342 57
2350 686
2357 768
2358 1757
2367 663
2368 537
2377 1661
2379 1325
2381 1831
2397 986
2398 1204
2402 1843
2420 1369
2440 1354
2444 361
2447 610
2453 1142
2454 839
2457 1117
2463 649
2477 801
2480 427
2499 42
2529 318
2533 1825
2537 574
2554 2170
2557 472
2587 1350
2595 581
2633 1482
2648 569
2650 1669
2654 1076
2661 740
2679 428
2682 380
2683 1465
2685 1244
2695 121
2716 1688
2717 1289
2725 739
2727 852
2732 1498
2740 1083
2743 959
2754 1349
2771 1736
2809 1328
2814 1303
2828 1679
2846 1879
2849 1243
2861 122
2873 1767
2880 37
2890 1592
2901 513
2904 1874
2913 1208
2923 58
2934 1640
2959 1036
2960 1056
2971 174
2987 832
