f_0082518.png f_0082876.png
8 57
19 74
23 90
75 171
78 224
79 176
82 216
113 264
132 299
159 301
165 327
168 309
185 325
213 371
225 373
240 389
248 418
255 406
295 493
310 474
320 520
338 754
348 568
392 580
400 579
443 621
446 634
488 759
519 775
524 757
529 744
561 782
564 779
578 822
595 804
598 844
654 858
656 874
672 850
675 866
692 920
695 901
696 922
725 906
732 921
782 1011
811 1061
866 1039
873 1079
896 1120
980 1193
1007 1276
1014 1294
1066 1284
1094 1485
1250 1377
1315 1549
1337 1521
1344 1583
1348 1590
1349 1597
1357 1589
1525 1644
