f_0082702.png f_0082868.png
12 2224
14 2985
17 292
26 514
31 1945
35 562
40 1612
43 1625
45 124
46 90
55 1992
57 2513
64 1606
67 1283
71 951
72 2110
75 1687
76 704
81 491
84 397
86 2537
89 2918
94 47
100 2412
103 729
109 346
111 883
119 1708
123 2829
130 1736
132 449
138 648
139 1377
142 2939
146 2941
153 504
154 2040
159 2061
160 1413
170 2598
175 1044
178 96
180 2114
181 149
183 2724
189 1582
190 1363
191 924
194 1103
195 1827
198 1124
201 970
205 2512
208 486
210 2405
212 403
214 851
215 907
224 1607
227 1490
228 1421
229 1851
230 1324
232 446
234 955
235 591
236 2504
238 1354
241 1776
242 1874
243 365
246 2231
248 107
258 94
271 1008
277 140
282 2491
292 2943
295 1670
299 1228
304 82
305 1070
308 235
309 1539
311 2563
316 832
320 2471
321 790
322 2445
328 329
329 2691
330 516
332 456
334 55
339 1789
342 151
344 2019
345 2275
346 11
351 204
352 2344
360 1621
362 1707
363 723
368 571
371 7
372 66
378 2770
383 2225
385 573
386 338
389 2386
390 152
393 555
395 749
398 2852
402 15
403 1819
404 1822
409 2530
410 1463
411 2150
412 2801
415 1788
418 2415
421 1636
426 1295
427 2357
429 411
430 2875
432 2072
439 1988
440 156
448 1268
452 2248
459 2678
460 2096
461 586
462 601
463 2669
465 1154
467 1990
468 1209
470 130
472 713
474 849
475 1691
478 2255
483 2558
488 1163
490 1637
495 690
500 1032
503 454
511 626
513 2817
516 2265
517 2489
520 1262
522 2868
526 741
529 41
548 2023
551 467
556 666
558 1942
559 2215
562 932
565 116
572 145
574 2583
575 1939
576 780
580 177
581 455
584 740
589 667
590 18
592 1615
598 2101
599 1219
602 1289
608 524
609 168
610 1002
611 464
613 1693
615 2155
616 1737
618 1109
619 2548
620 513
621 670
625 409
635 2536
637 2112
638 914
642 673
643 517
646 299
651 570
654 1595
656 746
657 763
661 610
662 795
663 1465
664 1551
670 721
672 2252
673 439
679 1408
682 2857
698 1663
699 930
700 659
701 2550
704 2493
713 2199
715 497
717 1999
721 442
722 2610
723 528
724 2048
725 2876
731 1088
734 214
735 1405
736 1735
738 1624
740 547
746 901
747 191
752 2793
754 393
757 638
759 2664
763 1664
767 968
770 2933
771 2404
774 2702
780 324
781 875
786 1427
791 1870
792 2234
793 2556
794 2527
799 938
800 1122
801 1940
806 1212
808 1325
809 468
811 2367
815 840
816 2371
822 2540
823 1858
825 1749
833 487
834 676
846 1921
848 224
850 726
851 1108
852 2235
853 268
855 1330
867 1046
869 2526
870 1315
878 1793
879 2570
886 247
888 559
890 558
893 2522
900 2514
902 2289
907 1989
908 1155
911 1031
916 1501
919 1473
923 2518
924 2571
930 1633
931 709
932 1720
933 2340
940 1092
944 578
946 164
949 2898
955 2195
956 1290
960 1189
962 1482
963 2833
964 1892
965 266
967 1718
968 518
969 366
970 428
971 2262
980 1772
982 825
983 732
984 2896
985 1730
986 1798
994 2290
997 2303
998 14
999 2723
1003 2909
1011 1837
1019 83
1025 1062
1031 816
1041 2757
1042 641
1044 180
1059 847
1060 1267
1063 431
1065 1535
1068 489
1085 1074
1086 1041
1090 986
1091 2581
1094 206
1097 1225
1098 2675
1100 201
1101 987
1106 1688
1112 845
1114 1684
1125 940
1126 79
1130 1145
1139 563
1145 607
1146 93
1148 608
1153 1806
1159 2732
1160 1334
1166 1785
1168 435
1171 2507
1174 1202
1177 1801
1181 1682
1188 2984
1191 843
1201 1930
1205 169
1207 1675
1208 2520
1211 511
1214 835
1217 190
1231 2388
1233 1294
1244 1512
1253 2102
1266 2181
1276 2926
1280 2054
1298 2635
1300 2395
1305 2696
1308 2894
1310 477
1311 892
1312 386
1313 1598
1317 2789
1330 2188
1332 1216
1342 422
1351 218
1359 2998
1363 74
1367 2089
1376 135
1385 2120
1386 1143
1387 233
1389 1030
1391 2446
1405 2566
1406 1524
1408 1899
1411 1542
1413 1963
1414 836
1415 426
1418 234
1419 1609
1421 231
1430 2804
1444 2542
1450 2461
1456 2706
1475 328
1477 2611
1492 1449
1495 1238
1499 1714
1508 2848
1509 432
1519 1168
1523 618
1534 1515
1545 1951
1554 228
1556 545
1567 720
1574 1508
1602 2092
1604 2920
1609 306
1611 148
1614 1738
1617 2797
1622 2381
1623 994
1636 171
1639 1091
1640 731
1644 609
1663 196
1688 57
1712 2018
1713 2390
1727 752
1728 502
1731 2705
1737 2773
1756 1586
1758 2075
1769 2739
1770 2651
1773 1169
1785 2562
1810 2585
1811 1563
1812 696
1817 1417
1820 1575
1830 73
1831 1544
1869 1504
1870 992
1890 492
1897 150
1905 394
1919 1388
1926 2271
