f_0082926.png f_0082492.png
4 143
21 382
36 468
39 490
40 475
41 437
46 47
57 439
59 133
61 330
69 251
76 217
78 452
97 212
101 492
103 293
104 225
109 524
119 337
121 631
123 440
129 559
132 282
139 597
140 394
146 343
147 592
174 721
179 502
180 431
184 312
188 412
195 607
196 564
209 456
211 829
214 565
228 663
246 679
254 478
259 898
260 673
280 757
282 454
285 802
287 573
300 642
305 561
318 627
319 529
323 879
325 494
336 758
357 432
361 705
368 472
387 648
393 579
400 637
401 638
405 680
414 598
420 953
421 906
442 632
445 854
473 783
482 732
484 530
494 1124
495 718
511 713
516 1148
529 1175
545 1000
554 958
573 885
575 1003
580 1167
586 1141
609 1437
626 707
643 928
652 1191
654 1314
656 1084
675 1171
676 1109
677 933
683 1404
684 959
687 1125
688 1024
696 779
707 1204
735 749
749 1438
750 1085
752 847
768 1364
786 1336
788 1569
796 1013
798 1667
810 1393
827 1590
844 1106
879 950
895 670
897 1061
907 1586
931 1426
935 1213
952 1143
958 1169
960 1561
968 1176
969 1101
970 1214
997 1205
1002 1857
1004 1782
1005 1755
1006 1679
1010 1267
1019 1317
1020 1225
1034 1975
1061 1828
1064 1702
1065 1636
1070 1749
1092 1240
1125 1734
1127 1322
1132 1693
1162 1551
1174 1865
1200 1477
1208 1622
1213 1435
1218 1570
1251 1799
1253 1583
1301 1612
1302 1485
1309 1543
1340 1997
1355 1623
1403 1868
1421 1725
1433 1897
1435 1814
1436 1761
1442 1762
1450 1925
1469 1858
1483 1804
1498 1833
1518 1704
1520 1953
1538 1920
1542 1840
1552 2321
1554 2398
1585 1713
1592 2157
1601 2037
1633 1872
1687 1947
1688 1932
1704 2410
1722 2245
1729 2073
1730 1960
1757 1992
1758 1966
1783 2030
1805 2039
1812 2296
1834 2240
1893 2307
2081 2345
2160 2375
