f_0082702.png f_0082926.png
83 11
95 7
96 56
119 13
141 4
154 205
158 185
178 140
252 82
278 250
281 16
286 43
287 116
288 145
303 36
305 289
308 40
309 282
311 465
315 101
320 73
321 144
330 60
350 287
356 417
362 491
369 525
371 324
376 362
377 381
382 228
386 430
393 487
395 439
396 374
398 484
400 164
401 260
407 518
411 246
418 401
428 281
436 84
439 226
441 817
448 422
453 427
461 564
468 615
475 634
478 445
480 342
487 438
494 242
495 421
500 569
507 244
508 745
511 530
515 591
519 536
520 716
525 509
526 514
528 752
532 554
533 793
537 224
539 379
544 321
552 295
563 385
570 480
581 830
591 858
597 553
601 350
603 857
608 867
610 467
615 529
620 880
621 913
625 603
626 789
634 840
638 843
646 904
650 493
683 939
687 943
694 972
711 526
717 1089
722 969
733 994
734 1008
739 1049
740 1045
748 557
761 562
773 1076
785 1121
796 659
808 1080
809 1213
810 1163
819 1147
821 653
828 1188
866 1205
870 1225
874 762
878 1323
887 1212
892 1348
894 1208
899 798
904 1346
908 1321
930 1309
938 1004
940 1365
944 1363
945 1395
951 1416
957 1355
962 1328
966 1357
972 1354
975 1407
981 1353
982 1380
990 1461
1007 1430
1010 1375
1033 1436
1039 1393
1058 1028
1061 1483
1068 1522
1072 1434
1073 1469
1085 1479
1088 1502
1093 1450
1095 1571
1099 1561
1112 1618
1114 1501
1115 1612
1133 1073
1136 1649
1145 1652
1149 1634
1156 1131
1157 1602
1158 1601
1159 1675
1164 1373
1167 1671
1170 1525
1171 1224
1172 1629
1187 1448
1190 1688
1191 1694
1194 1687
1200 1658
1203 1707
1214 1596
1221 1766
1232 1472
1234 1736
1235 1743
1237 1718
1239 1730
1241 1813
1242 1819
1244 1529
1245 1592
1247 1786
1253 1505
1255 1767
1262 1379
1263 1757
1267 1391
1268 1841
1271 1815
1273 1405
1274 1795
1277 1809
1278 1807
1280 1816
1295 1567
1296 1823
1298 1937
1299 1537
1308 1728
1311 1831
1313 1852
1314 1939
1328 1859
1330 1517
1332 1590
1339 1924
1346 1600
1348 1623
1349 1691
1350 1897
1359 1589
1363 1920
1377 2003
1379 1913
1381 1918
1382 1998
1383 1856
1396 1716
1400 1753
1405 1997
1421 1982
1422 2006
1470 2057
1510 2105
1525 1950
1541 2117
1546 2125
1552 2231
1555 2182
1564 2264
1567 2227
1570 2406
1664 2557
1681 2753
