f_0082872.png f_0082918.png
256 2142
273 1700
282 404
313 167
338 2285
357 1963
365 1640
370 457
377 681
385 2241
389 1784
396 2781
402 1427
406 1300
409 40
410 2385
418 623
421 1585
433 1117
434 2773
444 691
445 1188
446 900
464 98
466 923
467 251
474 1713
476 275
480 119
487 735
497 2693
498 2238
499 2671
512 1268
513 219
514 2157
515 1387
523 1942
532 903
533 2880
537 1159
538 1384
539 45
547 8
549 1789
552 1203
555 936
565 1176
566 157
568 2691
570 1032
579 319
580 2191
595 1375
596 71
599 2367
602 1468
605 2297
608 2761
609 2948
611 2608
617 604
618 1231
622 451
628 411
638 1826
640 2340
643 1635
650 1732
651 682
655 1355
656 1733
658 2456
662 162
664 2963
665 1118
668 941
677 1796
681 445
684 437
689 1899
691 284
706 2556
713 865
721 2896
722 2298
729 532
730 1527
736 1364
742 674
747 937
748 262
749 658
752 1691
756 308
763 2099
767 2349
768 2002
775 465
776 2690
782 50
787 638
790 2395
793 2373
797 2694
799 889
800 47
804 1774
809 1106
811 2514
819 1090
828 1055
830 1702
832 101
836 1039
841 2175
847 2884
848 1006
854 2553
857 2006
858 90
866 1844
870 120
876 2224
886 862
890 1804
891 825
896 600
902 1205
914 1864
915 806
920 2473
921 1803
924 1475
927 2077
928 686
929 1399
932 1010
934 204
937 2329
941 248
943 1708
945 222
951 1872
961 1797
965 94
976 574
977 2166
990 2371
991 333
993 2081
995 1526
998 1686
1006 113
1010 192
1012 344
1013 2900
1023 1757
1024 1651
1026 1274
1027 341
1032 318
1041 2938
1043 2209
1047 179
1050 2600
1053 2801
1054 249
1056 1464
1063 2946
1071 253
1074 2501
1081 2509
1085 2535
1092 793
1094 242
1097 1413
1099 1381
1100 2540
1106 160
1109 2609
1115 321
1122 359
1128 421
1137 2673
1140 2306
1141 283
1151 2184
1152 998
1153 2986
1154 1197
1169 1612
1170 2576
1172 1192
1173 2150
1177 349
1178 634
1179 2868
1181 2958
1185 2584
1189 838
1196 1947
1198 2872
1202 1336
1203 1289
1204 832
1205 2403
1206 974
1208 216
1218 1389
1220 186
1223 981
1224 2131
1239 721
1245 1252
1254 814
1257 1639
1259 403
1260 755
1266 1930
1267 2891
1277 1809
1278 1306
1281 1547
1284 618
1288 1104
1292 2670
1297 2811
1309 2504
1310 2234
1311 1499
1314 1135
1316 2390
1317 2754
1329 1503
1336 916
1340 899
1342 203
1356 1599
1358 1922
1359 869
1366 2933
1367 395
1373 660
1380 1081
1385 1433
1387 2122
1388 2308
1389 2302
1392 2363
1394 649
1408 2095
1411 1139
1412 220
1414 1296
1417 2662
1418 2575
1424 1409
1425 1270
1427 383
1429 1847
1430 1226
1431 137
1433 1402
1434 1085
1435 1568
1446 928
1449 1410
1455 2269
1461 126
1465 370
1466 2596
1468 129
1471 2114
1472 2093
1476 59
1489 1737
1493 196
1497 463
1506 2937
1508 1087
1516 1441
1521 718
1522 2425
1528 2599
1537 117
1538 345
1539 560
1542 1112
1543 1311
1545 2250
1559 2716
1560 729
1562 2067
1563 81
1565 1536
1566 2679
1568 1860
1572 662
1575 104
1577 1045
1580 603
1581 1769
1584 2869
1593 2502
1594 2668
1595 1557
1598 2843
1600 366
1603 54
1607 2008
1610 501
1616 1155
1617 2957
1618 505
1620 2465
1623 678
1628 2841
1642 1115
1645 128
1651 1808
1654 1544
1659 1647
1670 1254
1675 870
1680 2490
1681 543
1682 37
1694 2033
1696 237
1704 1057
1708 1269
1709 985
1717 298
1718 684
1721 614
1724 746
1728 1383
1732 780
1737 2745
1742 2789
1743 1880
1746 201
1748 1661
1750 418
1751 951
1752 468
1756 1357
1760 381
1762 2873
1770 522
1774 1258
1783 475
1784 365
1785 337
1787 1473
1788 1366
1806 1772
1809 2048
1814 2503
1815 851
1821 1528
1823 774
1830 2188
1834 2973
1835 1292
1836 854
1847 1179
1851 2742
1856 2822
1857 430
1858 454
1859 587
1861 1659
1862 940
1864 2056
1865 648
1868 267
1873 629
1877 2660
1878 2274
1882 502
1891 938
1892 2978
1894 1983
1899 202
1900 1512
1901 469
1903 1560
1915 1741
1919 2977
1922 2815
1937 320
1948 462
1950 91
1953 1843
1956 1752
1957 2291
1966 723
1968 1091
1969 1974
1973 2085
1975 1069
1983 834
1984 2935
1988 2939
1994 1082
1999 1654
2003 1516
2009 217
2010 537
2014 2604
2017 339
2024 1730
2027 2307
2030 2614
2039 1174
2052 1239
2053 1607
2064 841
2068 1242
2071 1138
2090 1519
2119 2023
2131 1140
2136 1356
2148 933
2149 62
2165 1642
2183 1621
2184 972
2188 657
2202 1368
2203 1251
2231 2531
2241 777
2245 195
2251 855
2257 1581
2258 225
2264 1997
2269 570
2270 2854
2273 2331
2281 2097
2292 2569
2295 741
2296 960
2309 239
2322 2544
2323 17
2334 925
2339 2910
2346 292
2350 425
2353 2356
2356 2506
2358 244
2359 282
2365 2725
2366 143
2373 2918
2376 1794
2380 2158
2386 304
2387 2254
2400 303
2402 286
2409 1763
2412 1582
2414 585
2416 962
2417 2683
2422 12
2424 89
2425 1171
2430 1682
2432 514
2439 1671
2442 439
2453 1199
2461 2987
2469 53
2474 868
2480 2124
2481 1680
2482 2839
2493 1152
2506 1013
2518 1604
2529 2467
2531 2316
2534 2790
2561 581
2576 1924
2577 2010
2582 2962
2611 476
2626 1327
2629 2824
2663 1589
2719 2167
2775 1613
2782 907
2867 2895
2868 489
2883 2927
2888 557
