f_0082952.png f_0082492.png
15 85
25 375
32 261
97 531
101 303
104 361
132 415
137 120
256 438
261 758
286 517
293 376
343 1002
379 1124
381 927
396 854
398 712
401 514
407 1147
473 1203
477 943
478 610
480 546
483 694
487 851
530 1291
696 1092
732 1023
734 963
739 1190
796 1373
808 1104
839 839
845 1056
872 890
877 1320
927 1535
928 1151
936 945
952 1210
976 1139
983 1232
988 1224
989 1144
996 1381
1003 1391
1018 1095
1019 1163
1049 1182
1061 1185
1105 1061
1106 1229
1108 1298
1142 1516
1179 1461
1181 1252
1196 1101
1206 1650
1229 1267
1242 1317
1341 1630
1381 1798
1390 1331
1409 1668
1461 1702
1505 1360
1510 1734
1517 1830
1558 1625
1565 1783
1588 1723
1589 1703
1633 1760
1663 1803
1673 1981
1680 1513
1693 1923
1699 1743
1719 1906
1733 1672
1746 1634
1782 1757
1797 1788
1838 1835
1883 1898
1886 1771
1971 1843
1995 1880
2006 1816
2028 1894
2035 1907
2041 1860
2139 2032
2252 2108
