f_0082702.png f_0082620.png
256 31
268 75
275 82
276 33
290 91
299 34
310 101
311 110
315 208
316 132
344 64
348 116
349 139
350 55
369 122
378 137
381 170
389 119
405 324
407 173
418 148
425 171
430 185
434 204
445 230
452 231
453 225
464 178
470 236
488 297
510 413
513 312
527 321
575 372
584 425
588 461
618 428
639 435
643 502
656 469
663 477
665 492
666 471
671 451
679 535
680 498
720 573
732 551
747 546
790 620
816 623
854 682
878 647
887 731
888 704
894 743
895 726
922 730
930 758
951 764
966 794
1000 837
1009 826
1010 876
1016 796
1037 880
1040 865
1051 881
1054 877
1069 893
1093 971
1094 959
1095 925
1098 942
1111 951
1118 1058
1139 988
1150 1000
1157 1028
1159 1038
1166 1001
1167 1053
1172 1049
1173 1032
1183 1050
1191 1083
1194 1059
1200 1075
1203 1060
1205 1093
1211 1076
1212 1061
1217 1096
1239 1103
1253 1422
1255 1129
1277 1117
1323 1184
1328 1172
1329 1206
1339 1229
1351 1258
1355 1203
1373 1251
1375 1237
1380 1240
1381 1235
1382 1265
1383 1352
1385 1599
1397 1294
1405 1291
1414 1288
1426 1628
1471 1731
1480 1433
1606 1890
1633 1898
1639 1916
1656 1635
1678 1918
1693 1843
1798 1666
