f_0082868.png f_0082518.png
11 240
84 906
179 185
206 1010
231 1274
234 1264
295 1256
374 653
406 625
418 896
440 1297
476 572
496 776
504 62
554 18
563 1003
564 848
613 831
614 541
644 858
769 1125
785 1
991 683
1036 866
1109 530
1122 820
1132 165
1170 892
1348 592
1411 282
1482 873
1488 1082
1532 978
1546 1000
1592 1135
1641 229
1684 1017
1706 1068
1782 1104
1843 589
1984 511
2024 202
2172 279
2228 343
2265 371
2379 985
2397 157
2415 296
2521 636
2580 168
2695 1238
2787 623
2793 633
2963 1150
2984 1097
