f_0082976.png f_0082670.png
6 45
26 52
27 0
40 44
49 97
53 134
75 169
81 114
91 162
95 185
104 209
125 215
200 382
225 339
228 423
260 365
263 435
270 469
291 378
292 522
314 513
391 691
420 556
426 575
487 674
536 625
537 707
553 650
555 721
557 726
617 698
650 806
703 825
723 711
730 788
744 853
745 749
774 829
844 899
934 977
961 915
1056 1157
1057 1002
1062 1008
1155 1022
1166 1184
1261 1296
1267 1269
1322 1301
1499 1560
1503 1537
1583 1620
1620 1624
1635 1625
1638 1538
1663 1781
1669 1647
1699 1581
1711 1594
1728 1628
1752 1841
1759 1636
1777 1866
1780 1884
1863 1944
1864 1859
1978 1946
2050 2138
2076 2064
