f_0082412.png f_0082968.png
6 237
22 104
53 231
56 144
68 134
102 158
118 673
141 132
171 248
235 392
270 312
286 750
294 515
304 544
314 926
354 697
370 285
408 1159
423 204
425 879
496 247
524 959
560 743
584 1421
606 707
609 1032
616 1015
620 524
621 993
625 968
643 897
649 797
660 890
673 513
693 852
695 833
750 735
763 1278
784 771
789 936
795 1092
807 1087
818 1357
858 1115
871 731
914 733
928 279
962 1037
966 1218
976 1599
1001 1533
1036 1190
1038 1489
1080 1074
1105 1114
1131 1583
1135 1458
1154 1698
1172 1614
1229 1815
1248 1152
1253 408
1297 840
1304 943
1320 1394
1362 1782
1384 1408
1403 1561
1407 811
1432 1474
1433 1475
1445 1899
1461 1456
1506 1258
1514 1505
1519 1825
1560 1852
1593 991
1612 1419
1620 1956
1648 1257
1686 1560
1691 2090
1711 1714
1714 1301
1743 1282
1750 1930
1764 1346
1767 895
1790 1683
1818 1605
1916 1465
1927 1517
1937 1247
1972 868
1988 1689
1997 1598
2002 2283
2032 2051
2047 1834
2072 1244
2112 2083
2136 1319
2152 1855
2201 2251
2243 1955
2311 1625
2316 1661
2455 2012
2488 2009
2568 2049
2610 2039
