f_0082926.png f_0082670.png
16 169
17 100
18 103
25 33
39 284
41 247
42 239
43 240
57 241
58 164
61 180
67 343
69 140
75 144
77 402
79 181
83 61
84 455
94 170
98 107
101 264
103 161
111 112
123 226
140 209
142 93
147 319
154 64
159 393
160 314
161 203
164 380
173 442
176 174
186 500
189 210
192 539
199 570
210 173
211 197
217 132
218 141
222 198
227 417
244 553
246 368
247 171
253 483
254 249
255 285
260 357
267 194
275 493
280 413
281 403
285 443
287 289
291 184
300 369
303 484
313 604
321 562
325 309
327 511
332 453
334 618
342 652
376 254
379 572
388 266
391 565
392 329
393 273
399 548
405 387
413 525
417 258
428 351
435 324
438 495
441 528
442 347
444 741
451 298
460 410
463 352
469 235
472 591
479 630
485 709
490 315
494 609
501 431
504 215
508 620
509 563
513 639
525 224
527 735
531 337
556 783
577 418
581 541
584 697
586 615
588 530
592 419
596 216
600 322
612 437
616 616
617 405
630 831
631 619
634 513
636 411
640 593
642 698
643 535
651 724
653 881
655 610
657 434
660 452
662 435
668 725
669 491
672 574
674 378
684 586
697 494
701 726
704 477
709 552
710 793
712 468
714 678
716 469
726 840
736 918
749 764
752 507
757 498
762 934
767 522
768 752
772 606
780 519
787 579
789 648
793 502
794 822
796 596
799 743
805 878
808 556
817 538
829 637
832 921
836 575
840 635
843 636
848 780
853 644
858 566
866 569
870 829
871 728
881 600
884 826
885 611
888 1028
902 883
907 865
908 845
912 621
913 597
915 940
930 823
931 787
936 641
939 651
946 1070
947 1064
948 817
952 688
956 897
978 815
991 628
992 1088
993 891
997 737
1001 1125
1007 925
1023 884
1033 1206
1036 1181
1039 928
1048 786
1051 711
1060 1044
1061 1005
1064 958
1074 986
1079 689
1085 756
1115 1081
1117 866
1124 1089
1159 813
1170 1264
1173 1288
1180 750
1181 1071
1182 1039
1183 993
1184 941
1186 915
1195 919
1207 1051
1211 1045
1216 847
1238 1072
1245 899
1248 1289
1255 1339
1261 1118
1272 1165
1274 1096
1280 1073
1287 1269
1293 1148
1298 902
1300 1141
1301 954
1308 1090
1324 871
1332 1022
1335 854
1345 1413
1347 927
1348 855
1349 1149
1350 1019
1355 1006
1361 1402
1369 1183
1373 1236
1379 1426
1392 1178
1395 947
1398 1131
1402 1112
1408 920
1409 1481
1420 1080
1421 1049
1428 903
1429 965
1433 1127
1434 1119
1435 1074
1436 1075
1460 1259
1463 872
1464 1504
1467 1237
1472 1374
1478 1520
1479 1083
1480 1046
1496 1047
1499 1016
1500 1346
1502 1094
1508 950
1522 961
1523 1314
1525 1241
1526 1032
1536 1060
1542 1167
1546 1048
1550 1126
1555 1324
1558 1076
1559 949
1560 1563
1576 1487
1583 1539
1585 1100
1588 1547
1595 1376
1601 1303
1602 1208
1612 1157
1619 1160
1632 1604
1633 1238
1634 1199
1641 1105
1647 1393
1648 1265
1657 1464
1660 1086
1668 1605
1671 1153
1675 1190
1676 1607
1686 1509
1688 1277
1693 1276
1695 1730
1696 1579
1698 1428
1706 1316
1707 1239
1718 1309
1719 1387
1728 1415
1734 1249
1759 1262
1766 1306
1767 1290
1783 1389
1785 1320
1789 1225
1791 1304
1805 1378
1809 1349
1812 1593
1816 1390
1818 1472
1819 1310
1823 1367
1824 1648
1842 1399
1845 1370
1857 1538
1867 1358
1875 1700
1878 1460
1904 1448
1914 1452
1916 1755
1918 1519
1926 1477
1930 1482
1936 1492
1973 1768
1978 1569
1992 1814
2042 1787
2062 1638
2063 1535
2095 1786
2106 1578
2127 1687
2137 1743
2177 1799
2222 1493
2264 1898
2295 1839
2303 1873
2313 1596
2320 1765
2346 1876
2377 1927
2415 1567
2421 1963
2455 1956
2473 1981
2528 1994
2552 2050
2616 2139
2617 2084
2620 2133
2670 1999
2780 2188
2842 2195
