f_0082452.png f_0082620.png
8 0
20 22
87 58
94 115
126 68
147 80
175 212
195 162
216 211
222 178
223 151
233 216
241 140
260 170
271 217
275 164
292 286
304 187
308 177
320 233
330 199
332 198
344 150
365 251
380 175
405 236
411 204
448 225
461 280
470 328
515 284
526 320
536 316
544 327
574 297
580 332
603 326
628 341
659 598
660 355
682 357
722 387
728 393
744 443
751 397
766 394
769 408
791 439
794 425
803 504
814 440
830 533
833 478
839 445
844 469
854 457
865 552
866 540
868 574
873 468
876 487
896 595
911 607
925 617
929 503
940 602
944 611
949 557
954 642
967 638
973 624
978 664
979 619
1011 699
1029 732
1034 740
1036 581
1039 714
1040 590
1041 744
1051 584
1052 578
1056 628
1067 589
1076 703
1081 777
1087 660
1090 798
1102 773
1104 644
1121 814
1129 614
1132 758
1141 825
1149 763
1154 707
1158 726
1160 839
1168 779
1176 769
1186 872
1187 731
1193 794
1194 928
1199 878
1205 778
1222 929
1224 696
1226 865
1231 724
1238 760
1250 960
1268 817
1269 991
1277 713
1285 934
1289 858
1293 923
1302 985
1311 998
1313 756
1317 1019
1319 797
1325 887
1328 827
1333 810
1335 1038
1340 784
1345 860
1355 894
1359 1051
1361 809
1364 822
1371 895
1372 1066
1377 938
1381 903
1385 1050
1390 1083
1399 941
1400 972
1402 1061
1406 864
1407 980
1420 1073
1423 816
1425 885
1441 1014
1450 1129
1457 966
1473 1012
1474 1104
1478 1005
1485 999
1488 1077
1499 892
1508 1117
1510 1153
1515 1094
1528 957
1532 1103
1543 1173
1550 1091
1568 1172
1574 965
1577 1148
1583 1064
1585 1183
1596 1205
1598 1069
1610 1212
1614 1229
1629 1041
1659 1235
1728 1294
1764 1186
1823 1236
1849 1320
1912 1337
