f_0082868.png f_0082958.png
22 716
40 1554
65 943
91 1320
104 1767
140 179
143 1167
180 1747
209 1173
239 795
268 1436
368 1618
455 1095
494 1505
496 1423
512 1905
524 1117
600 1652
665 1355
670 1155
703 368
730 1493
732 1666
747 1740
755 1679
796 1081
811 317
841 799
847 1689
859 1804
941 1662
1045 900
1118 2154
1122 1499
1175 1830
1198 441
1227 938
1236 559
1262 965
1325 1403
1381 465
1468 647
1486 820
1517 1651
1551 891
1565 863
1605 239
1656 381
1748 1933
1778 264
1813 2209
1819 870
1829 643
1834 422
1844 1177
1897 1686
1926 459
1986 2151
2046 1714
2099 1681
2149 1625
2176 596
2194 382
2355 369
2512 434
2548 821
2560 1785
2592 831
2714 2029
2852 873
2855 1137
