f_0082558.png f_0082864.png
25 22
31 849
43 1153
44 307
46 1709
67 26
69 1202
94 21
175 259
177 638
178 2751
195 1029
206 943
214 2597
231 1048
245 2787
256 2835
260 945
294 2248
319 847
326 2313
327 728
375 2308
395 1192
405 624
420 2537
442 2878
467 1400
478 1941
495 131
516 2814
583 273
657 142
676 2516
730 1402
765 1099
772 2467
777 2360
780 2740
783 489
790 1261
816 887
823 441
826 2606
833 329
843 527
846 1332
867 353
872 2514
882 480
895 2325
918 2874
923 596
940 2216
945 1509
946 1687
949 863
993 83
1026 457
1041 2750
1068 1797
1093 1170
1110 977
1112 1645
1117 2994
1134 2477
1204 336
1224 1079
1227 1098
1257 430
1295 2004
1301 584
1343 1267
1369 2464
1384 2158
1396 634
1415 2013
1430 199
1447 82
1474 1524
1499 1870
1501 1536
1503 2903
1532 2014
1538 2990
1543 253
1560 2206
1583 715
1611 2759
1631 445
1674 1023
1678 2866
1752 2331
1774 1966
1784 1611
1801 2629
1802 1112
1813 2121
1825 2208
1830 1062
1835 1551
1855 101
1875 2399
1905 2746
1912 176
1935 2619
2012 43
2021 1183
2041 495
2076 2986
2100 1364
2112 1032
2129 1356
2131 1837
2149 440
2170 1700
2195 1046
2250 173
2267 2854
2289 791
2325 16
2356 2733
2361 2574
2380 628
2381 1130
2413 2442
2448 2035
2454 2729
2478 1384
2483 1898
2486 764
2553 610
2566 1606
2568 605
2619 1569
2667 900
2673 845
2685 2307
2733 860
2749 85
2840 172
2843 652
2862 736
2884 2302
2889 1666
2933 964
2953 1350
2970 1172
