f_0082702.png f_0082924.png
165 155
179 8
190 4
212 45
213 14
215 158
223 100
229 157
230 80
232 335
234 84
235 174
241 20
242 87
243 75
248 108
258 154
260 140
264 123
277 130
278 274
289 225
295 286
303 66
304 310
309 320
321 183
323 341
326 273
331 283
342 527
344 246
350 309
355 495
356 441
361 215
364 210
365 355
367 478
378 209
379 412
382 223
385 471
389 515
393 504
395 499
398 496
407 512
410 614
411 291
417 332
422 747
428 313
431 590
432 575
434 418
438 278
439 308
442 613
445 349
452 399
472 661
477 326
478 474
487 486
493 681
496 719
501 731
518 422
525 589
526 519
528 754
532 634
543 891
545 786
565 802
573 567
574 692
581 814
584 638
586 569
597 610
608 872
615 621
616 714
617 801
620 870
621 898
625 687
627 823
628 806
644 669
646 894
656 827
659 917
668 712
669 923
679 735
685 609
691 939
700 937
701 819
703 1004
707 978
713 966
720 727
745 1064
747 1055
752 1022
753 1056
763 1072
764 1090
768 1073
772 1082
777 1069
780 1118
785 1112
788 1095
790 1071
797 1168
799 970
807 1027
809 1119
810 1132
815 1125
816 1111
828 1149
838 1191
845 1144
846 1246
848 1263
850 1175
851 1201
852 977
853 1009
869 1157
873 1138
879 1283
888 1271
895 1200
904 1267
906 1065
913 1181
915 1242
918 913
922 1296
926 1195
929 1247
930 1327
934 1286
948 964
952 1320
954 969
957 1321
958 1404
961 1233
966 1367
970 1266
972 1374
981 1370
982 1398
985 1103
986 1315
990 1460
993 1170
995 1310
997 1452
998 1208
1004 1342
1005 1343
1006 1377
1009 1437
1012 1443
1017 1469
1021 1393
1023 1401
1039 1422
1040 1474
1041 1454
1043 1400
1047 1429
1052 1463
1053 1444
1060 1445
1061 1482
1067 1440
1068 1451
1072 1436
1074 1579
1083 1369
1085 1538
1088 1545
1093 1448
1094 1492
1095 1592
1096 1575
1099 1583
1109 1547
1112 1614
1114 1528
1115 1591
1124 1563
1127 1332
1128 1516
1131 1624
1133 1193
1136 1719
1138 1623
1149 1655
1150 1611
1151 1675
1154 1650
1160 1672
1167 1670
1170 1556
1173 1668
1182 1410
1187 1499
1190 1712
1191 1727
1193 1542
1194 1711
1195 1759
1200 1681
1204 1746
1207 1718
1211 1730
1214 1642
1227 1689
1236 1684
1237 1792
1239 1774
1241 1823
1246 1810
1247 1811
1248 1720
1254 1572
1255 1794
1256 1760
1269 1756
1276 1822
1277 1828
1278 1845
1281 1805
1284 1812
1288 1777
1296 1863
1297 1859
1299 1603
1300 1846
1306 1633
1310 1753
1316 1867
1317 1897
1321 1847
1323 1864
1324 1848
1329 1887
1332 1687
1336 1860
1338 1901
1339 1932
1346 1714
1360 1941
1363 1935
1364 1900
1373 1954
1376 1960
1399 1990
1411 1708
1420 2015
1427 2026
1442 2072
1443 2082
1449 1944
1457 1891
1495 1913
1496 2074
1503 2052
1513 2051
1518 1970
1520 2131
1523 2181
1536 2144
1546 2128
1549 2271
1557 2261
1561 2227
1588 2413
1595 2360
1597 2342
1599 2280
1600 2279
1606 2240
1684 2602
1687 2635
1725 2419
1726 2699
1745 2795
1749 2839
1802 2897
1819 2938
1869 2908
1882 2930
