f_0082924.png f_0082926.png
6 4
10 9
11 2
12 30
13 53
15 19
16 10
17 11
19 0
22 16
23 7
28 33
31 34
33 18
34 44
35 24
44 21
45 49
46 50
49 20
50 29
52 45
53 54
56 42
61 37
62 52
65 40
66 36
67 48
68 59
72 35
73 39
75 55
79 43
80 69
84 68
85 93
86 57
87 74
91 64
92 73
97 113
98 63
99 88
100 70
105 60
108 87
113 77
114 117
115 98
117 132
122 116
124 78
125 106
129 119
132 107
135 155
136 148
137 114
138 139
139 109
142 120
145 138
147 137
149 130
151 85
153 115
155 172
158 136
163 152
168 208
171 191
173 171
174 166
175 143
178 193
179 173
182 151
183 196
184 188
189 169
190 181
191 189
193 203
194 162
195 175
200 174
201 170
202 197
203 212
208 204
212 153
214 240
215 187
216 194
217 200
218 221
219 222
223 228
232 186
234 201
235 202
242 273
247 165
248 210
257 258
258 244
259 226
261 229
262 243
263 251
264 231
265 256
273 230
274 250
280 254
283 276
284 307
285 286
290 225
291 246
298 242
300 280
303 278
308 275
310 288
311 328
312 299
313 281
316 277
318 324
319 338
322 259
323 302
325 241
326 351
329 339
331 303
333 319
337 293
338 309
344 305
345 355
347 363
349 346
350 352
352 323
353 373
354 330
355 318
356 337
359 358
360 371
361 296
362 335
363 365
364 370
369 375
370 384
374 362
384 368
386 317
388 374
389 381
390 388
391 389
392 394
393 353
394 313
396 345
401 380
402 423
403 369
410 321
412 387
414 396
416 341
417 366
418 427
419 402
420 409
422 386
425 416
426 411
428 360
430 436
434 433
435 377
438 401
446 447
447 408
450 406
451 415
453 431
454 453
455 446
456 454
458 331
462 500
463 442
464 457
466 403
468 428
469 435
472 465
474 445
478 464
481 395
482 473
483 449
487 481
489 476
492 434
494 460
495 451
497 468
500 462
501 479
503 463
505 491
508 466
510 459
511 474
512 483
514 497
516 504
520 501
521 490
522 484
525 455
527 488
529 525
537 506
542 515
544 540
549 502
550 511
551 518
552 519
557 548
560 543
562 486
564 537
566 480
568 567
569 508
574 522
575 566
580 550
581 536
587 546
589 535
590 560
595 523
596 559
598 513
599 558
600 600
604 606
612 570
615 534
617 591
619 573
623 582
625 478
626 529
628 592
633 545
634 575
635 588
637 617
638 586
639 574
643 585
644 608
646 604
651 605
653 627
654 580
656 579
657 637
659 615
663 636
666 601
668 639
670 631
671 632
672 646
676 644
677 649
678 663
680 584
682 619
685 660
686 618
692 675
694 665
700 642
702 669
704 661
705 597
707 673
709 688
710 666
711 653
716 696
718 690
724 704
725 698
728 695
729 716
731 713
732 719
734 650
736 677
737 722
738 723
739 667
740 683
743 718
749 710
750 740
752 702
753 730
755 735
756 729
758 761
760 682
761 734
762 741
763 764
765 691
767 765
772 755
773 756
778 769
779 737
780 706
783 720
785 786
786 780
788 736
789 778
790 779
802 816
803 791
804 760
806 763
808 772
809 790
814 807
816 800
817 823
825 782
828 806
829 812
831 818
836 817
837 830
839 842
841 810
845 799
847 808
848 804
849 822
851 829
856 841
857 834
859 814
862 850
867 838
868 839
869 843
870 880
872 867
875 885
877 827
879 835
881 815
882 871
885 805
886 853
887 879
890 894
892 902
893 889
895 862
896 865
898 911
899 876
900 884
901 895
902 798
903 832
904 897
905 898
909 891
912 887
913 878
915 910
917 912
920 863
921 915
926 869
927 916
930 926
931 888
932 930
933 920
934 944
941 946
942 933
943 949
950 901
952 955
953 945
954 950
957 973
964 922
966 935
973 971
978 958
983 969
987 972
990 982
991 985
993 970
994 979
996 975
998 968
999 991
1002 990
1004 1027
1008 951
1009 961
1014 984
1015 1014
1019 1010
1021 1005
1022 994
1026 1001
1028 1015
1031 1018
1032 1029
1034 1026
1035 1056
1038 977
1042 1028
1047 1044
1050 1049
1055 1040
1056 1085
1057 1079
1059 1041
1060 1004
1063 1078
1065 1068
1066 1037
1067 1039
1070 1101
1072 1082
1077 1096
1084 1093
1087 1036
1089 1081
1092 1109
1093 1100
1094 1092
1095 1097
1097 1144
1099 1108
1101 1118
1105 1061
1106 1074
1108 1114
1109 1132
1110 1119
1112 1121
1114 1123
1118 1161
1120 1134
1121 1151
1125 1104
1128 1116
1129 1153
1130 1125
1132 1143
1135 1142
1139 1176
1142 1157
1143 1160
1147 1103
1148 1171
1149 1163
1150 1172
1156 1126
1160 1201
1162 1198
1163 1124
1165 1184
1167 1189
1168 1217
1170 1181
1174 1200
1175 1188
1176 1196
1177 1206
1179 1216
1183 1223
1184 1197
1188 1174
1190 1214
1194 1227
1197 1221
1199 1183
1200 1186
1201 1222
1204 1210
1206 1225
1207 1234
1209 1218
1213 1230
1214 1202
1218 1228
1219 1247
1220 1250
1223 1212
1225 1209
1228 1246
1230 1233
1234 1254
1235 1260
1237 1211
1239 1220
1241 1232
1242 1253
1244 1285
1246 1286
1247 1244
1248 1257
1249 1224
1253 1271
1254 1277
1256 1293
1259 1296
1260 1273
1261 1284
1262 1289
1265 1280
1266 1263
1268 1281
1272 1290
1274 1261
1277 1256
1285 1288
1286 1311
1288 1262
1291 1298
1293 1310
1297 1331
1298 1241
1300 1322
1301 1305
1307 1255
1308 1283
1313 1348
1317 1302
1319 1358
1320 1347
1321 1320
1322 1318
1323 1327
1324 1334
1325 1291
1326 1236
1327 1309
1334 1328
1336 1342
1337 1365
1338 1315
1339 1316
1340 1335
1341 1321
1342 1385
1343 1370
1344 1329
1346 1383
1348 1341
1349 1363
1350 1387
1351 1317
1352 1372
1356 1356
1357 1333
1364 1325
1367 1357
1369 1349
1370 1353
1373 1354
1374 1355
1376 1382
1377 1350
1379 1338
1380 1388
1385 1368
1386 1381
1387 1394
1390 1396
1392 1345
1400 1374
1401 1375
1408 1352
1411 1419
1417 1413
1418 1408
1419 1416
1422 1393
1426 1379
1429 1420
1433 1438
1434 1429
1437 1412
1440 1432
1443 1475
1444 1435
1446 1443
1448 1450
1450 1462
1451 1466
1458 1434
1463 1476
1466 1456
1467 1494
1470 1467
1472 1477
1473 1431
1478 1501
1480 1472
1483 1499
1484 1483
1487 1495
1490 1474
1493 1484
1496 1481
1497 1458
1504 1512
1505 1526
1507 1532
1509 1492
1510 1505
1512 1519
1513 1543
1515 1530
1517 1535
1518 1540
1520 1500
1523 1460
1524 1523
1525 1506
1526 1498
1528 1520
1531 1546
1532 1531
1533 1478
1539 1514
1541 1537
1553 1558
1555 1561
1562 1571
1567 1538
1579 1586
1585 1597
1586 1574
1587 1587
1590 1570
1593 1585
1595 1552
1599 1593
1601 1588
1608 1604
1609 1575
1614 1618
1617 1583
1618 1602
1619 1613
1620 1600
1622 1645
1624 1637
1625 1612
1626 1621
1627 1615
1628 1610
1630 1614
1636 1642
1639 1598
1642 1596
1646 1605
1647 1622
1648 1592
1653 1633
1654 1606
1655 1617
1657 1630
1659 1624
1661 1636
1665 1648
1670 1671
1673 1644
1676 1652
1677 1649
1678 1663
1681 1658
1682 1650
1687 1651
1690 1626
1691 1661
1694 1669
1695 1659
1699 1655
1700 1694
1704 1639
1710 1693
1711 1687
1712 1688
1715 1686
1716 1706
1720 1711
1721 1672
1727 1720
1735 1714
1736 1697
1740 1705
1741 1724
1744 1691
1746 1735
1750 1679
1753 1729
1754 1737
1760 1744
1763 1715
1764 1742
1766 1713
1768 1758
1770 1756
1771 1731
1772 1776
1773 1702
1777 1750
1780 1741
1788 1753
1790 1780
1794 1791
1803 1765
1808 1806
1809 1773
1810 1785
1811 1786
1812 1810
1816 1790
1817 1772
1819 1794
1821 1783
1824 1819
1828 1809
1829 1795
1830 1799
1831 1800
1838 1838
1843 1852
1846 1842
1850 1836
1856 1824
1857 1835
1860 1839
1864 1860
1868 1862
1870 1848
1871 1844
1874 1834
1878 1859
1879 1873
1880 1865
1881 1876
1885 1872
1887 1874
1890 1875
1892 1878
1896 1863
1899 1882
1900 1937
1902 1902
1903 1861
1907 1900
1909 1897
1911 1880
1912 1881
1913 1907
1915 1888
1916 1919
1920 1901
1922 1924
1923 1891
1927 1931
1928 1918
1930 1961
1932 1938
1933 1972
1935 1969
1938 1892
1941 1945
1942 1974
1947 1952
1949 1942
1950 1950
1954 1962
1955 1916
1959 1956
1961 1955
1962 1976
1964 1971
1965 1980
1966 1998
1967 2016
1968 1941
1974 2001
1975 1987
1977 1993
1978 1996
1979 1997
1980 2032
1984 2006
1987 1994
1989 1953
1990 2010
1998 2033
2001 2022
2002 2023
2003 2035
2005 2009
2007 2019
2008 2004
2013 2007
2014 2041
2016 2054
2018 2093
2019 2011
2023 2073
2024 2055
2026 2047
2029 2097
2030 2024
2032 2046
2033 2071
2034 2072
2038 2078
2039 2091
2043 2092
2044 2086
2051 2085
2052 2069
2054 2074
2056 2100
2058 2036
2059 2076
2063 2104
2066 2111
2072 2117
2073 2090
2075 2098
2079 2101
2082 2105
2086 2123
2089 2110
2091 2102
2095 2112
2096 2127
2097 2132
2098 2137
2103 2138
2108 2126
2109 2136
2113 2152
2118 2178
2119 2156
2120 2162
2121 2149
2123 2173
2131 2150
2133 2159
2134 2168
2136 2167
2137 2151
2141 2188
2144 2182
2146 2181
2148 2180
2149 2213
2154 2171
2162 2210
2163 2196
2167 2179
2168 2191
2169 2226
2171 2219
2174 2201
2175 2165
2177 2218
2178 2200
2183 2225
2185 2230
2188 2231
2189 2232
2190 2208
2191 2260
2192 2197
2193 2194
2199 2255
2200 2251
2206 2235
2209 2240
2219 2268
2220 2279
2222 2252
2223 2275
2224 2250
2225 2241
2226 2266
2229 2257
2230 2273
2232 2264
2233 2289
2237 2284
2240 2263
2241 2303
2244 2312
2246 2309
2248 2322
2251 2325
2258 2290
2261 2297
2266 2292
2267 2310
2269 2311
2272 2261
2279 2308
2280 2334
2289 2350
2290 2365
2293 2330
2295 2307
2297 2349
2298 2367
2299 2364
2301 2347
2303 2388
2311 2342
2315 2357
2318 2361
2319 2380
2321 2363
2322 2379
2325 2377
2334 2374
2336 2383
2339 2360
2341 2371
2342 2372
2343 2378
2350 2387
2353 2392
2354 2408
2356 2402
2357 2396
2361 2385
2363 2406
2364 2446
2367 2433
2368 2423
2375 2444
2379 2412
2382 2441
2384 2409
2388 2437
2390 2443
2399 2428
2400 2460
2402 2449
2408 2480
2409 2476
2415 2467
2417 2463
2419 2452
2422 2478
2424 2473
2426 2471
2430 2493
2433 2470
2436 2496
2438 2492
2441 2499
2448 2487
2462 2468
2464 2489
2469 2520
2471 2503
2474 2512
2476 2514
2484 2534
2487 2522
2490 2540
2491 2529
2497 2497
2498 2543
2502 2525
2504 2535
2505 2536
2512 2552
2545 2562
2552 2550
2553 2548
2557 2582
2558 2594
2560 2580
2562 2564
2566 2584
2568 2572
2571 2578
2574 2567
2575 2607
2577 2609
2582 2588
2583 2592
2585 2633
2586 2589
2588 2581
2590 2597
2601 2601
2608 2620
2620 2629
2621 2617
2624 2616
2630 2625
2631 2630
2636 2649
2638 2651
2642 2632
2646 2655
2649 2643
2652 2652
2657 2664
2658 2641
2672 2656
2674 2684
2675 2668
2681 2675
2682 2667
2686 2674
2688 2680
2689 2678
2691 2669
2693 2670
2696 2683
2698 2692
2704 2693
2706 2682
2707 2685
2710 2701
2713 2699
2715 2714
2716 2677
2717 2716
2723 2698
2726 2687
2731 2710
2733 2722
2734 2717
2746 2725
2750 2732
2753 2750
2755 2739
2756 2724
2757 2748
2758 2733
2759 2735
2765 2744
2779 2754
2781 2753
2783 2759
2784 2762
2788 2771
2790 2791
2795 2778
2799 2773
2811 2792
2814 2787
2819 2799
2824 2785
2831 2794
2834 2827
2845 2818
2849 2821
2850 2823
2853 2841
2854 2807
2855 2844
2856 2826
2864 2851
2872 2814
2873 2848
2882 2840
2887 2847
2888 2843
2893 2838
2896 2849
2900 2846
