f_0082724.png f_0082926.png
35 146
47 169
48 181
51 1268
59 194
60 200
61 266
67 518
81 423
90 808
102 627
113 380
117 354
151 975
158 1166
234 1343
266 482
274 547
279 1071
331 574
341 1485
347 1446
355 1522
364 1516
372 1198
387 1610
393 854
394 1078
400 684
405 772
443 1806
450 750
456 672
478 510
486 1121
509 1188
510 1246
516 1477
532 655
556 942
576 585
577 1171
596 1429
599 811
615 1738
617 334
640 889
641 1288
643 1146
673 1579
674 1932
676 1558
692 931
697 1699
732 1760
744 1736
765 1479
766 1584
769 1665
780 534
781 1815
804 1155
808 2101
831 1480
838 1648
851 2315
856 691
873 1393
878 959
884 1843
899 915
905 1370
943 1250
945 2091
963 1511
982 1879
1001 2695
1004 2058
1022 2420
1026 1945
1043 1520
1060 1041
1074 1001
1096 2131
1102 937
1137 2329
1148 2169
1158 2123
1162 2141
1171 2500
1183 1552
1194 1607
1204 2215
1215 2117
1218 2068
1234 1846
1241 2160
1243 2326
1256 1554
1257 1661
1258 2121
1291 1606
1337 1704
1346 2405
1350 2382
1363 1793
1372 2427
1385 2852
1404 1709
1405 2641
1413 2503
1425 2629
1450 1763
1451 2645
1499 2598
1513 2377
1544 2036
1565 2286
1584 2330
1594 2122
1621 2709
1629 2678
1651 2341
1691 1970
1704 2825
1835 2534
