f_0082912.png f_0082670.png
4 868
18 1986
29 1864
59 116
79 558
85 2039
94 2073
146 1814
158 1109
159 1824
164 1641
168 2197
198 2185
211 1581
234 1981
317 1716
319 754
335 2194
349 345
392 441
393 1626
436 530
445 942
480 18
481 1988
529 1730
572 1655
574 105
582 1989
591 2022
651 598
672 654
674 237
684 1677
701 1964
731 622
765 1757
770 1768
787 1113
788 2153
797 1200
805 707
820 1325
849 1860
894 1767
902 231
905 1068
928 536
936 871
940 1019
950 771
1005 1465
1013 368
1029 1266
1032 1052
1041 1402
1044 772
1052 1437
1065 811
1068 1513
1072 897
1080 434
1085 1878
1091 1555
1105 1958
1120 1262
1175 775
1193 892
1196 372
1216 2053
1226 1387
1236 1243
1246 1760
1251 1290
1259 1174
1274 1868
1348 1333
1356 1738
1358 1172
1364 1100
1366 812
1402 1786
1431 801
1449 1604
1464 1818
1508 2052
1511 713
1515 614
1530 1424
1563 391
1600 2180
1608 2058
1616 579
1618 625
1629 766
1640 583
1642 559
1652 723
1673 1436
1698 1371
1725 513
1741 1018
1775 803
1778 1754
1791 1299
1802 254
1819 994
1849 1734
1859 919
1874 1022
1916 714
1918 885
1924 1967
1944 1241
1954 1413
1961 310
1982 1101
1985 1526
2006 1222
2020 947
2028 864
2047 780
2100 1036
2118 949
2134 674
2137 667
2150 1791
2160 652
2164 1567
2170 1373
2180 430
2255 1601
2273 1926
2299 449
2307 1467
2379 1438
2418 1432
2444 1618
2450 2187
2488 1858
2496 1385
2499 975
2515 1566
2523 855
2534 1474
2544 191
2550 874
2562 1183
2645 1439
2660 295
2666 1747
2706 399
2713 1264
2729 1461
2763 893
2835 1313
2837 758
2908 448
2921 1674
2928 1627
2971 676
