f_0082924.png f_0082942.png
3 128
4 136
6 137
8 191
9 157
16 219
23 236
24 220
30 98
33 176
34 193
40 199
42 77
46 184
48 254
49 50
57 203
58 235
62 181
68 192
71 81
75 175
77 31
89 258
90 316
91 84
92 154
93 234
98 55
99 240
100 204
102 307
105 97
107 207
109 100
111 263
114 229
117 239
122 189
127 295
130 217
131 246
135 296
138 180
147 363
151 89
152 174
156 117
158 318
166 94
167 156
174 333
182 197
183 228
184 257
189 289
195 198
203 369
204 110
206 309
207 387
208 388
211 276
212 313
213 380
217 298
220 227
223 252
225 306
228 402
239 434
240 412
244 223
248 331
251 427
257 439
260 213
265 357
266 375
268 211
273 312
275 398
280 302
283 341
286 394
287 445
291 267
293 347
294 222
297 205
301 400
302 447
304 376
307 225
312 288
314 321
316 362
319 444
326 269
329 478
334 456
340 397
341 417
344 374
346 135
351 472
356 422
360 549
361 266
363 529
364 548
368 232
369 455
372 351
375 430
376 392
378 539
382 159
386 249
388 421
389 471
390 475
391 555
398 311
401 429
406 210
409 255
413 396
414 495
427 580
429 411
430 583
432 506
433 659
434 645
435 282
436 292
439 518
441 545
443 274
445 485
447 487
449 588
450 436
451 474
452 527
453 532
454 500
455 593
456 594
457 682
458 297
460 273
464 610
468 499
470 531
472 611
474 395
479 587
487 481
488 503
489 691
491 243
493 355
500 617
505 639
506 632
507 625
516 626
519 442
520 494
522 609
524 432
528 624
534 383
538 655
539 382
549 385
562 419
563 420
565 350
569 460
570 441
572 536
574 605
579 684
584 647
593 483
599 577
607 638
615 416
620 418
621 480
622 649
625 371
631 390
634 510
637 775
640 650
646 677
648 720
649 621
651 671
652 646
653 731
655 737
656 403
659 690
661 710
662 747
663 741
665 415
668 476
671 717
672 713
673 711
674 425
676 718
677 709
683 668
687 559
689 469
694 736
696 502
698 767
700 569
702 694
703 748
705 542
707 755
708 629
711 468
718 788
719 782
720 810
722 628
726 812
727 595
728 727
730 802
731 849
732 881
736 692
737 772
740 627
742 800
743 811
745 601
746 664
750 688
752 687
753 762
756 754
763 823
771 746
774 858
775 634
778 903
780 679
782 841
784 697
786 863
787 557
788 613
789 799
790 832
794 792
803 857
806 808
808 724
812 862
813 848
814 866
816 837
824 892
827 780
828 838
829 846
831 877
832 937
837 898
839 956
843 880
847 884
848 752
850 816
855 815
856 798
858 962
859 648
861 789
863 888
865 929
869 831
871 914
872 965
875 917
876 963
877 745
884 901
885 702
886 842
887 902
894 913
896 843
898 960
910 936
912 678
913 733
915 886
916 993
920 760
922 891
929 1033
940 921
945 751
947 794
953 1002
955 1049
957 1014
959 779
961 945
966 920
968 946
972 758
973 982
975 1046
976 732
981 1078
983 991
985 1041
986 1067
988 1068
989 1044
990 1062
991 824
998 985
999 1097
1002 998
1003 1057
1005 804
1006 987
1010 986
1018 806
1020 1095
1025 828
1030 1102
1032 1023
1035 1075
1036 977
1037 1131
1040 973
1044 1005
1047 1115
1048 1187
1049 899
1050 1054
1052 1089
1056 1158
1065 932
1066 959
1067 953
1072 1086
1073 1185
1077 1130
1078 1181
1082 1074
1083 1133
1084 1141
1085 834
1086 890
1089 1079
1093 1119
1094 1120
1095 1194
1109 1025
1112 1109
1117 1228
1122 1217
1126 1167
1129 1190
1132 1143
1136 952
1140 1179
1143 1226
1144 1251
1148 1125
1150 1184
1152 927
1157 1108
1162 1200
1166 1138
1167 1223
1168 1321
1173 1150
1175 1168
1177 1193
1178 1186
1180 1265
1183 1221
1189 1140
1191 1222
1194 1028
1196 1112
1200 1123
1202 1320
1205 1084
1206 1196
1207 1274
1209 1136
1210 1139
1212 1290
1214 1003
1215 1107
1216 1173
1217 1206
1218 1225
1225 1273
1227 1178
1228 1216
1233 1118
1239 1172
1247 1148
1255 1345
1259 1111
1261 1243
1269 1326
1270 1346
1271 1211
1273 1390
1274 1135
1289 1219
1297 1395
1301 1372
1302 1051
1311 1171
1313 1389
1319 1399
1320 1373
1323 1294
1324 1318
1325 1076
1329 1314
1334 1215
1337 1398
1345 1333
1346 1437
1347 1423
1348 1302
1349 1322
1352 1323
1356 1253
1357 1271
1363 1105
1368 1350
1373 1269
1374 1270
1375 1344
1383 1482
1384 1170
1385 1195
1386 1301
1387 1307
1389 1408
1392 1154
1394 1277
1395 1444
1397 1306
1412 1161
1419 1431
1422 1293
1426 1175
1431 1378
1432 1409
1434 1407
1436 1317
1444 1353
1445 1312
1447 1203
1449 1365
1450 1463
1451 1449
1454 1473
1458 1340
1459 1341
1462 1462
1463 1464
1464 1465
1467 1332
1468 1349
1478 1368
1479 1417
1483 1441
1484 1405
1486 1258
1487 1375
1490 1477
1492 1392
1494 1291
1499 1316
1502 1434
1507 1488
1508 1266
1510 1309
1512 1435
1513 1496
1515 1374
1516 1367
1517 1495
1526 1413
1527 1255
1529 1404
1538 1451
1545 1471
1550 1420
1552 1485
1553 1499
1557 1545
1578 1439
1581 1454
1584 1515
1585 1531
1596 1419
1599 1526
1601 1356
1609 1335
1611 1493
1614 1539
1617 1381
1622 1556
1623 1630
1626 1521
1635 1575
1646 1411
1649 1480
1653 1529
1654 1418
1657 1560
1659 1498
1676 1573
1678 1649
1679 1489
1681 1528
1682 1571
1694 1505
1695 1566
1699 1416
1700 1589
1707 1629
1710 1549
1711 1547
1714 1484
1715 1501
1716 1559
1720 1687
1722 1459
1723 1542
1725 1555
1727 1601
1733 1558
1737 1554
1739 1483
1751 1533
1761 1468
1765 1504
1766 1527
1772 1662
1776 1587
1778 1492
1780 1550
1781 1609
1785 1594
1789 1534
1790 1546
1793 1610
1794 1638
1805 1661
1808 1729
1812 1653
1815 1508
1821 1623
1823 1647
1832 1600
1837 1595
1841 1581
1845 1659
1846 1683
1849 1626
1853 1606
1860 1762
1862 1613
1864 1703
1869 1792
1870 1619
1871 1634
1881 1728
1887 1713
1890 1651
1892 1692
1894 1686
1896 1620
1907 1616
1911 1576
1912 1597
1914 1773
1915 1665
1916 1733
1919 1631
1922 1758
1924 1643
1932 1770
1935 1757
1938 1603
1940 1709
1941 1784
1943 1852
1950 1732
1951 1752
1956 1716
1957 1791
1960 1801
1961 1699
1965 1755
1966 1813
1968 1672
1971 1712
1975 1765
1976 1796
1978 1809
1979 1817
1983 1795
1991 1671
1997 1742
1999 1855
2005 1831
2011 1816
2015 1800
2017 1860
2022 1859
2028 1891
2032 1787
2044 1979
2049 1854
2051 1991
2056 1931
2060 1867
2061 1754
2063 1810
2068 1835
2072 1890
2075 1782
2076 1786
2077 1839
2089 1915
2091 1723
2092 1777
2103 1946
2105 2063
2106 2071
2108 1842
2109 1882
2110 1905
2113 1914
2116 2096
2117 1829
2119 1880
2122 1881
2125 1971
2127 1772
2139 2044
2154 1833
2155 1862
2168 1911
2171 1822
2172 1978
2174 1977
2181 2143
2191 2032
2192 1828
2195 2061
2197 1850
2200 1976
2203 2104
2204 2049
2212 1887
2214 2054
2220 2161
2234 1996
2242 2043
2255 2261
2256 1879
2257 1910
2260 2109
2264 1936
2269 2067
2272 1909
2282 2051
2284 2152
2285 1953
2287 2189
2288 2196
2290 2231
2292 2130
2297 2122
2307 2108
2312 2084
2316 2280
2319 2174
2320 1989
2326 2188
2329 2009
2330 2018
2335 2017
2337 2045
2338 2058
2341 2068
2342 2088
2350 2119
2352 2144
2355 2039
2358 2124
2362 2195
2375 2215
2379 2118
2382 2074
2383 2101
2388 2129
2393 2134
2394 2200
2395 2302
2404 2083
2407 2203
2411 2230
2416 2303
2418 2093
2421 2202
2422 2193
2423 2239
2434 2192
2443 2160
2450 2139
2453 2072
2472 2437
2476 2238
2481 2107
2486 2285
2493 2403
2496 2329
2508 2125
2516 2279
2520 2429
2521 2197
2532 2258
2545 2327
2548 2377
2552 2218
2555 2284
2567 2371
2581 2254
2583 2310
2585 2486
2589 2264
2593 2456
2598 2474
2602 2369
2606 2467
2611 2418
2619 2407
2631 2434
2635 2425
2636 2417
2652 2442
2661 2492
2669 2339
2670 2390
2677 2463
2689 2450
2691 2446
2696 2373
2704 2466
2706 2361
2707 2445
2713 2500
2736 2408
2740 2540
2758 2527
2761 2431
2762 2461
2765 2514
2770 2443
2805 2482
2831 2516
2845 2537
2870 2535
2884 2532
