f_0082858.png f_0082876.png
6 1572
12 398
16 1868
25 1885
31 1578
73 1997
74 1421
79 1860
83 1531
101 1969
102 1553
118 1995
119 297
127 1822
147 1543
158 1306
161 1677
166 1560
189 1590
211 1557
213 1585
216 1640
226 1511
247 1707
248 1709
250 1907
270 1413
279 799
310 158
318 1198
338 1573
343 366
350 923
353 1639
355 970
389 1733
451 2022
458 402
471 708
472 1501
481 1178
507 1941
515 1595
521 1770
530 1642
532 674
545 992
554 1346
555 913
559 350
560 1218
570 427
583 996
589 1491
596 1442
621 736
624 1408
626 1666
631 582
642 1697
664 1493
665 1519
672 1745
701 879
735 557
739 1663
745 1251
746 1245
750 1703
760 955
786 1908
862 1367
864 756
869 1370
876 1586
919 1272
952 542
961 1719
969 2020
976 545
1020 1665
1031 869
1065 1271
1131 1673
1203 1484
1230 924
1239 1880
1240 1594
1355 1079
1360 1365
1379 1124
1381 1538
1406 484
1410 1692
1421 283
1436 1308
1445 689
1449 1659
1465 1427
1469 150
1481 1624
1507 336
1509 729
1552 1226
1566 1712
1618 1695
1626 710
1668 1444
1669 202
1689 860
1694 1494
1705 998
1711 724
1715 1344
1717 1844
1723 1923
1752 885
1770 800
1785 872
1839 1953
1864 919
1868 999
1881 1202
1892 990
1898 1222
1903 1020
1909 1495
1951 776
1960 1646
1996 703
2012 1101
2024 1250
2057 252
2063 661
2075 1141
2083 1687
2096 672
2101 487
2104 1547
2116 1685
2131 1486
2137 1662
2139 1660
2142 536
2161 1561
2171 709
2176 903
2204 1569
2227 987
2256 944
2268 1324
2314 1521
2340 1698
2341 1125
2349 446
2370 1201
2389 1027
2398 1691
2419 984
2421 1060
2448 1299
2492 1338
2493 642
2519 1036
2529 784
2551 1671
2558 1022
2559 1914
2565 531
2582 1772
2585 390
2590 1307
2606 650
2660 1505
2667 1385
2671 1636
2674 382
2694 1149
2702 1699
2745 1753
2772 646
2781 1570
2796 1643
2826 701
2850 1002
2907 1832
2919 1549
2945 1700
2956 1105
2984 1477
2992 1468
2997 1231
