f_0082776.png f_0082918.png
2 1361
3 1046
5 300
15 1299
19 118
35 1888
36 2785
44 1371
47 1549
48 78
56 970
67 2266
70 1552
87 50
109 2367
114 1470
122 126
135 1175
137 2615
139 498
146 2602
149 1871
153 1557
155 2794
159 1185
161 1270
163 1678
164 157
167 617
175 248
188 634
196 2156
197 2150
209 2021
213 1612
216 541
228 1674
235 2573
240 463
258 345
264 551
272 2609
275 2300
282 1149
283 1436
291 2234
299 494
310 310
312 2134
314 2917
323 2629
328 956
329 2135
340 1179
341 1241
351 2872
355 1812
360 913
384 127
388 1311
393 1310
394 1056
408 2279
419 2636
423 2267
424 136
431 326
435 2219
442 1325
445 2321
461 1190
462 1042
465 2403
469 392
478 2646
484 2319
488 2201
493 1320
499 2168
503 2318
506 2272
508 2938
509 829
543 239
546 1008
547 874
548 657
553 1681
556 1314
557 2120
560 2578
565 1926
569 673
582 1735
584 899
587 2566
592 1413
595 1247
597 1274
598 1054
599 1847
600 329
615 1957
617 253
618 2511
628 181
629 601
638 2599
645 2032
647 2743
648 684
649 2043
650 2749
652 1717
653 1927
656 296
668 2740
670 1062
679 1941
681 1162
682 1210
686 468
687 2282
688 1473
689 1782
695 2363
696 909
697 1595
701 2277
712 540
715 505
716 1024
719 1823
725 433
735 2369
742 414
743 2527
746 2541
751 1758
757 740
759 960
760 1131
764 2432
767 1584
769 2729
770 1321
775 2335
776 1967
779 544
780 2873
786 2001
793 1232
797 1512
798 595
812 1718
828 2890
847 2379
848 2701
851 2816
855 116
857 596
858 336
863 2145
866 608
868 1223
872 2262
875 2307
876 1544
877 240
879 198
884 2417
890 1372
892 1057
907 62
909 1466
912 1463
917 2977
920 1772
925 2067
926 1752
927 480
933 1460
935 2752
938 2521
941 1519
943 2933
944 2537
945 616
950 1794
962 339
970 1642
976 366
982 2728
991 1492
1004 2677
1010 1309
1014 1069
1018 2800
1019 1251
1036 1329
1037 2354
1046 1746
1049 2742
1052 2132
1054 464
1056 194
1057 1788
1072 723
1076 2604
1090 535
1093 2283
1094 124
1096 1854
1104 525
1108 587
1111 1242
1130 1747
1135 1978
1136 1919
1143 1636
1154 2897
1157 454
1178 515
1181 1107
1183 1218
1184 2814
1186 380
1187 2011
1193 223
1204 1861
1208 1051
1219 2934
1222 1186
1228 2848
1233 581
1237 1303
1238 754
1244 1354
1248 2870
1252 1229
1257 1278
1265 2962
1267 2023
1274 885
1275 27
1278 791
1279 2526
1292 2478
1296 417
1299 692
1303 1386
1310 1510
1311 592
1320 786
1329 1028
1330 650
1339 1302
1340 2408
1348 2016
1353 599
1373 2361
1380 12
1403 952
1423 2617
1428 467
1429 2104
1436 1669
1442 2202
1444 910
1452 1623
1454 273
1467 671
1471 133
1479 456
1502 855
1528 1962
1529 1456
1555 2059
1564 159
1577 1025
1583 612
1590 1341
1597 371
1602 1882
1603 514
1617 1820
1625 1692
1656 1215
1675 1562
1715 1352
1745 2972
1766 1182
1781 538
1790 401
1792 2342
1796 2622
1814 413
1819 504
1845 2659
1959 1551
2051 1663
2069 1483
