f_0082452.png f_0082872.png
2 97
5 309
9 193
13 194
21 326
26 164
46 161
57 234
59 209
95 218
121 247
170 290
183 338
188 423
198 317
206 394
241 421
249 388
258 487
260 459
263 385
281 514
289 491
291 651
306 464
346 558
364 458
387 780
412 611
420 570
447 610
456 635
465 604
506 667
515 739
631 901
646 854
708 953
710 959
901 1119
964 1202
968 1108
1077 1429
1154 1496
1201 1467
1202 1474
1253 1466
1254 1741
1314 1728
1333 1566
1397 1584
1409 1893
1471 1901
1529 2077
1532 1986
1536 1640
1537 1669
1553 1873
1558 1647
1565 1658
1587 2086
1597 1755
1600 2006
1619 2073
1622 2096
1637 1749
1652 2014
1653 2146
1659 2057
1661 1856
1816 2274
1819 2217
1825 2224
1874 2126
1946 2223
