f_0082864.png f_0082868.png
0 15
7 540
12 12
13 732
16 198
18 1470
19 122
21 2098
22 1636
24 45
25 2981
26 84
27 5
28 91
30 2141
31 68
32 11
33 368
37 405
38 36
47 2514
48 2932
53 92
55 2977
56 988
57 4
59 49
65 253
67 72
68 2768
71 757
75 0
77 2491
81 966
87 3
88 1800
92 544
96 146
100 393
101 803
102 2840
103 1724
104 252
109 170
112 1400
122 1070
123 2513
128 791
135 978
136 332
139 560
140 1333
142 2950
143 992
144 50
147 728
149 1563
150 1869
151 1202
153 662
154 2129
155 628
157 2452
158 1658
159 17
162 13
163 2053
169 1989
172 289
178 154
183 2422
185 1575
187 1256
195 1733
200 2349
204 922
205 2265
207 750
208 190
209 58
210 1295
212 2669
216 1
218 292
219 859
222 2855
224 632
232 103
233 208
235 2151
236 1426
238 345
240 2404
246 2818
247 1705
252 96
257 912
259 847
261 1436
262 578
263 131
264 329
266 264
268 514
269 2938
271 2431
272 380
277 2420
281 32
282 2096
283 256
294 48
295 1986
298 2097
303 1796
304 741
307 24
308 151
312 1802
321 1210
327 2219
331 369
333 1428
336 1825
337 782
339 1132
340 2783
341 241
342 2062
345 973
346 840
350 57
353 571
355 100
362 296
373 319
374 499
376 2103
378 668
379 184
382 655
384 2236
390 1236
392 2411
393 1415
395 2093
398 1928
399 140
406 674
409 6
418 1379
421 341
424 1534
425 2878
427 210
428 144
429 1139
437 31
440 177
441 726
445 1670
449 2785
451 937
452 1038
453 1000
456 1536
458 2504
461 1185
467 214
477 2440
478 2297
480 713
488 1614
490 2315
491 2745
493 553
498 400
500 2004
504 593
505 227
509 2057
512 1688
513 880
516 2146
518 1991
526 1133
532 217
533 877
537 90
538 1832
544 527
545 1649
547 1004
548 708
557 2711
559 226
560 1074
570 745
571 520
573 98
575 2802
576 2406
587 119
588 832
594 517
595 117
596 2073
602 101
604 1016
606 326
609 334
616 233
619 1282
621 2663
622 2386
625 906
630 1499
632 165
634 2993
635 2477
636 1053
642 354
644 2623
645 197
646 391
649 1212
650 244
651 279
652 1394
654 1052
656 2389
657 1783
660 2850
663 451
664 1115
672 163
673 1524
676 2009
678 2644
679 2641
680 2839
685 2371
688 2137
693 680
696 364
704 1757
705 2306
708 2100
709 614
711 1238
712 852
716 1507
720 749
723 510
730 2924
736 425
737 1106
738 120
740 371
744 1657
746 135
748 75
754 402
755 302
761 683
763 733
764 7
766 2584
770 2994
771 2499
772 1054
775 2885
782 1853
783 1343
796 1269
801 1093
813 2673
814 1112
816 2720
818 8
824 259
828 388
829 455
836 848
837 931
843 600
845 2397
860 611
863 2273
868 390
870 94
873 1298
880 1377
881 1650
885 1254
886 584
889 2184
890 1887
892 1095
893 1252
897 2250
911 2381
913 601
915 1903
920 645
925 1710
926 722
931 235
932 1961
933 2767
939 1763
940 340
941 468
942 2442
944 731
947 2075
948 1586
955 466
964 572
965 2041
966 2734
969 564
976 2749
977 116
988 740
989 2524
992 42
999 449
1001 919
1006 172
1009 1030
1010 1964
1011 236
1013 2537
1022 2751
1030 230
1033 1583
1036 104
1037 2165
1038 1314
1040 2279
1041 2094
1042 406
1044 1713
1045 1231
1048 1653
1049 529
1051 1987
1055 1123
1057 374
1059 1290
1067 1220
1078 603
1079 409
1082 2796
1084 2419
1087 758
1090 2652
1093 2626
1098 835
1099 156
1103 2021
1105 796
1109 257
1110 2307
1112 239
1125 2102
1126 1692
1130 892
1131 554
1132 2732
1133 2407
1135 846
1145 1912
1163 2611
1165 787
1168 640
1170 2496
1174 286
1175 1794
1178 142
1180 1242
1181 2884
1182 2948
1185 2520
1192 725
1195 2022
1196 2490
1199 2610
1205 124
1208 1322
1211 108
1216 1066
1221 2692
1222 1411
1225 1291
1227 1414
1232 30
1248 1727
1256 2677
1262 1262
1264 291
1267 367
1268 809
1269 479
1271 2700
1276 352
1280 1697
1281 459
1282 2975
1283 1616
1286 1500
1293 2433
1302 1620
1303 1137
1305 2894
1318 1919
1321 789
1322 87
1329 2143
1332 776
1342 921
1343 1034
1345 1440
1346 1814
1348 2830
1360 1077
1365 1386
1373 2464
1377 2909
1384 694
1387 1203
1399 2474
1400 1759
1404 2345
1409 810
1411 2733
1414 1186
1418 2193
1421 1463
1422 2248
1423 446
1430 794
1437 633
1438 2277
1440 2284
1442 1383
1444 833
1450 1761
1453 1339
1455 793
1461 932
1462 2570
1464 401
1476 2188
1482 738
1483 1365
1491 2853
1496 489
1500 688
1503 331
1507 690
1509 1092
1514 1611
1524 1049
1530 70
1531 164
1541 2787
1542 594
1543 2138
1546 2337
1547 636
1548 786
1550 2241
1553 2763
1556 1811
1562 2650
1567 2928
1572 2325
1574 2609
1580 2573
1581 2232
1590 1786
1593 2671
1594 2567
1615 295
1617 315
1621 2888
1622 1304
1625 2775
1626 770
1632 2412
1635 1677
1642 2589
1649 2905
1657 1300
1659 1623
1660 245
1661 2339
1662 2740
1663 2621
1666 974
1674 1711
1675 205
1676 1801
1677 2821
1678 2483
1679 2067
1681 2362
1683 2290
1687 166
1688 1071
1689 1020
1694 2817
1697 1553
1702 2153
1710 1979
1711 2393
1721 1999
1722 818
1724 537
1728 2482
1731 1391
1746 1446
1749 558
1750 1872
1751 480
1752 1023
1757 827
1759 2983
1765 2870
1766 2124
1769 2328
1771 2301
1780 851
1785 535
1788 1900
1789 28
1793 2233
1795 2915
1796 759
1797 1204
1798 46
1800 2758
1808 2116
1819 375
1828 1780
1829 1149
1832 1518
1834 385
1836 2659
1840 1328
1842 2413
1843 657
1844 2409
1848 2180
1853 1318
1865 2681
1866 2995
1871 395
1875 660
1880 1953
1887 1577
1893 784
1900 778
1902 629
1904 1130
1908 234
1909 2971
1915 2308
1920 806
1922 1781
1924 2651
1932 2806
1933 2127
1939 2511
1946 26
1947 1633
1949 1346
1950 2784
1951 1001
1952 798
1953 2860
1956 2577
1964 1870
1965 515
1968 1566
1969 266
1972 428
1973 434
1974 1916
1978 2531
1979 2789
1981 202
1982 491
1986 82
1987 152
1992 1412
1994 819
1996 823
1998 1439
2013 665
2027 573
2030 125
2032 2320
2035 2536
2036 719
2038 2239
2041 2698
2045 1284
2046 1483
2051 1319
2056 2939
2060 1003
2061 1317
2065 1978
2068 383
2071 2438
2074 697
2087 2558
2089 1981
2092 1330
2094 1384
2098 902
2100 1240
2103 2492
2105 2946
2120 1693
2127 194
2128 2989
2131 676
2136 89
2139 707
2140 1302
2148 1163
2149 623
2150 1495
2153 964
2156 477
2162 857
2169 2115
2171 2167
2176 1639
2181 2254
2185 1225
2199 2275
2204 351
2205 1656
2208 2900
2209 1102
2210 1923
2216 2199
2219 1529
2221 1211
2224 1145
2228 2639
2229 473
2230 1007
2235 1259
2238 126
2248 1183
2252 920
2259 287
2260 1789
2263 1512
2265 2923
2270 1859
2272 1962
2287 1925
2290 1246
2292 2391
2294 1294
2297 1667
2302 361
2303 2668
2305 2113
2306 1234
2310 475
2317 2705
2318 1141
2322 1613
2323 127
2326 1155
2328 2350
2329 176
2333 2436
2334 22
2336 1493
2337 747
2340 2978
2345 547
2357 2632
2358 2956
2360 513
2361 1144
2364 1083
2370 1264
2374 1896
2381 150
2382 336
2385 1660
2388 916
2392 1729
2394 2356
2396 1776
2402 1972
2406 862
2407 788
2408 293
2410 1285
2411 1861
2412 353
2414 1182
2418 1008
2425 831
2431 303
2432 1607
2434 2696
2435 2159
2438 2382
2439 1088
2442 644
2446 356
2452 1068
2456 1136
2458 2181
2459 1581
2460 895
2462 403
2463 845
2467 2655
2468 1289
2469 1548
2475 2007
2486 2392
2491 65
2500 2064
2502 322
2506 1492
2509 2845
2513 1935
2515 1457
2518 2063
2523 1173
2525 1804
2531 1599
2532 1550
2536 557
2546 2506
2550 1373
2554 944
2558 2770
2561 2642
2563 2198
2568 1477
2569 1771
2572 1502
2575 1617
2579 879
2582 423
2586 1768
2588 2760
2591 2996
2596 1027
2604 2875
2608 2385
2611 2545
2613 2268
2616 1817
2619 1551
2627 1844
2628 1455
2629 1315
2631 511
2637 2801
2648 1539
2651 1482
2652 504
2653 2522
2674 1622
2676 2622
2677 2962
2679 1619
2684 2172
2685 342
2687 768
2688 714
2689 1669
2693 930
2704 1357
2707 737
2718 1598
2720 155
2724 599
2728 658
2729 914
2733 162
2742 901
2743 458
2749 418
2756 2205
2759 1528
2762 2047
2764 539
2767 1459
2768 37
2772 2672
2785 1516
2788 1158
2790 630
2796 2476
2798 1208
2802 868
2803 1939
2808 1760
2812 1114
2814 41
2816 2014
2820 1648
2821 838
2822 2803
2823 1341
2824 1736
2828 1218
2830 541
2834 2728
2851 2717
2856 1471
2858 2828
2861 568
2864 2921
2865 1156
2866 1353
2867 1772
2868 1615
2869 169
2871 404
2874 1570
2877 950
2878 2723
2881 1113
2884 591
2886 843
2889 618
2899 2630
2904 1931
2905 148
2912 2544
2913 206
2916 1982
2920 2683
2930 2281
2932 275
2937 2238
2940 2032
2942 1519
2943 2468
2945 1807
2948 1151
2949 2516
2951 43
2952 107
2954 1458
2956 1165
2958 1819
2965 1274
2966 2741
2969 2417
2978 766
2980 357
2982 1701
2983 1351
2999 132
