f_0082724.png f_0082492.png
52 654
75 317
87 141
96 190
156 278
168 249
195 140
196 394
206 304
207 518
210 330
219 302
220 485
224 391
226 640
232 393
239 562
244 97
245 803
248 797
249 74
265 81
272 528
273 632
283 700
286 154
287 540
288 587
299 720
320 902
328 890
330 652
337 1011
360 443
362 1056
371 475
383 608
384 1025
389 467
390 1061
409 1169
411 1184
433 657
435 1225
440 1229
452 1214
459 556
460 647
475 1268
486 1323
487 1507
495 629
499 548
510 1340
519 1338
522 942
525 1356
526 789
532 1071
540 845
553 760
554 1499
555 889
565 1202
566 747
567 1129
576 1022
585 1618
612 1088
630 1167
635 873
636 1556
659 704
666 1640
670 1631
679 1653
686 1587
688 1637
693 1623
702 1582
708 1440
718 1348
745 1744
766 1771
781 1994
818 1090
821 938
866 2109
871 1949
873 1803
879 1029
886 1980
899 1437
904 2026
924 2097
938 2103
943 1698
951 2142
954 1353
979 2195
1024 2209
1028 1866
1036 1792
1039 1709
1057 2271
1064 1480
1094 2158
1105 2334
1108 2412
1125 1988
1136 2016
1144 2017
1164 1822
1165 2027
1167 2429
1226 2416
1255 2079
1300 2568
1573 2569
