f_0082882.png f_0082724.png
61 126
65 100
69 85
100 194
132 156
147 210
150 170
156 360
162 112
168 196
215 282
222 13
225 82
233 495
240 110
245 111
263 31
268 52
275 157
283 598
291 18
295 287
308 319
309 225
315 461
318 656
319 307
325 299
326 123
327 102
328 522
338 176
343 608
355 99
383 328
388 312
390 313
399 950
404 456
409 965
415 565
423 818
425 489
430 451
436 496
438 497
440 856
442 407
446 537
452 173
470 409
474 1083
475 375
482 457
483 183
489 600
497 396
503 73
513 314
516 692
518 623
521 291
525 440
526 713
527 797
540 204
543 357
554 486
569 471
587 702
589 737
602 528
611 749
622 618
623 558
633 791
636 943
644 364
645 247
669 436
672 905
687 778
701 256
706 960
711 1225
713 446
715 1028
721 488
722 963
735 359
742 366
746 382
798 571
801 1361
806 798
807 1333
816 871
819 781
832 674
833 740
846 866
857 1190
859 1081
866 806
872 1024
879 944
880 862
892 720
900 1016
905 1185
908 1231
912 1166
918 1128
919 1105
927 1232
931 1049
933 776
945 1227
967 1211
968 1203
975 1158
977 1135
984 1359
988 1258
991 1215
1007 1167
1010 1219
1023 1308
1028 1454
1042 1280
1049 1326
1061 1146
1068 1472
1079 783
1081 1421
1083 1423
1085 1433
1090 1444
1096 1122
1108 1246
1120 1168
1132 1001
1133 1912
1137 1628
1141 1595
1188 1253
1218 1488
1229 1425
1230 1357
