f_0082886.png f_0082670.png
99 8
149 150
165 221
166 39
176 20
182 268
199 225
205 26
211 361
218 121
220 126
221 108
227 73
240 182
247 141
262 483
268 184
297 188
298 228
309 278
311 570
327 571
337 280
343 298
346 617
348 604
353 259
361 315
362 218
368 310
374 237
377 316
380 311
381 295
384 341
385 333
386 236
394 642
406 291
413 673
457 681
477 473
479 742
484 496
485 447
487 466
496 837
500 800
507 449
508 421
519 832
523 508
525 389
534 487
536 558
543 498
548 426
553 838
554 840
557 857
568 564
573 489
577 502
582 573
587 607
593 527
605 663
611 669
612 587
624 688
641 560
643 777
645 559
651 590
652 1031
654 718
663 720
666 737
676 628
682 786
693 676
698 817
708 803
717 771
737 801
738 711
745 748
750 734
755 1125
770 773
779 806
783 1103
788 1045
799 848
816 839
830 792
835 978
845 1019
851 1149
852 1178
855 927
857 1006
859 903
884 1052
887 824
890 906
892 1197
901 1236
912 1127
915 1094
918 1008
919 916
928 908
937 1402
939 869
948 1298
949 1173
953 1374
963 1192
980 1135
983 1179
993 1054
1009 1101
1010 995
1016 972
1034 1279
1053 1059
1058 1068
1068 1087
1077 1137
1082 1136
1085 1114
1101 1272
1112 1228
1124 1187
1133 1347
1136 1205
1159 1581
1166 1594
1175 1380
1220 1750
1229 1251
1259 1578
1266 1799
1293 1787
1308 1580
1328 1654
1329 1567
1346 1695
1375 1791
1409 1806
1413 1562
1446 1644
1457 1703
1459 1897
1467 2118
1472 1989
1512 1793
1521 1794
1555 1836
1578 1977
1587 1938
1591 1929
1613 2003
1615 1837
1761 1954
1851 2181
1876 2195
