f_0082942.png f_0082968.png
13 265
19 317
124 738
179 298
276 687
285 446
356 545
437 713
457 901
468 624
516 878
771 731
821 837
831 890
836 1039
837 1048
864 1063
869 1064
911 1369
925 1087
973 1136
987 1165
1054 1347
1059 1223
1079 1402
1087 1378
1093 1431
1109 1441
1112 1268
1119 1424
1124 1443
1150 1486
1156 1663
1173 1472
1178 1533
1188 1457
1198 1701
1219 1510
1247 1528
1248 1521
1288 1691
1301 1654
1314 1830
1318 1797
1340 1897
1374 1793
1412 1919
1422 1914
1440 1951
1472 1934
1485 1868
1499 2056
1531 2099
1538 1855
1547 2098
1548 2129
1562 1955
1582 2015
1596 2070
1646 2083
1647 2230
1702 2304
1789 2280
1791 2365
1813 2394
1833 2020
1844 2395
1870 2390
2072 2054
