f_0082864.png f_0082776.png
10 1509
12 1358
20 1772
29 650
53 536
54 1404
57 1185
73 1494
86 184
98 374
151 418
170 1147
171 414
180 1475
208 848
217 248
223 1189
231 1120
254 843
259 715
280 217
284 1638
295 1213
304 310
317 554
409 1288
425 876
447 1463
453 633
484 1781
490 914
495 483
510 1222
523 652
527 442
528 1800
530 711
538 1020
543 1875
596 587
619 1197
624 462
629 293
649 636
661 95
673 532
684 1992
704 982
741 1112
746 787
751 648
754 767
774 1588
802 1324
815 1013
819 158
837 137
885 1678
890 1409
900 196
908 593
926 682
930 722
941 302
955 575
957 79
964 460
1014 1425
1036 363
1040 698
1067 413
1086 496
1090 868
1100 1593
1127 803
1132 558
1143 995
1232 1256
1240 1576
1243 274
1245 524
1267 1050
1270 659
1277 1937
1284 694
1289 306
1314 1291
1322 251
1325 221
1331 503
1402 891
1410 1045
1436 126
1441 117
1448 247
1481 597
1541 391
1547 1701
1552 1524
1561 1181
1597 484
1612 2
1653 1740
1687 1403
1694 381
1703 709
1735 1813
1740 553
1746 888
1800 623
1865 1006
1893 916
1900 565
1908 922
1920 1051
1946 1130
1964 253
2009 672
2015 1804
2038 441
2054 183
2081 1257
2095 1432
2099 630
2140 1753
2162 939
2164 1453
2202 195
2229 890
2234 92
2259 1540
2288 426
2300 463
2303 1287
2327 421
2428 315
2437 763
2463 521
2464 19
2515 1485
2581 110
2623 1234
2625 1428
2631 822
2644 643
2677 881
2687 721
2690 1445
2697 1818
2718 563
2730 345
2754 400
2764 1919
2790 980
2798 1023
2810 425
2816 317
2826 364
2855 702
2864 1676
2886 619
2892 140
2919 62
2940 1433
2949 507
2990 889
