f_0082492.png f_0082958.png
288 197
303 20
337 186
365 36
367 232
418 440
424 342
428 303
456 324
457 295
493 239
502 101
512 226
525 438
566 259
573 258
587 490
592 35
615 164
616 334
627 310
632 437
639 559
642 225
658 668
680 403
682 729
686 254
693 714
698 112
705 237
740 473
758 196
771 625
826 224
828 498
880 774
895 887
902 744
918 177
927 279
928 639
957 267
963 638
984 188
985 594
986 660
993 563
1013 854
1022 316
1048 321
1056 844
1095 837
1096 841
1097 853
1098 869
1099 891
1100 905
1124 278
1125 643
1139 799
1149 408
1152 1302
1157 951
1163 982
1175 285
1183 978
1185 870
1200 391
1213 1011
1219 328
1225 1121
1238 719
1241 1000
1314 455
1322 1230
1347 454
1355 1191
1366 413
1369 436
1373 602
1433 829
1449 1227
1452 1418
1477 1248
1485 1389
1499 1443
1506 1459
1510 1048
1518 1505
1549 1043
1550 1107
1617 1287
1623 1487
1643 1504
1656 1482
1673 1160
1748 1039
1783 1463
1944 1412
