f_0082620.png f_0082958.png
11 353
22 448
24 688
118 490
124 566
131 393
140 334
148 378
149 491
156 398
158 84
160 777
173 626
178 230
180 800
187 613
199 673
200 473
203 166
215 631
231 236
236 654
241 62
257 625
258 724
260 802
270 766
273 299
274 501
286 1038
290 855
303 639
312 499
317 558
319 638
320 736
322 1071
325 218
326 272
333 1089
349 77
355 477
357 347
380 569
387 643
391 1217
394 408
397 338
404 1175
408 482
414 629
415 837
417 853
421 869
422 891
423 905
424 94
426 799
429 919
432 930
435 1179
439 284
442 793
445 391
456 222
458 679
463 414
465 1063
469 795
482 580
483 1300
486 728
489 1012
498 551
503 633
505 1335
506 497
519 649
521 1030
522 1121
525 1461
527 464
533 1194
535 585
540 1213
544 461
546 1330
547 632
548 1163
552 1119
559 750
564 1268
575 1415
580 1613
581 653
585 831
586 1414
593 1395
596 1631
611 1230
615 1537
616 1514
621 890
625 1540
631 563
635 1565
650 1593
656 1559
660 1091
667 1147
677 1199
689 525
696 958
697 1683
709 1641
721 1389
726 1225
727 1459
743 1211
752 1222
758 1356
772 1438
773 1468
799 1814
801 1141
806 1404
817 1314
825 1661
828 1403
830 1259
831 757
855 1170
856 1258
862 1227
863 1369
864 1052
876 1324
886 1307
894 1349
895 1368
905 1796
909 1761
914 1767
918 1621
930 1849
938 1423
945 1153
953 1760
965 1067
966 1354
968 1568
970 1339
971 1383
972 1556
982 1503
984 1697
985 1818
994 1824
996 1550
998 1836
1005 1542
1009 1808
1019 1851
1031 1017
1036 1712
1041 1287
1047 1768
1048 956
1049 1667
1051 1861
1052 1862
1055 1420
1066 1883
1075 1672
1076 1732
1078 1656
1083 1893
1099 1639
1125 1670
1129 1945
1131 1852
1133 1756
1137 2029
1140 1660
1148 1819
1153 1960
1167 1959
1173 2015
1184 1981
1188 1738
1189 1753
1191 1858
1196 1625
1206 1995
1229 2005
1230 2110
1233 1846
1241 1972
1242 2037
1249 2028
1257 1366
1266 2043
1274 2019
1283 2070
1291 2078
1292 2079
1294 1944
1298 1566
1302 2060
1322 1707
1326 1434
1340 2084
1350 1498
1356 1882
1371 1582
1385 1435
1401 2213
1419 1653
1436 1674
1445 1703
1451 1797
1454 1765
1458 2208
1467 2207
1468 2222
1475 1777
1487 1792
1533 2232
1561 1875
1573 1890
1620 1949
1635 1828
1657 1801
1669 2236
1677 2107
1691 1844
1694 2141
1714 2184
1732 1975
1759 2162
1789 2008
1794 2258
1800 2284
1836 2278
1838 2014
1849 2167
1852 2046
1863 2317
1870 2140
1887 1915
