f_0082702.png f_0082946.png
16 83
42 177
45 16
46 24
57 112
80 102
81 129
82 140
83 189
86 10
90 204
93 230
94 42
100 154
117 289
133 229
155 155
156 455
159 419
161 50
165 372
178 126
179 195
180 224
189 47
192 217
195 96
208 232
209 169
221 62
232 485
235 319
236 296
242 173
247 22
251 181
252 237
257 498
289 304
295 401
299 137
302 607
308 127
316 423
323 382
324 691
326 295
327 381
328 632
329 663
342 650
344 308
345 636
349 202
350 312
351 682
364 257
365 331
378 216
379 352
382 250
383 293
384 482
386 552
395 584
396 426
403 541
407 540
409 549
421 590
426 631
431 686
437 548
439 231
441 629
448 432
460 309
461 639
462 597
463 791
464 391
486 350
488 394
495 379
496 829
501 905
517 968
519 528
520 837
524 241
526 441
528 768
539 335
547 373
559 236
564 408
566 897
569 214
573 390
579 851
580 852
581 915
584 500
585 950
590 1045
591 924
593 1026
611 1062
612 978
615 452
619 801
620 956
626 760
627 772
628 802
634 827
638 835
639 942
644 514
645 771
651 770
659 1006
663 765
669 1007
676 645
678 906
684 1121
693 858
694 971
698 881
702 935
705 1036
707 965
711 424
719 970
721 983
722 1021
733 1005
737 964
741 587
759 1165
763 1063
764 1067
770 803
773 1086
777 1048
779 1176
780 1239
788 1202
800 888
801 1175
806 669
810 1128
811 1337
819 1161
828 1151
832 1188
850 1170
859 1043
866 1200
877 1210
878 1294
888 1195
890 1215
893 1302
894 1094
904 1236
905 1252
906 910
910 1292
913 1019
915 1150
918 787
925 969
926 1110
930 1247
931 1284
938 901
940 1368
951 1373
957 1246
964 711
966 1262
974 1168
980 1149
981 1205
982 1267
991 1430
995 1126
996 1163
1005 1184
1012 1511
1016 1481
1017 1522
1023 1241
1028 1000
1031 1564
1037 1381
1040 1409
1048 1468
1056 1540
1059 1266
1061 1343
1071 940
1073 1317
1081 695
1083 1183
1095 1476
1103 1517
1104 1591
1108 1369
1110 1012
1113 1322
1114 1363
1123 1251
1128 1356
1131 1620
1138 1626
1146 1593
1157 1508
1166 1535
1172 1501
1177 1573
1185 1675
1190 1559
1200 1514
1201 1614
1204 1630
1212 1634
1217 1571
1231 1141
1257 1664
1263 1618
1274 1683
1279 1648
1280 1696
1281 1674
1284 1681
1290 1736
1295 1484
1296 1708
1297 1686
1318 1600
1321 1662
1323 1709
1336 1780
1360 1793
1363 1792
1394 1797
1404 1778
1409 1887
1412 1788
1422 1856
1458 1647
1460 1710
1466 1587
1478 1897
1480 1874
1503 1956
1505 1955
1513 1953
1514 1952
1515 1954
1528 2130
1532 2064
1543 2027
1548 2049
1557 2089
1570 2070
1579 1937
1584 2163
1591 1942
1660 2276
1670 2175
1671 2187
1745 2323
1749 2487
1765 2509
1766 2024
1776 2505
1806 2121
1869 2453
1904 2527
1930 2281
