f_0082518.png f_0082918.png
18 167
28 1743
35 1783
62 2383
67 681
68 2385
72 208
83 965
89 539
93 1117
105 1910
109 275
118 1375
119 2398
134 219
136 1159
140 2238
146 45
153 2159
156 705
176 1822
202 271
207 21
215 1796
232 1316
237 131
272 893
277 2556
284 1714
292 1299
294 1689
296 415
303 1527
316 930
339 1437
349 2867
366 558
394 2641
407 1448
416 43
424 1797
441 2081
443 248
464 120
481 2564
489 1660
508 1419
541 2184
546 1549
592 1532
595 1953
626 1071
658 1162
660 1163
663 617
664 1289
672 2168
680 2459
683 1433
693 69
695 2279
699 220
710 203
712 1598
720 38
724 478
725 1599
732 1907
741 1755
784 2363
819 75
839 2599
858 1112
869 2567
870 729
873 260
882 311
883 1735
896 1487
927 1121
936 1017
974 501
1017 1799
1063 2975
1101 783
1121 209
1167 170
1199 587
1216 2206
1271 723
1279 339
1283 1218
1321 1493
