f_0082412.png f_0082946.png
17 57
28 17
46 135
78 15
212 299
230 2
239 340
253 111
286 176
367 244
383 516
406 304
418 318
424 186
441 512
459 522
468 555
469 316
477 562
497 378
573 172
592 501
593 580
680 560
688 671
692 350
750 425
771 411
785 495
815 315
865 573
902 949
946 935
949 965
956 1061
967 989
968 1130
976 877
1025 964
1035 1210
1041 874
1042 1097
1054 731
1069 1128
1081 948
1119 1170
1150 887
1154 1135
1155 1231
1162 1020
1193 1242
1237 698
1246 1019
1248 901
1276 759
1277 1345
1303 1281
1315 1094
1320 1032
1338 1137
1356 1247
1358 642
1393 876
1417 904
1419 999
1420 1083
1429 824
1434 1241
1453 838
1470 940
1497 939
1506 1072
1522 1162
1570 1322
1571 1340
1582 1053
1672 1456
1749 979
1804 1159
1848 1148
1875 1258
1895 1359
1904 1309
1959 1154
1963 1488
1988 1434
2008 1531
2021 1275
2057 1410
2064 1536
2110 1449
2127 1872
2135 1599
2137 1199
2138 1248
2145 1784
2174 1464
2202 1635
2217 1927
2224 1702
2247 1609
2251 2256
2290 1766
2313 1739
2361 1783
2368 1986
2446 2103
2478 2471
2548 2176
2553 2215
2667 2406
