f_0082492.png f_0082942.png
32 56
85 120
122 15
187 299
191 34
201 215
213 263
294 217
335 250
337 175
366 195
394 257
424 362
452 98
457 312
460 335
482 276
512 321
513 356
518 392
544 122
567 396
598 430
629 294
649 205
662 222
672 269
712 411
722 406
724 572
736 361
747 266
876 638
967 551
993 542
1093 410
1149 533
1163 517
1175 459
1233 853
1245 719
1279 623
1387 821
1437 744
1485 1150
1573 779
1622 1059
1640 1120
1641 1118
1651 1052
1653 1074
1697 830
1714 1189
1725 1149
1758 1088
1767 1225
1797 899
1828 1024
1872 1272
1880 1407
1933 1408
1938 1111
1983 1539
1988 1236
2106 1316
2119 1064
2194 1684
2204 1714
2246 1675
2278 1382
2321 1402
2339 1446
2351 1562
2360 1411
2401 1592
2435 1474
