f_0082864.png f_0082882.png
0 276
2 176
12 1020
13 650
21 188
27 1083
28 398
29 740
31 872
32 207
33 614
34 716
35 823
38 1032
39 695
40 827
47 531
65 1368
68 982
70 326
75 390
79 189
82 340
86 470
97 699
101 674
105 462
107 513
111 1230
113 700
127 629
138 170
139 850
140 1066
141 557
142 410
143 1314
146 220
148 930
153 895
154 928
156 420
157 705
159 562
178 254
189 894
195 684
198 87
204 222
206 351
207 868
208 796
216 275
221 230
228 1128
239 730
243 718
246 1056
251 157
259 690
261 755
262 647
267 526
268 10
269 166
270 765
277 292
288 67
295 884
297 102
306 413
316 124
324 886
327 75
334 726
354 449
365 454
369 173
373 1016
390 338
397 213
409 995
412 788
418 949
426 479
431 515
436 511
439 86
441 563
459 694
464 698
471 583
474 1387
481 311
482 209
493 967
495 599
496 149
499 537
501 485
507 483
520 701
521 1033
522 320
523 830
527 415
538 977
560 729
573 263
581 294
585 535
595 1205
598 493
605 236
617 92
622 273
624 584
634 1018
638 266
645 407
651 1005
667 818
674 1131
678 13
686 1141
699 439
700 161
704 1082
705 30
708 942
715 482
716 799
718 349
723 91
726 465
736 528
738 739
746 889
748 1391
751 691
753 1258
754 891
763 910
764 253
773 1172
780 600
787 178
790 262
791 302
796 899
809 1011
821 473
824 812
835 1369
838 383
841 196
845 150
852 1295
856 1031
865 724
869 1257
870 162
878 468
879 723
882 1332
896 550
910 61
917 381
934 607
948 1222
955 847
956 922
966 321
969 589
978 312
985 1193
1006 595
1011 634
1022 500
1024 679
1046 900
1047 696
1052 1223
1059 622
1061 125
1066 297
1069 286
1079 374
1085 615
1093 1113
1102 359
1106 1272
1107 303
1108 256
1112 437
1140 327
1141 129
1153 290
1174 1105
1189 1040
1251 604
1262 365
1268 1060
1272 844
1276 1269
1286 851
1288 807
1292 1288
1293 1124
1299 1075
1322 202
1339 1352
1343 970
1348 300
1353 771
1354 644
1356 610
1364 508
1372 892
1382 1194
1410 918
1412 628
1433 808
1450 1235
1453 463
1457 1367
1463 733
1474 78
1480 817
1506 1310
1509 654
1510 1315
1532 364
1534 1290
1550 533
1559 101
1587 1214
1588 521
1596 434
1597 637
1604 664
1610 1251
1614 746
1615 932
1623 1065
1628 1357
1631 1160
1643 154
1662 887
1664 971
1666 319
1669 498
1675 1071
1679 693
1707 184
1714 564
1720 299
1734 1248
1746 625
1753 592
1756 624
1760 16
1787 540
1788 1081
1789 1021
1795 727
1797 568
1800 649
1819 1035
1827 268
1828 860
1836 992
1837 630
1840 973
1844 784
1848 1136
1849 721
1853 935
1859 898
1866 559
1868 940
1875 1097
1888 74
1896 228
1902 924
1908 931
1929 542
1943 908
1944 1068
1946 1002
1947 617
1984 193
1987 269
1988 534
1996 876
2027 267
2039 1090
2045 484
2059 939
2081 987
2085 89
2090 660
2099 873
2112 669
2130 422
2131 548
2137 1211
2139 826
2141 1027
2148 328
2149 119
2162 903
2197 1362
2202 289
2211 1153
2229 792
2241 1055
2253 66
2256 870
2263 795
2268 1057
2277 1343
2282 673
2290 405
2303 956
2305 350
2308 325
2310 1041
2313 309
2319 348
2329 697
2330 845
2334 248
2337 777
2340 50
2357 986
2359 737
2365 1293
2371 368
2391 984
2402 948
2409 974
2414 632
2424 403
2436 481
2443 79
2456 265
2461 442
2462 120
2473 1300
2474 1202
2485 603
2500 653
2543 165
2547 51
2550 877
2551 648
2567 355
2569 580
2575 212
2586 82
2619 448
2630 1266
2632 781
2635 529
2640 183
2660 335
2661 1294
2662 829
2674 917
2683 996
2684 301
2685 315
2689 778
2691 250
2693 477
2696 1271
2698 174
2704 963
2721 1120
2723 1260
2725 926
2735 687
2749 606
2752 825
2776 502
2779 425
2783 952
2787 497
2790 743
2793 307
2798 975
2806 677
2808 55
2814 379
2818 1311
2862 441
2864 1050
2867 643
2868 414
2871 388
2886 810
2887 501
2889 1052
2896 841
2910 627
2939 1254
2956 1173
2974 1379
2981 861
2988 1338
2999 1030
