f_0082926.png f_0082912.png
27 1108
45 2246
76 514
92 463
103 2525
107 2201
137 1106
139 1015
146 2296
170 37
191 1481
194 262
201 2832
202 1020
214 2222
221 123
223 642
231 2163
239 2604
240 1230
243 1546
266 653
267 2102
276 170
277 1937
279 344
292 59
304 176
306 2075
319 1168
325 2902
338 1802
349 1425
358 64
361 332
365 3
368 385
369 902
370 2511
371 2532
373 719
376 358
380 2455
383 1346
389 1679
397 1467
405 2559
411 1343
412 579
413 1132
420 1825
428 441
436 909
445 2180
447 983
449 352
450 2706
451 2495
454 27
455 2492
457 513
465 103
466 2691
474 937
476 1272
477 147
487 911
490 38
491 84
492 1734
496 2519
498 1896
501 2786
504 376
505 2219
519 2
524 12
526 1878
533 829
540 1976
542 1542
543 1135
548 1
550 898
561 1479
564 2897
571 1494
576 1983
583 1781
595 2258
596 2216
604 870
605 238
607 294
608 985
611 2349
615 40
621 1475
622 1411
636 2156
637 324
641 2765
643 2435
644 129
648 329
654 1697
665 872
669 1335
670 83
677 562
678 127
681 1754
699 842
709 2960
712 2348
717 2299
718 2259
719 90
723 2978
727 454
738 1603
740 2236
742 1803
746 919
749 2252
761 2241
769 1368
772 2406
774 1205
778 762
779 2785
789 1076
790 6
792 2947
801 2612
806 79
807 346
808 456
811 2726
817 1725
821 1516
833 1681
845 2278
851 57
854 1618
868 1319
874 484
880 310
889 1770
893 1940
898 2547
907 2923
908 2652
910 2134
923 1757
926 672
933 1981
934 651
936 73
938 2572
939 1172
941 1642
952 805
962 2815
969 786
971 716
972 1629
975 2420
991 1515
995 1137
1003 980
1005 2218
1006 2220
1010 496
1019 1454
1037 2702
1049 2675
1054 2140
1057 1044
1061 1921
1068 1551
1070 2804
1072 1470
1078 2877
1080 1488
1088 682
1092 586
1095 2000
1104 2456
1107 1992
1116 858
1117 1923
1120 900
1134 424
1137 607
1140 908
1143 1369
1147 2359
1148 1097
1154 818
1160 2792
1166 2128
1177 1344
1181 1154
1191 2169
1193 2329
1194 1719
1198 2184
1201 2189
1212 2737
1214 1077
1226 2198
1229 188
1233 1912
1277 2092
1285 1496
1290 856
1291 1528
1300 2741
1308 1025
1314 209
1316 1123
1318 2020
1321 2158
1332 1874
1348 2523
1361 1786
1364 1997
1365 1416
1368 183
1369 2889
1370 1057
1372 2038
1374 962
1382 368
1384 450
1385 1032
1386 940
1389 2561
1400 2663
1401 465
1416 2049
1422 678
1434 2558
1436 1823
1447 608
1455 2529
1456 2562
1478 1114
1486 1276
1514 1728
1516 192
1519 1318
1528 1104
1530 516
1534 2811
1541 1503
1542 2243
1548 695
1549 787
1550 2114
1561 440
1564 404
1566 2826
1569 2993
1575 2355
1580 1795
1585 1364
1597 2761
1613 1100
1622 2584
1623 2108
1626 1270
1641 1598
1642 2762
1647 1895
1649 1788
1653 1320
1660 1023
1666 966
1671 697
1678 1027
1681 1052
1682 490
1689 2080
1690 1742
1694 1029
1700 1925
1702 2431
1703 2155
1708 1561
1714 2835
1720 342
1721 654
1722 1883
1724 2845
1731 1872
1734 944
1748 2057
1752 2542
1756 1838
1760 2803
1761 572
1764 2903
1766 2205
1767 538
1778 1317
1792 981
1796 2490
1806 1524
1813 863
1814 2048
1821 2850
1822 2964
1830 2182
1833 827
1842 2549
1843 302
1844 144
1847 510
1850 2366
1851 1418
1857 1762
1861 1200
1863 643
1873 1894
1879 892
1881 721
1882 2921
1884 601
1890 2901
1898 2063
1899 2939
1901 1667
1902 2516
1911 1726
1914 2307
1928 2167
1941 1222
1943 398
1946 2297
1950 869
1953 1311
1958 1727
1961 379
1969 184
1970 1434
1980 2304
1982 1314
1983 1423
1987 2556
1992 1474
1999 2352
2002 1769
2015 2623
2023 2645
2027 2121
2031 1464
2032 393
2037 1246
2041 289
2044 768
2047 744
2052 914
2065 159
2068 2030
2072 2213
2079 2916
2081 476
2089 2752
2091 876
2093 2089
2098 2576
2099 1288
2100 558
2108 62
2114 2639
2115 1854
2117 1655
2118 1881
2126 328
2127 317
2128 2528
2130 2081
2131 1705
2132 631
2134 354
2137 2538
2143 1429
2144 219
2148 2120
2149 2810
2153 1375
2159 70
2164 2273
2168 1702
2171 2065
2172 894
2177 397
2179 20
2181 798
2183 2043
2184 2073
2192 521
2194 701
2200 151
2207 2965
2208 41
2209 2381
2217 522
2218 895
2224 276
2226 1337
2230 24
2231 1670
2236 561
2237 215
2243 247
2244 7
2246 2995
2257 142
2260 725
2264 29
2266 1480
2268 453
2275 1050
2278 1956
2289 0
2291 1235
2296 1842
2307 1776
2311 545
2313 1234
2314 365
2315 681
2319 498
2342 1745
2349 958
2358 2657
2367 131
2377 2764
2378 1657
2379 201
2380 2367
2382 1593
2385 98
2386 1700
2389 407
2392 2090
2405 362
2406 1487
2411 2257
2417 1736
2421 2265
2422 2635
2429 85
2435 2196
2445 1282
2447 1066
2452 155
2453 1691
2455 1855
2457 550
2470 2641
2475 1606
2476 2232
2478 806
2482 951
2483 8
2484 2334
2488 2415
2491 1914
2494 1834
2505 2013
2513 524
2515 2037
2516 2875
2524 174
2532 28
2533 1537
2539 2692
2541 132
2548 1583
2552 452
2557 2844
2558 2540
2562 2044
2566 2445
2567 1718
2570 2725
2571 1277
2574 292
2579 52
2580 2474
2584 788
2585 1858
2590 2010
2596 1141
2598 1192
2601 264
2616 713
2623 785
2626 335
2627 76
2630 389
2632 240
2639 11
2640 1938
2651 175
2652 2096
2666 689
2668 1892
2670 2739
2673 2822
2675 1903
2682 2412
2688 244
2693 26
2697 326
2699 150
2701 2326
2709 1210
2711 800
2712 1055
2718 2061
2722 1682
2743 156
2745 1324
2747 1453
2752 519
2754 1653
2767 1739
2770 2874
2772 306
2780 23
2788 2308
2789 1860
2791 493
2802 88
2805 1500
2838 825
2850 1977
