f_0082642.png f_0082958.png
2 121
8 589
11 784
20 357
23 2
24 262
27 578
30 597
46 713
47 67
55 171
57 158
59 348
62 807
64 631
68 486
71 115
86 485
87 874
98 372
109 709
112 189
123 887
132 339
138 1154
146 251
147 736
158 1019
161 279
171 261
177 1166
180 1058
185 267
199 1186
202 660
216 477
223 557
232 787
237 291
258 1009
272 841
275 1165
279 1144
281 799
286 869
292 246
293 905
295 465
296 837
297 1378
303 521
307 793
308 1008
312 407
313 446
318 518
324 305
329 679
331 795
341 1085
358 633
361 719
363 414
365 843
377 1125
385 1231
392 904
396 1298
399 1012
405 649
422 1242
425 585
439 632
445 510
447 831
472 1520
473 1517
483 1113
496 1162
506 686
511 653
516 1297
517 1365
526 890
527 1501
537 1029
541 1062
552 760
576 1391
581 735
596 1248
598 731
613 913
615 789
621 883
627 1308
629 830
634 923
647 1229
651 958
654 944
655 1043
656 1390
665 772
673 742
689 929
692 1239
717 786
727 986
739 1796
746 876
749 1069
771 1004
782 1141
785 1267
786 1138
790 1060
801 1090
815 1258
820 1182
833 1116
835 1355
852 1178
853 1257
868 1251
872 1328
875 1307
879 1870
882 1803
883 977
888 1216
892 1437
907 1087
912 1237
913 1264
923 1779
928 1871
937 1205
945 1503
949 1293
955 1363
956 1377
970 1383
971 1042
986 1274
987 1339
991 1583
992 1799
1004 1808
1005 1824
1014 1402
1028 1574
1038 1862
1040 1296
1060 1127
1063 1436
1069 1106
1082 1287
1087 1189
1090 1499
1096 1788
1105 1892
1106 1946
1122 1145
1139 1388
1143 1510
1146 1919
1160 1172
1163 1547
1164 1713
1165 1732
1167 1922
1177 1932
1191 1345
1193 1740
1198 1541
1211 1152
1213 1310
1229 1338
1245 1689
1256 1327
1257 1478
1260 1756
1299 2090
1300 2098
1307 1793
1312 2026
1338 1821
1348 1810
1365 1376
1372 1858
1378 2037
1403 1738
1446 1964
1454 2015
1456 2183
1477 1725
1505 1848
1523 1855
1530 1897
1538 1941
1556 1776
1564 1657
1597 1957
1599 2245
1602 1967
1716 2282
1751 1644
1790 2382
1821 1881
1961 2300
1991 1963
2049 2018
2078 2113
2169 2244
2183 2278
2223 2317
2227 2017
