f_0082558.png f_0082876.png
17 460
27 1298
53 595
63 936
135 1433
145 599
163 450
165 341
175 1171
214 1394
231 569
243 1162
251 465
264 1104
269 1768
286 426
294 1739
326 505
344 652
368 586
379 578
382 629
405 1010
413 784
414 623
493 1514
499 840
507 498
512 549
515 303
540 779
546 1223
593 566
595 851
609 859
620 546
645 650
658 816
665 729
672 622
676 1416
719 440
727 1245
769 987
787 449
825 524
826 260
843 730
850 1450
869 830
881 1325
882 551
890 502
897 554
912 655
928 474
940 831
959 1257
973 543
978 538
979 299
1035 762
1040 1177
1065 382
1110 647
1112 648
1129 1522
1132 469
1150 1677
1159 692
1164 523
1217 913
1273 1098
1277 1182
1282 850
1308 750
1356 1143
1366 641
1370 535
1377 1202
1384 677
1415 894
1422 1089
1495 481
1497 672
1510 558
1527 582
1554 656
1555 783
1559 846
1561 360
1570 593
1597 522
1629 1082
1648 756
1695 487
1721 259
1737 1004
1753 1140
1761 638
1782 358
1802 760
1808 1069
1825 1076
1826 634
1841 856
1848 763
1905 579
1948 718
1974 1026
1987 668
2008 550
2036 1190
2054 734
2067 1407
2079 768
2094 614
2095 749
2116 406
2136 1136
2165 701
2224 922
2294 384
2317 941
2326 1774
2334 1129
2361 542
2363 994
2392 805
2400 438
2415 1087
2430 950
2443 1081
2454 757
2460 921
2475 842
2512 1052
2537 611
2574 297
2575 1289
2598 991
2619 1279
2649 1079
2651 964
2681 371
2682 446
2685 1047
2688 1118
2732 1199
2774 937
2810 748
2884 394
2890 1303
2907 1285
2953 372
