f_0082946.png f_0082912.png
105 442
116 1264
150 2500
151 249
195 2246
200 722
203 2214
242 2658
247 463
249 1581
254 520
268 1846
274 1931
277 1208
279 1836
305 2201
307 1287
318 460
337 115
339 2276
353 227
366 2548
371 251
374 1053
377 1252
383 2838
385 2591
386 2610
413 2568
415 195
427 2590
429 59
433 1424
438 902
439 999
458 859
462 358
468 429
477 2219
486 669
501 1755
509 2511
521 710
522 1679
528 2082
530 64
552 990
555 1343
561 909
562 2473
566 2900
585 103
586 27
590 2536
599 513
605 1976
607 1540
628 2031
638 2508
645 871
648 84
649 2812
650 384
670 165
672 1669
676 1983
686 1857
693 1293
700 2988
701 454
702 1411
704 2236
716 549
718 2185
719 1386
724 83
734 2406
736 1582
748 1307
756 222
770 1076
778 1616
782 2115
787 1844
789 776
796 762
798 1060
810 2865
817 775
818 1273
825 2315
836 2291
837 2348
842 1618
843 79
844 2612
846 1039
847 2018
850 470
851 1961
852 2223
859 1528
870 6
878 298
879 456
885 2809
903 533
904 1097
910 2220
913 338
915 346
917 161
924 443
927 1768
929 314
931 2131
934 805
940 1988
951 22
959 2727
964 1936
969 1780
973 2731
977 1510
983 2790
990 57
992 1574
1001 1495
1011 73
1045 1642
1051 2808
1074 2083
1075 400
1086 1431
1117 2737
1131 2184
1134 1630
1135 1077
1136 424
1142 1323
1146 641
1175 808
1184 1057
1187 2028
1208 1588
1210 4
1225 280
1230 1954
1231 2550
1239 1889
1265 646
1269 2736
1283 2499
1288 572
1296 1673
1301 475
1306 209
1312 1451
1320 2564
1339 2783
1342 1522
1346 1982
1355 2506
1372 1806
1382 2351
1385 414
1389 769
1399 1281
1403 2238
1419 828
1436 2049
1443 323
1447 2114
1450 1651
1476 1045
1488 2903
1489 1883
1490 664
1492 2205
1501 2328
1507 2820
1518 1503
1520 1804
1538 1052
1543 1221
1560 1313
1574 2621
1601 966
1626 2735
1636 2987
1640 2421
1648 2057
1666 1430
1672 1275
1680 2668
1689 863
1692 293
1701 1294
1713 1027
1717 1200
1725 1871
1738 1148
1740 398
1748 2638
1750 1534
1752 66
1759 998
1770 543
1779 2221
1806 2307
1814 1943
1819 989
1846 1956
1865 70
1867 1564
1885 2213
1896 1870
1898 1854
1901 387
1909 9
1913 512
1914 1909
1927 78
1928 1842
1931 2910
1948 155
1952 2379
1958 382
1963 2064
1964 1849
1968 1476
1970 631
1981 1600
1984 402
1986 121
1991 1942
1997 138
1998 2289
2008 2166
2009 835
2014 1399
2025 832
2039 2073
2052 277
2062 132
2065 2089
2066 489
2068 865
2074 2725
2085 292
2089 93
2090 2515
2092 1385
2104 2003
2115 2641
2117 2931
2138 1962
2145 2958
2151 2856
2158 2895
2159 43
2168 33
2170 203
2182 2874
2187 2161
2189 1482
2191 313
2193 1858
2197 92
2202 2585
2221 65
2230 278
2239 535
2256 236
2258 680
2266 1646
2294 655
2298 1521
2308 493
2322 834
2327 1009
2341 446
2346 1851
2353 1377
2363 1210
2387 1807
2390 824
2396 478
2399 26
2400 45
2415 2616
2427 1035
2430 263
2432 867
2433 486
2480 571
2519 753
2523 2615
2542 2061
