f_0082724.png f_0082912.png
54 19
67 2
97 1937
140 127
198 456
212 2809
213 346
216 2223
252 1319
305 1510
325 296
369 366
390 1618
393 747
409 2134
445 805
471 4
508 2083
510 2675
581 2763
594 280
657 1451
663 1875
673 1715
697 2351
703 1089
741 966
767 2170
788 1756
833 1604
873 938
920 2946
924 875
966 2885
977 2352
1170 2670
1190 2393
1199 2081
1226 1727
1236 1246
1264 1870
1268 895
1295 71
1318 108
1325 2235
1331 849
1344 600
1357 2585
1408 1003
1496 1523
1577 2601
1622 81
1623 1285
1840 1592
