f_0082864.png f_0082492.png
6 1336
16 1086
22 534
70 653
86 1176
139 2571
145 1339
146 460
171 1060
181 439
194 1053
204 392
206 807
207 2444
208 1947
259 1891
280 1275
293 2037
339 432
341 550
353 472
366 1491
424 2003
446 1503
448 236
459 1893
481 828
493 2334
495 1593
527 1161
535 1095
555 379
584 2023
598 1585
600 1182
613 1089
646 2039
672 1814
706 1278
709 1100
716 1835
728 674
762 185
764 648
795 1185
803 484
819 490
845 338
853 1702
880 119
909 635
943 572
965 197
970 2029
971 1858
1005 1323
1010 573
1062 1641
1065 1318
1099 626
1179 386
1192 681
1218 1616
1222 334
1238 669
1243 657
1262 689
1270 1656
1283 1498
1325 1205
1329 1878
1361 582
1377 1850
1383 734
1434 2007
1465 664
1473 1853
1535 1694
1541 1138
1576 372
1660 83
1688 1631
1725 751
1740 1449
1752 383
1794 30
1827 458
1839 1653
1896 513
1922 598
1945 114
1974 1642
2068 1763
2074 809
2078 778
2082 2108
2153 1687
2158 911
2166 1493
2216 1267
2230 847
2267 523
2316 964
2327 1349
2359 1953
2398 1261
2442 1583
2500 1623
2558 592
2561 1147
2567 694
2575 381
2581 921
2645 556
2647 121
2648 354
2656 144
2763 665
2790 2096
2867 1760
2890 269
2903 1566
2908 512
2966 375
2990 1679
