f_0082412.png f_0082976.png
48 100
64 182
82 134
88 78
100 108
104 250
118 213
124 152
194 115
295 426
336 229
434 480
528 731
554 880
563 207
568 804
579 771
588 585
632 832
645 869
692 274
743 320
754 837
807 575
823 343
879 363
881 369
958 397
966 790
1008 502
1038 967
1049 1020
1078 393
1099 776
1111 403
1119 1126
1139 410
1163 1138
1204 803
1236 558
1240 1214
1252 482
1256 556
1275 568
1344 737
1358 603
1454 1481
1465 728
1481 1487
1514 1125
1534 786
1610 692
1616 800
1859 987
1894 1164
1922 998
1938 1284
1964 889
1969 903
2011 1010
2051 825
2053 1118
2072 977
2100 1012
2171 1280
2204 1425
2230 1674
2260 1046
2310 1345
2312 1528
2344 1282
2454 1486
2511 1492
2522 1471
2525 1831
2687 1591
