f_0082492.png f_0082872.png
2 121
10 181
35 267
56 237
82 193
83 275
85 280
126 279
140 317
142 255
143 345
158 328
166 288
174 176
187 374
189 342
191 402
195 391
200 369
201 396
207 403
209 397
212 418
213 410
217 421
223 422
253 447
263 429
269 385
270 390
274 492
278 415
281 445
308 465
316 473
317 531
330 496
337 513
339 539
341 548
370 542
381 588
386 574
391 579
392 590
412 580
414 615
417 596
418 625
420 608
428 617
432 636
443 566
444 572
445 628
457 621
463 647
478 646
492 607
512 638
518 679
525 691
550 702
551 731
552 655
564 668
577 665
582 757
592 716
608 712
627 729
640 786
644 799
654 810
656 809
657 711
670 823
685 782
699 747
707 868
728 738
749 928
750 923
751 924
760 850
767 922
778 760
803 961
815 993
828 854
852 1013
855 927
866 1025
870 852
871 1064
872 1081
876 1076
891 1074
894 915
896 865
906 880
921 1087
933 1047
942 920
945 1073
986 1042
1003 1023
1004 1078
1008 976
1020 1009
1058 977
1064 951
1070 826
1084 1098
1095 1152
1096 1169
1098 1173
1099 1178
1105 1187
1110 1151
1112 1206
1113 1243
1119 975
1122 1285
1139 1161
1159 1354
1168 1172
1169 1254
1175 1040
1182 1198
1190 940
1194 936
1233 1252
1250 1205
1253 1347
1264 1203
1289 1177
1295 1103
1299 1452
1308 1441
1405 1295
1416 1259
1419 1537
1451 1263
1452 1497
1467 1368
1477 1445
1493 1384
1538 1415
1541 1416
1557 1587
1570 1528
1583 1542
1587 1560
1590 1391
1618 1620
1628 1422
1638 1642
1651 1515
1661 1649
1669 1481
1672 1672
1692 1527
1720 1701
1725 1641
1743 1746
1760 1648
1762 1698
1763 1827
1771 1752
1803 1636
1804 1700
1814 1705
1819 1771
1834 1762
1839 1615
1872 1814
1878 1813
1891 1704
1893 1760
1897 1725
1931 1779
1932 1901
1949 1994
1983 2012
1984 1782
2039 1984
2058 2226
2062 1804
2088 2084
2097 2085
2283 2039
2296 2124
2308 2275
2310 2308
2342 2263
2348 2269
2354 2197
2409 2238
2420 2317
2429 2380
2460 2381
2492 2311
