f_0082452.png f_0082952.png
11 112
25 312
36 233
39 436
61 352
76 292
78 340
100 334
102 519
130 262
152 524
165 442
184 495
192 568
231 490
232 623
244 448
251 489
257 534
265 574
281 458
295 503
296 735
304 724
311 506
316 388
322 647
335 398
344 474
353 252
365 778
378 620
399 552
418 839
424 456
468 396
477 487
478 872
503 1133
515 664
541 528
624 957
636 523
650 613
708 828
739 1084
745 1101
755 1182
763 1213
770 822
782 631
783 976
804 777
805 955
813 555
822 368
829 1247
837 1126
844 983
847 827
862 1298
863 1288
871 543
890 561
902 1391
927 1335
1001 1423
1009 1125
1010 1558
1050 1580
1056 1124
1083 739
1095 1175
1101 1030
1116 1619
1132 1604
1148 1310
1158 1447
1166 914
1176 1446
1180 853
1182 1596
1193 1677
1198 1005
1201 1129
1202 1312
1218 1732
1244 1194
1290 1685
1300 1322
1314 1883
1351 1206
1355 1589
1371 1633
1440 1444
1441 1879
1449 1960
1451 1961
1459 1897
1471 1999
1473 1821
1476 1753
1482 2060
1507 1523
1517 1650
1553 1913
1570 1998
1591 2257
1632 1972
1665 1777
1668 2407
1679 2425
1716 2835
1776 1765
1793 2013
1807 2032
