f_0082864.png f_0082724.png
22 97
29 745
32 220
46 154
61 301
70 123
81 1939
90 552
110 138
112 923
140 895
181 238
185 1463
197 449
203 314
216 129
252 95
259 959
292 1451
294 188
324 759
334 494
336 705
341 207
342 1032
363 316
365 748
370 22
390 225
420 6
423 359
429 1133
448 156
468 619
474 1571
482 76
493 1218
503 467
506 978
519 1449
532 13
538 1203
565 1395
571 1350
581 118
597 12
602 944
627 1121
632 544
646 1019
648 920
655 350
667 819
671 73
679 1021
680 198
702 1849
716 839
722 1771
727 532
746 998
757 776
759 1058
762 96
768 907
769 730
790 93
801 1476
824 667
845 127
846 947
870 112
900 377
928 297
933 684
945 761
959 1414
964 568
977 248
1013 16
1017 604
1057 721
1059 618
1093 1022
1094 504
1121 327
1122 1131
1143 1137
1160 513
1188 98
1192 283
1210 984
1246 1160
1343 1199
1346 228
1353 443
1372 712
1397 333
1441 362
1451 320
1478 945
1514 1122
1572 639
1574 65
1599 830
1614 382
1626 149
1628 1415
1630 1424
1637 687
1657 708
1666 307
1668 1222
1715 282
1738 786
1750 974
1773 1040
1780 43
1785 322
1803 1048
1809 1556
1823 332
1859 1100
1880 1028
1892 1333
1921 1992
1946 1258
1953 1046
1998 353
2005 4
2014 589
2021 331
2061 1075
2071 996
2089 511
2128 852
2132 527
2140 1933
2206 698
2207 1109
2209 130
2222 289
2226 1057
2233 942
2244 432
2361 1733
2416 827
2439 640
2441 716
2454 1224
2457 114
2462 136
2464 299
2465 599
2467 1317
2491 99
2497 255
2544 1509
2552 422
2561 661
2562 1397
2565 1726
2588 565
2634 1516
2644 798
2649 475
2682 611
2691 147
2703 33
2712 272
2718 771
2739 741
2743 1097
2750 168
2752 755
2806 596
2819 994
2825 404
2837 832
2866 1043
2880 1477
2886 774
2914 254
2939 1889
2956 1443
