f_0082620.png f_0082724.png
0 194
77 389
85 284
150 330
164 433
198 455
208 419
243 512
339 463
350 431
394 612
417 405
420 507
425 626
446 565
474 289
489 457
494 513
509 635
516 353
521 556
532 532
539 518
547 718
553 435
584 649
636 441
644 713
659 701
686 652
731 737
737 685
769 749
773 679
775 888
798 554
803 548
809 763
814 594
839 585
891 816
904 813
912 754
914 597
924 721
935 624
939 637
966 959
968 805
974 689
979 900
980 797
990 765
993 873
1000 702
1006 922
1009 782
1016 865
1019 758
1064 889
1066 690
1081 1038
1108 1013
1141 1052
1142 798
1152 853
1177 1161
1184 866
1193 1083
1230 732
1236 1062
1246 973
1268 755
1274 1025
1291 1026
1321 1037
1446 1170
1466 1249
1477 1020
1515 1081
1540 1000
1563 1104
1567 1100
1575 1070
1619 1329
1629 1040
1664 1291
1665 1116
1674 1284
1682 1122
1716 1211
1719 1250
1742 1359
1743 1342
1785 1241
1802 1448
1837 1280
1871 1387
1879 1450
1884 1327
1898 1326
1900 1358
1901 1330
1917 1268
1919 1129
