f_0082864.png f_0082946.png
1 372
4 1161
12 1916
31 1707
34 1460
43 1632
50 627
61 1052
69 1473
70 708
86 935
107 1122
113 1444
131 878
138 492
139 1542
142 917
161 269
170 1527
178 580
179 1175
182 96
196 1210
204 478
214 270
215 648
220 731
221 463
222 977
225 473
226 790
230 1075
238 2570
239 1490
245 893
257 2117
262 1312
268 35
291 2551
303 2068
309 1176
312 1135
314 2040
334 1573
336 495
341 404
342 1876
357 43
362 1227
374 1423
377 1758
391 1441
396 184
397 512
418 1744
436 781
439 188
440 852
445 401
457 532
465 1389
495 1152
505 2548
513 1403
523 1657
535 812
560 1443
565 1999
572 1392
574 1909
590 1036
600 881
602 1719
610 936
614 2358
619 1371
640 832
649 669
655 1430
664 2089
665 2561
677 294
679 2048
681 2059
700 439
708 1932
709 841
713 1641
723 121
735 530
738 1476
747 1051
750 50
769 1584
771 966
775 1323
791 600
792 872
801 2317
806 418
814 1174
819 125
845 237
849 428
860 605
870 244
881 326
909 275
924 1637
926 1681
928 1294
931 115
965 319
977 813
988 476
992 1514
993 2236
1005 1063
1009 1440
1010 352
1038 2078
1058 1486
1069 554
1079 496
1091 462
1112 760
1132 1578
1143 1959
1146 1011
1150 183
1151 180
1153 409
1154 1829
1159 2261
1160 862
1179 521
1213 1171
1232 1752
1280 2147
1294 701
1306 1335
1319 228
1322 124
1328 526
1429 1410
1430 1479
1446 1084
1465 668
1475 2207
1486 1096
1499 1111
1501 2357
1507 375
1514 2159
1530 702
1541 559
1545 774
1558 1251
1587 2423
1594 1706
1596 942
1597 1329
1598 916
1626 726
1636 2216
1674 2249
1689 1773
1693 1373
1694 527
1704 882
1705 1144
1709 688
1727 1082
1737 763
1748 913
1749 1225
1766 2220
1774 20
1811 831
1815 1530
1827 552
1837 1284
1843 1492
1847 1671
1853 1809
1860 1237
1885 366
1908 1822
1928 358
1929 996
1940 2081
1954 1232
1966 330
1982 129
1990 707
1991 1422
2008 1477
2022 1043
2043 282
2045 989
2048 455
2082 1721
2130 1062
2132 1020
2149 176
2152 2459
2162 1756
2165 227
2176 652
2201 1183
2208 1110
2224 1544
2229 1507
2230 811
2248 2230
2256 1574
2263 1355
2264 2384
2295 797
2306 929
2316 778
2323 1975
2328 892
2330 1636
2353 696
2435 804
2437 981
2441 1945
2442 1150
2467 1488
2514 1745
2516 1652
2518 1910
2533 1278
2534 2273
2536 960
2539 1771
2558 216
2561 411
2567 837
2574 739
2576 1270
2588 704
2603 1343
2605 2156
2627 1006
2629 1170
2631 1558
2660 265
2662 1634
2673 323
2676 1778
2684 598
2691 588
2703 584
2719 1674
2795 2407
2801 1223
2802 1131
2806 1376
2810 1475
2828 533
2833 1457
2834 2347
2842 680
2846 1334
2863 694
2878 1114
2886 1624
2892 413
2919 99
2938 2153
2941 1644
2943 2482
2946 380
2956 2318
2966 346
2967 1631
2977 172
2997 246
