f_0082868.png f_0082670.png
1 311
9 1478
15 336
22 290
48 252
55 251
62 2022
64 276
65 492
68 1460
70 414
71 640
74 1480
96 51
99 1938
116 542
123 978
135 1491
138 868
140 196
149 39
157 1052
175 620
190 1302
191 770
193 1013
197 698
201 1123
229 254
233 1438
234 1543
235 263
241 329
244 1221
261 161
266 993
273 1568
280 141
281 1539
288 1433
295 1532
296 879
298 1345
303 415
311 356
325 1958
332 655
342 516
345 2129
355 1904
358 749
360 660
361 295
378 1245
403 100
406 664
409 647
411 347
418 970
420 1045
438 540
442 714
450 1628
461 821
465 1187
466 1337
486 88
492 2120
496 860
499 1162
509 912
510 45
512 1334
524 573
528 729
534 737
542 758
543 1800
544 1079
545 1639
551 971
556 525
563 1188
565 1490
570 648
578 942
596 411
611 348
625 803
626 537
644 954
645 473
678 207
685 355
690 554
705 1971
726 853
736 822
740 605
741 557
746 658
755 1066
771 2048
774 1593
780 527
790 271
814 819
827 596
830 197
836 1523
841 631
843 1290
862 1876
869 195
881 151
898 710
900 338
906 170
908 794
913 2183
914 635
923 1557
924 59
927 220
929 420
957 412
963 706
975 2175
976 932
983 1741
991 836
1003 619
1013 154
1018 209
1020 1510
1021 763
1023 274
1027 1262
1029 1780
1044 50
1045 449
1063 15
1092 961
1093 1978
1109 632
1111 600
1119 210
1124 150
1132 280
1133 754
1151 1563
1153 1605
1175 1340
1190 315
1209 432
1220 529
1228 239
1234 556
1242 846
1259 1001
1267 1127
1270 1220
1301 346
1310 1498
1313 466
1315 876
1364 523
1381 105
1408 726
1438 610
1453 1644
1460 1017
1485 583
1491 910
1495 189
1511 443
1519 856
1529 933
1530 49
1543 2068
1545 180
1551 663
1570 530
1571 592
1573 865
1579 1645
1615 603
1617 228
1626 594
1649 725
1652 966
1658 446
1660 1973
1664 765
1673 140
1676 1061
1707 299
1728 1788
1749 810
1759 304
1772 1014
1778 173
1787 1772
1793 842
1798 1029
1803 1122
1807 751
1818 768
1823 1648
1825 671
1843 662
1847 1059
1851 121
1853 2006
1859 2155
1874 164
1892 1011
1904 989
1922 550
1930 1225
1962 987
1965 552
1988 464
1998 445
2005 248
2011 682
2017 618
2024 265
2029 192
2073 919
2087 409
2089 1547
2096 486
2098 249
2104 1742
2113 609
2114 46
2118 479
2127 1893
2141 898
2143 1230
2149 973
2152 1975
2163 303
2164 401
2176 214
2196 774
2199 700
2246 41
2255 490
2259 593
2262 997
2273 790
2292 1439
2295 73
2305 724
2316 798
2318 709
2333 909
2359 2156
2360 1841
2378 719
2385 1792
2410 644
2415 370
2422 1385
2429 199
2460 1371
2471 264
2491 174
2497 513
2530 365
2531 509
2532 1034
2533 2125
2543 2001
2554 460
2560 1113
2569 430
2594 2084
2614 904
2620 2005
2630 399
2632 1706
2640 68
2643 793
2647 232
2678 521
2681 1688
2682 823
2695 1377
2703 224
2715 89
2717 266
2718 707
2746 501
2751 921
2763 278
2765 2166
2770 367
2774 517
2775 230
2783 227
2803 508
2821 316
2830 383
2832 713
2836 268
2839 773
2845 1137
2852 310
2856 756
2857 688
2865 35
2867 916
2883 1273
2885 847
2888 920
2889 1620
2891 1536
2894 1387
2910 2153
2955 351
2975 712
2976 1472
2995 839
