f_0082492.png f_0082928.png
4 16
241 39
339 194
343 324
415 4
422 19
426 251
439 25
451 12
482 179
488 59
492 90
493 216
498 73
503 495
512 233
529 314
530 494
551 517
553 283
560 258
561 304
566 274
567 340
571 250
573 290
586 389
597 89
607 152
615 204
627 339
632 416
638 406
642 245
644 610
654 694
670 688
673 185
679 174
684 193
686 302
698 223
699 240
722 375
723 500
731 211
740 473
751 739
758 280
808 300
827 345
845 244
854 388
865 330
879 272
894 509
984 353
1039 702
1081 1105
1084 636
1120 519
1129 679
1141 554
1147 480
1150 651
1168 796
1191 715
1203 515
1222 449
1238 746
1274 472
1289 607
1291 585
1309 639
1314 628
1328 656
1347 627
1354 650
1369 622
1383 723
1434 1006
1458 1215
1491 839
1498 1242
1517 857
1530 729
1550 1062
1570 1164
1571 1238
1574 801
1579 974
1582 1206
1583 1201
1587 1234
1590 784
1593 1188
1596 1261
1600 805
1611 987
1612 1260
1613 1289
1616 904
1622 1171
1629 946
1651 1146
1662 1331
1667 804
1688 1404
1694 1314
1702 993
1730 902
1732 842
1743 1321
1749 1054
1756 1120
1758 1464
1804 1446
1805 1455
1819 1448
1855 1545
1857 896
1869 1486
1876 1509
1884 1302
1893 1444
1902 1633
1913 1376
1947 1617
1948 1618
1960 1652
1966 1500
1982 1622
1985 1745
1993 1720
1994 1677
2039 1691
2048 1790
2057 1566
2098 1842
2122 1528
2137 1783
2200 1886
2240 1649
2266 1632
2307 1811
2350 1333
