f_0082558.png f_0082670.png
9 1109
10 200
13 491
16 268
20 423
22 676
29 253
42 554
57 1803
67 1121
68 1279
75 971
76 227
93 528
101 1289
106 604
118 1071
119 271
121 482
124 1050
127 975
131 868
133 565
135 1460
141 936
144 725
150 1199
154 558
156 691
157 1518
165 225
169 245
172 914
175 1112
185 620
190 1266
198 932
199 1514
200 816
207 874
213 431
215 260
228 634
234 1240
238 1400
243 1080
245 718
247 247
253 825
256 222
267 586
269 1907
270 1370
271 1148
274 835
278 1165
279 1860
280 628
282 1214
284 1684
286 368
297 343
304 1269
312 1190
322 1534
332 762
336 1465
338 652
347 232
350 678
352 1808
359 1533
362 151
364 1824
368 517
379 472
395 399
397 1031
405 900
412 1168
417 238
420 1204
421 1276
426 446
432 679
444 265
459 630
467 304
470 1278
473 276
484 1469
491 862
494 1186
495 587
502 1258
503 305
512 490
516 498
517 1599
518 621
522 660
524 553
528 173
529 1157
530 1539
537 688
540 638
544 870
556 1218
563 193
568 758
574 1152
577 1532
579 884
581 580
591 1079
592 207
600 428
605 1888
609 777
611 1184
619 763
634 533
636 1505
650 1438
656 339
658 764
661 925
663 1008
667 353
673 1162
684 962
686 1026
687 1284
696 456
705 1215
711 651
717 229
719 302
720 506
725 1815
726 1529
744 2156
749 1028
751 523
754 918
773 1065
776 618
787 386
814 1412
815 875
823 836
826 153
834 314
848 745
857 1319
859 1345
861 562
863 380
866 1363
869 744
877 346
882 447
884 493
887 465
890 411
916 963
917 444
920 284
929 1329
932 1519
937 1657
938 413
943 986
947 939
953 673
963 681
971 601
973 449
977 1428
978 418
982 525
984 813
986 920
993 668
998 1467
1000 667
1012 1549
1019 396
1025 710
1028 1732
1039 896
1041 181
1068 805
1072 1282
1075 797
1076 1408
1078 953
1082 641
1093 341
1095 1001
1102 240
1114 1967
1116 890
1121 767
1124 1399
1132 372
1133 1117
1134 786
1136 803
1139 1383
1144 658
1155 1543
1157 1046
1158 779
1159 616
1173 647
1174 1242
1176 902
1186 1166
1191 1131
1194 1084
1196 804
1197 293
1199 206
1204 563
1208 1401
1211 143
1222 249
1224 605
1229 556
1237 1437
1246 318
1247 133
1267 369
1272 954
1273 1015
1277 1142
1279 968
1281 204
1284 960
1291 977
1301 1241
1304 409
1307 1675
1310 544
1311 1140
1312 1635
1316 1402
1317 888
1318 644
1330 552
1339 876
1345 1510
1350 72
1354 1302
1355 1172
1359 1649
1360 500
1362 3
1379 719
1389 619
1406 967
1408 716
1409 1016
1413 599
1420 1442
1424 327
1426 1432
1429 1512
1430 964
1440 1869
1443 1219
1455 569
1457 1418
1472 1336
1475 1776
1480 1449
1483 1306
1485 1296
1489 637
1492 1077
1496 1457
1512 742
1514 1264
1517 1213
1523 895
1524 829
1527 487
1551 1780
1555 669
1564 650
1577 830
1589 985
1605 557
1607 795
1628 720
1629 1006
1636 789
1642 1396
1644 269
1648 631
1653 363
1661 893
1666 1209
1676 609
1680 1271
1688 1369
1697 1821
1699 992
1704 144
1710 404
1722 1103
1728 548
1736 277
1741 606
1746 1699
1764 220
1771 1106
1785 974
1795 822
1796 1297
1801 853
1814 704
1826 602
1828 821
1833 785
1841 840
1848 649
1856 202
1863 1618
1866 185
1891 617
1905 476
1910 1158
1922 309
1924 846
1929 1375
1931 196
1932 736
1935 663
1938 385
1954 328
1955 1620
1961 419
1962 285
1974 929
1977 687
1991 1023
1994 1498
2023 1203
2036 1127
2043 119
2054 671
2069 1032
2070 256
2078 481
2095 635
2112 958
2121 424
2124 1471
2125 1334
2129 993
2131 937
2132 1210
2136 1056
2140 1324
2145 989
2153 1640
2158 793
2159 205
2168 1350
2175 357
2182 1407
2198 1348
2204 263
2205 463
2208 221
2216 1480
2220 1447
2224 809
2225 915
2226 1247
2231 1167
2258 1397
2262 529
2277 1069
2278 1011
2294 254
2313 457
2320 1277
2328 319
2329 1270
2332 1128
2337 998
2342 242
2344 1652
2345 1275
2346 1403
2347 850
2348 570
2358 1357
2361 434
2362 1574
2375 1189
2380 442
2381 1443
2384 1081
2388 826
2390 130
2392 674
2400 324
2408 734
2427 175
2428 775
2430 940
2434 841
2436 1047
2442 1978
2444 398
2449 468
2450 340
2453 931
2454 636
2464 844
2467 575
2470 397
2472 1356
2475 713
2478 1086
2486 331
2493 1037
2494 1880
2498 1012
2499 239
2502 739
2506 1415
2515 588
2522 848
2535 408
2538 1555
2542 1767
2546 1389
2557 591
2562 615
2565 195
2575 1231
2587 1019
2595 541
2612 1392
2618 1382
2623 1511
2636 1646
2644 393
2654 753
2660 571
2673 161
2679 352
2681 272
2692 1556
2695 364
2697 1836
2703 1193
2704 1756
2705 969
2711 246
2716 1252
2732 1135
2740 801
2754 1149
2773 1314
2776 643
2778 367
2779 735
2782 534
2789 1479
2798 1434
2800 169
2801 488
2804 666
2810 632
2812 410
2813 425
2819 1475
2823 827
2830 1427
2834 1038
2838 1153
2843 1111
2848 1185
2872 685
2874 466
2879 1626
2880 154
2884 274
2890 1325
2909 1758
2911 706
2913 926
2923 164
2950 585
2953 251
2954 1371
2958 1232
2960 769
2969 483
2985 366
2986 1611
2990 1089
