f_0082724.png f_0082928.png
27 1037
29 156
35 116
47 138
50 181
59 170
60 176
61 241
62 770
64 3
98 383
102 495
104 37
112 304
119 1293
148 1279
151 1256
158 1272
178 204
263 1360
271 211
289 894
313 726
324 439
333 1373
337 893
354 1608
374 337
385 1441
390 903
407 845
422 1513
429 1024
445 961
448 1000
452 959
453 1189
462 1248
469 1799
487 1074
489 796
508 1089
510 1098
513 862
514 1127
528 1209
529 1602
538 1056
542 731
553 505
568 1118
577 1088
580 1032
604 1378
625 614
633 1343
657 1525
664 1565
725 784
747 685
758 1640
763 904
791 1267
819 1689
866 1759
873 1353
948 2025
966 1482
982 1813
993 1453
998 1855
1008 1499
1029 1502
1061 1435
1068 1660
1069 1725
1100 1885
1103 1468
1120 2088
1125 1507
1145 2053
1153 1281
1154 2043
1255 1440
1264 2041
1284 1962
1295 2074
1305 2290
1314 1614
1315 2011
1407 2326
1413 2406
1418 2293
1458 1956
1481 1803
1482 2247
1487 2448
1500 2443
1551 2548
1552 2616
1576 2200
1606 2511
1622 2512
1623 2513
1643 2225
1645 2071
1650 2198
1757 2525
1792 2551
1840 2634
1961 2625
