f_0082868.png f_0082952.png
7 348
15 449
17 1656
31 1165
65 1070
82 515
92 1781
104 1933
115 1217
143 1338
145 1209
162 1493
191 1486
236 1645
239 955
294 690
339 1228
361 721
425 1390
442 1305
466 2289
473 2009
490 1281
511 1994
526 1370
534 1301
561 594
596 971
670 1316
698 1324
725 574
746 952
766 994
769 2025
841 976
892 2262
915 2643
930 1243
935 1311
941 1827
1003 631
1027 2087
1045 1033
1049 1646
1109 997
1114 1134
1160 1304
1167 911
1262 1078
1284 1288
1291 2557
1318 2542
1364 790
1373 2325
1506 1471
1523 2562
1536 1019
1618 2308
1778 312
1896 925
1897 1876
1912 2222
1972 2640
2093 867
2103 900
2125 1866
2206 2079
2241 1630
2283 1223
2290 1637
2292 2216
2316 1279
2460 2080
2548 1018
2566 2370
2618 1926
2702 1570
2807 1061
2917 2584
2927 1052
2960 1800
