f_0082924.png f_0082968.png
31 130
40 184
61 104
122 158
150 267
177 78
197 351
210 103
247 312
275 221
282 219
300 317
315 378
398 50
413 432
425 722
468 476
485 496
514 490
543 689
574 675
623 633
654 447
683 764
694 820
706 859
712 562
717 808
856 1027
857 1048
889 574
900 789
904 1093
915 1100
933 1168
1007 1219
1019 1250
1022 1272
1058 889
1071 1215
1089 1402
1106 922
1119 1386
1129 1738
1148 1481
1158 1404
1209 1333
1216 1472
1217 1534
1227 1533
1267 1640
1289 1471
1305 1063
1317 1614
1321 1528
1322 1694
1327 1562
1328 1563
1356 1567
1357 1568
1370 1467
1373 1555
1374 1561
1376 1944
1435 1928
1440 1608
1444 1697
1455 1515
1460 1815
1488 1748
1498 1332
1503 1767
1506 1989
1516 1690
1530 1914
1532 2024
1537 1775
1584 1979
1592 1868
1595 1364
1646 1501
1652 1841
1675 1950
1682 2307
1713 1898
1721 1479
1739 1548
1774 1985
1810 2023
1864 2302
1901 2287
1946 1736
1959 1994
1961 1997
1965 2229
2010 1695
2013 1991
2048 2239
2065 2281
2077 2303
2226 2405
