f_0082864.png f_0082958.png
39 1686
43 1873
55 1310
69 1832
83 1140
113 1747
128 1431
135 1608
157 1726
172 1929
179 1341
201 2064
219 1617
224 597
296 1182
330 1793
409 2258
451 1775
513 1880
534 563
623 1776
708 2246
814 1497
843 1652
1033 2147
1105 1027
1126 1509
1136 706
1170 671
1197 230
1218 1566
1232 2215
1287 1614
1322 805
1386 2183
1433 1910
1622 2375
1686 1441
2061 2234
2067 1595
2074 877
2103 670
2130 1155
2233 1476
2255 981
2280 1562
2303 2162
2323 2274
2660 1123
2790 1777
2949 1067
