f_0082946.png f_0082886.png
3 118
22 113
31 172
53 111
63 78
64 62
70 181
76 74
93 194
101 99
102 85
117 75
154 114
173 187
179 143
181 185
194 102
196 115
222 190
243 233
249 276
254 288
255 214
272 402
281 224
295 255
297 179
298 186
312 252
319 221
331 263
338 219
362 433
371 238
386 431
393 241
394 376
404 309
410 298
419 235
442 356
444 269
466 340
473 515
476 446
540 380
543 518
575 381
593 497
650 386
671 474
672 476
673 477
706 436
708 469
715 620
721 435
726 488
757 621
760 563
762 603
764 588
770 559
771 560
772 556
790 507
801 572
807 635
815 486
819 546
823 691
831 647
834 648
836 566
848 581
858 592
866 653
871 800
879 543
884 611
885 568
886 702
888 643
906 624
907 728
910 670
914 640
928 612
929 582
935 649
966 657
977 613
978 614
993 781
994 761
1005 666
1014 809
1021 667
1023 659
1026 631
1048 730
1051 722
1055 894
1056 826
1062 651
1065 656
1066 888
1076 699
1083 801
1084 771
1085 757
1104 798
1121 694
1127 784
1141 905
1160 876
1182 866
1184 844
1187 807
1188 785
1193 967
1202 770
1205 836
1214 868
1237 786
1239 766
1242 846
1244 986
1246 857
1250 1043
1266 911
1276 947
1278 917
1279 912
1285 847
1312 873
1314 1018
1322 949
1328 915
1329 920
1334 944
1336 860
1337 830
1339 973
1340 977
1342 963
1345 918
1350 855
1357 959
1368 885
1369 983
1371 1013
1383 976
1385 980
1392 890
1399 1041
1404 914
1431 919
1433 928
1435 1032
1446 951
1467 1110
1473 1049
1474 1026
1476 1019
1488 1078
1490 1020
1506 1073
1511 985
1540 1010
1541 1210
1556 1134
1562 1029
1563 1037
1564 1042
1592 1171
1595 1172
1603 1114
1607 1148
1615 1155
1622 1239
1646 1232
1651 1094
1659 1240
1664 1113
1678 1214
1681 1141
1683 1123
1697 1133
1707 1183
1709 1162
1713 1136
1717 1163
1727 1275
1735 1145
1743 1352
1752 1252
1755 1260
1758 1170
1770 1324
1778 1230
1779 1184
1780 1175
1784 1272
1790 1218
1791 1243
1793 1221
1796 1191
1800 1253
1808 1293
1829 1196
1851 1224
1855 1238
1866 1322
1869 1235
1876 1258
1881 1265
1882 1247
1920 1269
1922 1409
1928 1357
1935 1369
1937 1368
1955 1302
1956 1288
1970 1319
1975 1328
1990 1346
1998 1405
1999 1417
2000 1396
2006 1492
2012 1354
2027 1372
2050 1376
2059 1467
2067 1444
2083 1525
2098 1442
2117 1429
2130 1463
2132 1432
2134 1430
2144 1460
2154 1455
2198 1512
2203 1499
2231 1501
2256 1528
2265 1585
2278 1533
2359 1591
2362 1586
2449 1727
2451 1678
2452 1613
2477 1697
2483 1726
2485 1801
2511 1668
2522 1831
2528 1740
2531 1757
2543 1728
2556 1852
2562 1804
2572 1837
2578 1826
