f_0082924.png f_0082912.png
0 2429
33 2787
42 2517
46 1095
50 2398
52 2246
55 2390
68 514
72 1547
74 249
82 2950
83 574
89 1571
90 259
91 1624
92 2704
99 49
113 2078
126 2201
131 327
140 460
142 10
145 1108
147 1106
148 1127
150 502
164 1302
173 2590
178 2607
183 1658
185 2596
188 2354
193 251
194 764
197 642
204 442
206 1020
210 2801
214 1230
218 123
219 207
220 2967
226 2604
227 999
228 2425
229 195
238 2591
246 1070
253 173
257 2772
258 1136
272 229
273 388
274 227
279 1581
289 2202
293 2548
299 361
300 349
302 59
313 592
317 1227
319 1802
320 548
324 2452
336 557
341 1424
348 2655
359 64
360 2532
363 3
366 1685
369 902
378 1679
384 385
385 2511
392 2594
402 2051
418 332
423 141
426 1343
427 2473
429 1295
430 909
441 913
449 27
454 1693
459 147
464 513
472 103
473 983
476 1540
480 1993
482 501
499 2797
501 2052
505 84
508 2691
510 369
512 2
514 2969
516 376
535 799
545 384
549 837
553 1404
554 2536
557 1
558 1542
563 2358
568 109
571 1038
581 2082
584 745
585 829
589 1132
607 2031
609 1576
612 294
613 1857
619 2900
636 2503
664 223
677 83
694 872
698 1799
706 1582
713 2185
717 1852
719 2348
720 1754
725 919
738 2978
745 281
746 1773
750 2236
755 1716
757 1273
761 742
767 1039
771 2406
774 2124
778 1368
782 1447
785 2806
786 456
795 2809
811 2278
814 346
829 435
830 298
832 22
833 1094
834 2909
835 1772
839 993
847 1319
851 775
858 57
865 1792
866 791
872 1510
879 1785
882 873
884 1940
889 2047
894 2448
896 1268
903 2984
905 1768
914 2188
919 411
929 1984
932 2652
934 1995
938 1676
939 2420
940 805
943 716
948 1916
951 128
953 1300
954 651
955 862
960 417
961 2790
962 950
987 746
995 400
1008 427
1012 1426
1019 2570
1023 63
1024 2207
1025 639
1034 2837
1044 2808
1046 929
1051 586
1056 2611
1063 627
1064 2451
1065 1551
1066 2702
1068 2618
1072 2083
1080 2029
1083 971
1091 2359
1098 424
1116 114
1130 2000
1134 1254
1137 2767
1142 808
1151 2956
1160 2189
1167 2092
1179 2130
1183 202
1195 2498
1197 1664
1199 818
1202 702
1206 280
1208 644
1216 801
1217 2028
1220 1719
1222 1644
1223 2737
1230 1912
1239 2968
1251 209
1255 2113
1256 619
1267 2595
1280 2829
1294 2171
1306 2727
1312 2566
1313 2523
1326 2002
1340 1209
1342 1032
1343 2014
1349 1451
1352 2038
1360 608
1369 495
1370 1874
1371 2499
1377 940
1384 2609
1389 2351
1399 255
1406 2889
1409 2573
1410 2977
1411 1194
1418 678
1423 734
1426 2066
1435 2132
1438 450
1442 2561
1447 1538
1456 1687
1463 661
1464 2049
1470 804
1474 2551
1476 534
1477 444
1480 1075
1484 2243
1489 787
1490 1804
1492 414
1499 695
1500 2562
1502 2753
1512 1318
1514 954
1517 551
1524 673
1532 2079
1539 1100
1544 2524
1546 403
1548 1998
1550 2811
1553 664
1554 1920
1556 1944
1562 1045
1566 1627
1569 1698
1574 2762
1577 2506
1585 2761
1586 1795
1593 1364
1599 1056
1600 1598
1604 409
1608 2735
1612 2342
1613 2885
1614 2441
1616 2521
1624 905
1626 2816
1629 896
1631 1019
1640 2637
1641 2019
1647 2584
1672 1027
1701 2041
1725 2101
1747 2309
1753 1838
1754 1561
1759 757
1767 1430
1769 1524
1773 1443
1782 1312
1804 910
1807 1871
1812 1294
1816 614
1817 1643
1819 659
1820 1248
1823 2048
1830 286
1849 2668
1851 2901
1854 2987
1859 2053
1862 1762
1865 2963
1866 2818
1871 144
1873 2850
1876 1360
1877 1438
1879 1894
1883 355
1884 2840
1886 1764
1889 1379
1893 1847
1896 643
1898 14
1899 2921
1900 2302
1901 1632
1905 2393
1906 60
1913 2147
1915 2175
1918 1722
1923 2366
1934 694
1935 184
1939 297
1940 2990
1948 32
1949 869
1956 2997
1965 2556
1969 1239
1970 1147
1977 1853
1981 2689
1985 1263
1992 1115
1996 423
2000 2379
2001 66
2013 53
2015 744
2018 2089
2019 2372
2026 1395
2034 2213
2037 2437
2039 876
2045 2943
2049 476
2062 1340
2068 1452
2069 1854
2071 1655
2072 387
2074 2916
2075 1062
2076 1288
2082 2054
2083 558
2089 1688
2090 1863
2091 2215
2096 317
2097 631
2099 2043
2102 2910
2105 2073
2106 2164
2108 1796
2113 2780
2122 108
2125 1873
2128 219
2129 70
2131 20
2136 75
2140 148
2142 41
2143 1036
2146 894
2153 1429
2154 2065
2155 2011
2160 625
2162 1752
2163 2064
2168 2381
2173 2776
2176 101
2177 895
2178 2697
2182 2899
2185 2913
2188 1670
2192 1499
2193 701
2195 832
2202 1373
2215 2376
2220 162
2223 600
2224 24
2225 78
2229 142
2231 2768
2232 468
2238 1234
2240 51
2241 1235
2242 1330
2244 725
2245 1428
2246 0
2248 884
2255 623
2257 2104
2265 2577
2268 25
2272 2608
2274 1905
2275 97
2276 1489
2280 47
2286 1751
2292 1657
2296 15
2298 93
2302 1951
2304 372
2305 2696
2311 1745
2314 1593
2318 958
2319 2367
2326 2090
2330 1006
2332 1007
2333 1142
2334 181
2338 2756
2343 69
2344 814
2350 2289
2368 85
2370 2635
2374 375
2375 1003
2379 613
2383 1134
2386 2003
2391 133
2401 1150
2402 831
2403 1113
2404 2408
2407 2931
2408 1972
2414 1022
2417 1353
2421 806
2422 1336
2423 2373
2432 951
2445 1759
2446 942
2448 2186
2451 132
2462 665
2464 357
2470 1537
2486 2895
2489 1826
2494 1600
2496 65
2497 2869
2498 2922
2501 2719
2503 8
2506 1008
2509 1552
2510 1641
2513 231
2516 2699
2522 1608
2524 1521
2530 2407
2533 166
2534 1372
2545 1131
2546 58
2549 153
2552 1054
2553 1583
2555 1797
2561 535
2568 589
2573 1392
2578 466
2585 883
2591 1646
2592 2192
2596 2237
2601 2161
2602 185
2603 2026
2611 1949
2615 1242
2624 713
2626 542
2627 2616
2630 1595
2642 2504
2645 1381
2648 2411
2651 2898
2653 81
2654 1182
2657 61
2658 2770
2661 867
2662 1650
2663 1575
2669 270
2672 2210
2680 1450
2696 2743
2699 145
2701 1021
2709 303
2710 2326
2712 2460
2715 220
2716 124
2721 437
2728 245
2729 44
2733 1682
2734 150
2738 1789
2743 997
2747 1195
2750 301
2756 2194
2758 2546
2760 2245
2762 680
2772 67
2775 253
2779 2927
2783 2365
2792 2671
2794 1845
2808 99
2810 2173
2813 1596
2827 1349
2829 1500
2840 575
2854 241
2864 2383
2869 1653
2870 1572
2873 703
2879 457
2881 517
2882 594
2887 824
2893 825
2897 935
2901 1256
2903 1215
2905 370
2906 77
2907 720
2912 117
2916 864
2918 2374
2919 2795
2930 2023
2934 224
2937 539
2940 2512
