f_0082872.png f_0082876.png
6 6
9 11
16 14
19 2
24 8
26 16
28 20
32 25
36 18
37 9
39 21
55 30
58 67
63 33
66 47
69 32
78 45
89 39
91 62
94 55
97 36
107 57
108 60
113 59
117 78
119 65
121 58
122 54
127 86
131 74
133 77
137 111
139 85
144 94
150 48
154 88
165 125
167 64
168 76
169 101
174 91
175 100
179 116
186 103
188 99
191 80
194 96
195 114
196 105
197 121
204 152
210 98
211 110
212 115
221 147
222 136
225 145
228 135
231 120
232 168
236 118
237 127
239 130
243 142
244 156
247 133
250 151
252 95
256 129
258 188
259 117
261 134
262 146
273 163
275 140
287 157
292 141
298 181
299 214
303 174
307 191
310 205
313 166
314 150
315 175
321 243
326 209
328 170
330 180
338 173
347 242
349 162
350 198
352 204
357 223
361 225
363 255
364 190
366 246
368 185
373 219
375 237
377 201
382 245
385 208
386 212
388 197
392 250
396 231
401 196
402 206
405 254
406 238
409 218
411 249
414 200
415 228
416 224
421 244
434 271
435 287
439 272
440 227
442 275
443 235
446 279
447 281
449 248
451 258
454 303
461 288
463 321
471 319
476 290
477 325
486 252
487 291
488 295
490 266
495 293
496 283
497 278
498 284
503 320
505 257
506 313
507 304
508 332
513 299
514 294
518 374
523 318
526 324
527 397
528 337
530 333
532 330
537 315
538 316
539 300
541 410
543 329
544 364
546 297
561 342
567 327
569 368
572 312
574 383
577 375
579 298
580 338
581 353
582 355
584 339
590 349
593 350
594 379
596 382
599 346
600 354
607 345
608 373
609 335
610 366
611 367
612 415
619 391
621 372
622 377
624 394
628 378
635 361
640 414
644 421
646 389
647 390
648 398
654 387
656 376
658 401
662 396
669 408
670 403
671 432
672 412
675 402
677 419
681 406
682 427
690 411
691 455
692 413
693 420
699 426
701 435
702 437
703 439
704 447
707 425
709 485
716 452
719 446
723 493
725 486
726 461
729 466
732 480
735 478
736 488
737 503
739 454
741 462
745 429
746 449
747 445
748 459
749 453
750 479
755 484
760 451
761 474
763 545
764 504
767 487
768 502
769 489
773 475
776 527
777 532
781 552
783 498
785 506
786 499
792 514
795 565
797 518
798 505
799 524
800 526
801 560
803 573
810 543
811 547
812 539
814 491
818 542
825 591
830 530
831 525
832 531
833 563
837 564
838 559
841 496
847 576
849 589
852 510
854 521
856 550
857 570
858 584
860 561
865 520
866 541
869 523
870 595
873 578
874 598
875 571
876 603
877 608
878 628
880 566
884 540
885 610
887 627
889 569
890 588
892 594
897 631
902 579
907 555
909 662
918 635
919 651
928 607
929 666
930 613
934 624
935 637
938 657
939 658
942 615
944 621
947 626
948 695
951 606
956 676
964 678
967 602
969 686
970 691
973 663
975 605
978 644
982 690
984 661
986 670
987 574
988 622
989 645
991 648
994 618
995 629
997 646
999 679
1003 619
1004 639
1005 655
1006 672
1008 617
1009 634
1011 654
1012 656
1018 636
1026 641
1029 682
1031 706
1035 705
1040 664
1044 683
1045 694
1050 733
1051 712
1055 677
1056 704
1057 740
1070 767
1076 710
1079 703
1083 746
1085 692
1089 773
1094 675
1096 680
1104 671
1109 718
1111 772
1114 766
1118 701
1120 765
1132 731
1134 803
1136 737
1141 769
1142 794
1143 785
1148 713
1150 756
1151 745
1152 749
1158 707
1159 744
1160 755
1163 814
1165 697
1169 757
1173 763
1177 735
1178 771
1182 792
1184 815
1185 819
1187 764
1189 753
1196 768
1197 760
1199 813
1200 827
1201 752
1203 722
1206 783
1207 791
1208 797
1209 793
1210 849
1211 829
1212 835
1214 776
1215 806
1224 834
1230 805
1232 759
1238 761
1241 885
1242 847
1244 818
1245 812
1246 808
1248 774
1249 828
1250 855
1251 778
1252 790
1253 782
1262 868
1265 823
1270 880
1274 931
1276 810
1277 802
1279 854
1285 838
1286 811
1287 833
1288 875
1289 863
1298 837
1300 879
1301 857
1305 899
1306 897
1310 851
1314 846
1315 853
1323 896
1326 801
1327 840
1328 860
1329 924
1333 850
1339 809
1344 884
1345 917
1346 930
1347 869
1348 907
1349 859
1351 895
1353 889
1354 916
1355 928
1358 922
1359 926
1361 925
1362 893
1366 856
1367 871
1368 882
1372 864
1374 894
1375 918
1380 876
1386 934
1391 881
1393 961
1394 865
1396 901
1397 911
1400 913
1403 921
1412 933
1413 910
1414 905
1420 958
1424 938
1427 915
1429 932
1431 974
1432 887
1434 936
1435 937
1436 945
1440 954
1442 969
1444 951
1445 973
1448 948
1449 955
1451 979
1457 1009
1461 981
1462 982
1469 1023
1470 966
1471 968
1476 956
1485 959
1488 1034
1489 940
1490 944
1491 950
1496 977
1497 1002
1498 999
1500 992
1502 1011
1506 1033
1507 1031
1508 991
1511 1012
1512 1055
1515 1026
1516 1028
1527 975
1528 1004
1531 1010
1532 1020
1533 1054
1535 1017
1537 1053
1538 1046
1540 1085
1542 1027
1545 1057
1546 1067
1547 1080
1552 1043
1553 1044
1560 1042
1561 1078
1562 1024
1564 1062
1566 1035
1567 1045
1568 1063
1569 1064
1573 1083
1574 1146
1577 1126
1578 1037
1579 1072
1580 1038
1583 1097
1584 1050
1586 1077
1587 1071
1593 1144
1594 1088
1600 1075
1605 1092
1608 1086
1609 1111
1610 1100
1613 1093
1620 1115
1623 1102
1625 1145
1627 1149
1640 1081
1642 1166
1643 1169
1644 1164
1645 1135
1647 1099
1648 1134
1649 1157
1652 1124
1654 1156
1655 1140
1659 1194
1661 1180
1664 1133
1672 1183
1675 1132
1677 1165
1679 1168
1681 1207
1685 1150
1686 1230
1694 1162
1696 1178
1697 1174
1698 1172
1704 1171
1708 1147
1709 1182
1710 1195
1713 1258
1714 1237
1723 1193
1725 1190
1734 1239
1735 1236
1736 1199
1737 1238
1740 1205
1748 1248
1750 1170
1751 1202
1752 1222
1753 1196
1754 1176
1756 1189
1757 1192
1760 1215
1762 1220
1765 1250
1766 1270
1767 1175
1769 1229
1770 1216
1775 1224
1798 1281
1800 1233
1810 1235
1813 1245
1817 1265
1824 1299
1827 1277
1832 1296
1833 1321
1834 1257
1835 1271
1844 1288
1847 1295
1848 1331
1850 1243
1851 1244
1862 1264
1863 1294
1864 1311
1866 1309
1869 1338
1872 1253
1873 1279
1874 1293
1876 1376
1878 1280
1883 1343
1887 1310
1890 1347
1894 1305
1896 1346
1898 1336
1900 1312
1901 1304
1902 1314
1907 1284
1915 1303
1918 1329
1920 1319
1927 1335
1928 1283
1934 1318
1938 1290
1940 1334
1945 1301
1949 1297
1958 1340
1963 1326
1966 1341
1967 1350
1971 1366
1973 1308
1978 1333
1979 1325
1983 1349
1984 1361
1985 1345
1986 1360
1990 1363
1994 1362
1995 1374
1997 1428
1999 1387
2008 1371
2011 1378
2012 1384
2020 1402
2028 1401
2029 1448
2032 1417
2036 1445
2041 1377
2042 1407
2043 1420
2046 1411
2053 1462
2055 1456
2057 1422
2063 1479
2065 1438
2070 1435
2074 1446
2077 1443
2081 1486
2097 1463
2102 1454
2106 1431
2107 1432
2109 1460
2111 1468
2115 1442
2120 1452
2123 1450
2125 1485
2136 1481
2138 1471
2139 1482
2141 1458
2143 1490
2144 1469
2151 1492
2154 1470
2157 1473
2159 1504
2163 1484
2164 1497
2166 1507
2167 1501
2168 1529
2169 1513
2171 1516
2172 1551
2173 1500
2179 1506
2184 1530
2185 1494
2191 1487
2193 1478
2195 1493
2196 1531
2204 1523
2205 1524
2206 1509
2208 1514
2209 1505
2215 1515
2217 1519
2219 1522
2222 1545
2224 1521
2232 1547
2235 1533
2248 1601
2255 1539
2259 1550
2260 1552
2261 1553
2262 1554
2264 1559
2268 1543
2269 1562
2271 1540
2272 1557
2273 1558
2274 1561
2277 1549
2283 1584
2284 1604
2288 1596
2293 1542
2299 1614
2304 1576
2305 1568
2306 1578
2313 1609
2315 1575
2317 1591
2323 1572
2324 1592
2327 1607
2329 1597
2331 1629
2332 1589
2338 1623
2341 1586
2343 1583
2346 1605
2347 1610
2349 1593
2357 1588
2365 1628
2366 1617
2385 1635
2387 1620
2389 1662
2400 1644
2401 1639
2409 1683
2416 1653
2417 1643
2422 1665
2423 1626
2434 1687
2435 1676
2438 1652
2441 1669
2449 1666
2450 1708
2451 1701
2453 1675
2454 1670
2456 1730
2467 1679
2469 1698
2472 1709
2473 1720
2475 1758
2476 1678
2479 1682
2480 1692
2485 1707
2488 1691
2490 1733
2491 1690
2492 1703
2495 1753
2498 1702
2505 1732
2510 1742
2514 1771
2516 1715
2519 1747
2521 1724
2526 1734
2527 1777
2531 1756
2533 1772
2538 1741
2539 1769
2541 1737
2543 1744
2544 1745
2545 1775
2549 1806
2550 1792
2553 1751
2559 1749
2561 1774
2562 1814
2565 1770
2567 1782
2569 1810
2572 1767
2573 1794
2574 1764
2576 1805
2582 1818
2593 1795
2606 1822
2609 1789
2611 1817
2612 1847
2614 1828
2618 1845
2619 1830
2630 1833
2632 1827
2636 1832
2641 1851
2643 1842
2650 1871
2653 1857
2656 1844
2657 1859
2661 1836
2663 1850
2667 1854
2668 1848
2669 1866
2671 1864
2674 1870
2675 1884
2677 1869
2686 1908
2689 1879
2692 1899
2703 1911
2705 1923
2706 1887
2709 1912
2710 1935
2715 1894
2729 1898
2739 1936
2745 1921
2750 1954
2751 1945
2755 1920
2763 1917
2770 1927
2772 1929
2779 1969
2787 1946
2790 1956
2801 1979
2804 1963
2807 1962
2813 1977
2817 1975
2819 1981
2820 1982
2821 1983
2826 1984
2827 1967
2840 1980
2857 2020
2870 2024
2875 2009
2881 2013
2884 2019
