f_0082872.png f_0082928.png
256 29
324 136
352 32
353 117
357 27
391 8
400 372
403 16
415 6
429 37
450 67
473 31
506 343
571 12
572 25
579 94
582 430
590 407
602 456
607 90
610 59
615 128
617 281
620 55
623 410
625 507
628 282
630 476
636 383
638 175
655 30
662 625
670 488
683 591
689 275
692 528
699 174
713 597
720 396
721 563
722 561
728 223
729 339
735 596
741 667
747 268
748 249
750 631
756 545
758 662
760 210
767 608
773 280
774 595
782 409
796 603
797 467
799 610
805 244
806 604
810 704
817 663
823 688
824 763
827 144
830 661
831 670
832 657
837 720
838 789
846 300
847 681
850 230
852 338
853 164
854 388
858 770
860 362
862 655
866 289
868 654
869 660
876 871
884 243
902 634
903 629
915 532
923 751
924 760
928 719
941 579
942 814
944 602
945 774
952 309
955 831
977 323
980 748
986 870
988 640
1004 726
1006 875
1012 768
1018 480
1024 781
1025 793
1041 578
1044 868
1046 912
1052 515
1053 554
1064 895
1067 1018
1071 577
1074 890
1085 609
1088 889
1092 432
1095 505
1099 932
1115 531
1124 963
1128 633
1129 757
1131 985
1132 906
1137 937
1139 829
1140 930
1150 787
1152 818
1155 984
1160 786
1166 457
1167 553
1168 708
1169 835
1173 845
1181 983
1197 828
1198 844
1201 622
1205 746
1206 899
1209 1041
1215 1094
1219 970
1220 1134
1224 1190
1230 914
1239 936
1241 1117
1243 1024
1246 1040
1256 1017
1257 1116
1281 1034
1287 1060
1288 1093
1290 1115
1304 1063
1310 995
1314 849
1317 1105
1318 772
1333 905
1341 981
1344 1132
1354 1130
1358 1007
1359 1221
1373 1220
1375 1184
1383 658
1388 1002
1403 1032
1413 695
1422 806
1426 1183
1429 1163
1430 1137
1431 1278
1446 1103
1447 1147
1448 1149
1452 1270
1454 833
1468 1193
1472 1290
1487 1300
1492 953
1498 1356
1500 1216
1501 1271
1511 1362
1515 1083
1518 1477
1522 980
1523 1396
1528 1188
1544 1392
1553 1268
1560 1234
1565 916
1572 1483
1576 1260
1581 1330
1585 1288
1594 1326
1600 1047
1606 1319
1607 1341
1618 1314
1620 1454
1636 1309
1641 1383
1643 1521
1645 1340
1648 1353
1654 1302
1657 1608
1671 1418
1672 1510
1675 1027
1681 1604
1684 1168
1691 1532
1697 1445
1698 1447
1701 1523
1704 1382
1718 1500
1728 1497
1740 1542
1746 1544
1750 1198
1752 1531
1755 1235
1762 1509
1769 1616
1770 1482
1782 1439
1786 1499
1800 1535
1802 1583
1815 1582
1835 1597
1837 1675
1844 1566
1866 1643
1868 1738
1896 1780
1900 1622
1901 1618
1909 1371
1922 1703
1926 1676
1939 1671
1948 1639
1952 1692
1956 1635
1957 1652
1974 1568
1975 1647
1986 1688
1988 1628
2016 1541
2017 1684
2028 1796
2057 1718
2091 1816
2098 1610
2099 1672
2102 1789
2103 1905
2111 1966
2115 1683
2123 1698
2125 1969
2132 1806
2137 2014
2138 1863
2139 1900
2146 1893
2149 1886
2155 1788
2158 1892
2159 1923
2162 1771
2163 1847
2165 1885
2170 2055
2176 1891
2191 1797
2200 1805
2207 1784
2208 1808
2209 1840
2211 1853
2215 1873
2216 1775
2217 1884
2219 1941
2225 1896
2226 2081
2241 2035
2245 2120
2252 1950
2261 1980
2265 2102
2268 1920
2277 1931
2281 1939
2286 2125
2295 1962
2296 2141
2308 2088
2313 2236
2324 2075
2339 2224
2345 2010
2348 2029
2350 2294
2351 2107
2359 2073
2373 2068
2415 2096
2423 1957
2480 2244
2488 2206
2518 2518
2520 2230
2521 2280
2543 2302
2552 2268
2568 2316
2577 2527
2631 2641
2650 2660
2658 2657
2713 2611
2799 2528
2811 2542
