f_0082946.png f_0082958.png
97 17
121 24
142 81
164 154
173 38
182 39
200 199
202 16
213 205
221 146
228 101
244 173
251 76
257 139
259 104
269 312
282 335
283 257
287 233
292 184
302 41
304 307
307 167
312 226
319 384
323 236
326 329
329 188
335 131
336 254
346 135
353 342
366 349
375 267
387 361
390 246
404 394
405 300
409 403
411 284
412 278
413 376
414 448
426 397
432 348
433 503
436 302
437 491
446 429
451 315
459 570
474 669
478 591
495 371
500 408
510 631
526 456
535 658
560 597
572 717
605 746
608 655
610 628
614 629
629 740
630 756
638 671
645 637
647 673
668 754
669 594
670 679
701 643
702 800
704 719
707 764
708 813
721 894
755 846
760 778
763 723
772 799
774 855
775 912
783 898
789 893
798 955
803 735
807 757
814 966
818 873
819 887
820 967
841 905
844 933
845 996
848 937
849 993
857 772
861 770
864 968
869 930
870 938
879 1038
881 884
887 830
888 890
889 983
899 748
901 816
906 1008
909 829
913 896
915 1095
916 1064
922 1018
929 1137
934 1063
935 1075
936 1155
937 1136
943 1166
944 1169
947 1030
976 1079
977 1167
978 1171
988 1109
992 1111
1001 948
1006 1177
1010 1148
1019 1043
1021 1174
1025 1360
1030 1162
1035 1108
1040 1213
1042 1122
1043 1157
1049 1021
1063 1242
1073 1230
1077 1341
1084 1090
1096 1335
1114 1182
1118 1282
1122 1385
1126 1170
1127 1239
1131 1357
1136 1330
1137 1227
1139 1358
1142 1219
1144 1408
1150 1275
1156 1259
1167 1237
1175 1407
1189 1521
1196 1390
1206 1346
1207 1475
1209 1307
1213 1339
1216 1537
1219 1557
1229 1513
1240 1328
1246 1409
1247 1405
1251 1287
1259 1340
1265 1393
1266 1354
1267 1458
1268 1404
1270 1369
1271 1448
1278 1351
1279 1363
1280 1368
1289 1431
1290 1459
1300 1422
1301 1592
1312 1563
1322 1436
1328 1482
1331 1580
1335 1437
1341 1399
1343 1503
1344 1527
1349 1608
1350 1646
1352 1518
1354 1561
1359 1286
1370 1544
1377 1786
1384 1507
1395 1382
1400 1663
1407 1523
1408 1654
1414 1694
1420 1550
1443 1664
1450 1744
1459 1625
1465 1735
1473 1647
1490 1770
1492 1712
1501 1667
1508 1662
1514 1675
1517 1923
1538 1713
1543 1768
1550 1870
1559 1740
1577 1788
1594 1778
1600 1738
1613 1784
1618 1806
1619 1984
1628 1900
1648 1892
1650 1880
1664 1996
1665 1898
1680 1856
1711 1944
1739 1866
1742 2108
1746 2110
1758 2154
1760 2015
1776 1915
1795 2036
1796 2201
1806 2176
1825 2183
1828 2256
1829 2125
1836 2130
1883 2158
1905 2190
1910 2262
1935 2261
1958 1977
2001 2384
2008 2227
2038 2336
2042 2328
2153 2335
