f_0082412.png f_0082492.png
8 767
44 785
61 204
83 839
90 821
95 403
112 421
116 433
121 322
132 709
150 902
187 820
190 350
194 740
198 597
287 1053
309 911
367 934
368 537
384 496
406 987
420 590
426 408
464 601
475 757
483 555
493 462
497 1061
510 527
513 1144
519 736
527 1158
554 1294
561 1279
597 1112
598 1121
605 894
608 1106
625 1105
639 1100
643 1095
652 1094
659 1039
660 1096
688 1275
732 943
744 1111
750 1085
776 1139
807 1213
821 645
834 805
854 1162
856 1423
858 1267
873 864
880 743
889 1356
917 1220
923 1233
927 841
938 849
965 1138
974 1161
980 1271
984 1513
989 1064
997 925
1011 1120
1021 1191
1038 1435
1042 1518
1048 1264
1103 1250
1123 1015
1125 1506
1129 1032
1164 1544
1168 1237
1169 1498
1210 1289
1211 1638
1241 1625
1259 1631
1260 1632
1261 1637
1262 1383
1353 1438
1359 1316
1361 1656
1362 1661
1371 1258
1372 1652
1421 1197
1435 1743
1441 1731
1472 1766
1502 1742
1519 1771
1553 1880
1559 1690
1569 1762
1574 1711
1602 1468
1616 1516
1627 1819
1646 1429
1677 1877
1696 1872
1710 1814
1736 1964
1790 1858
1810 1932
1840 1948
1852 1709
1888 1654
1903 1626
1906 1992
1930 1797
1934 1982
1942 1931
1945 2008
1967 1953
1984 1939
1988 1946
2013 1923
2015 1813
2175 2047
2212 1972
2242 2096
2247 2157
2250 2145
2267 2005
2283 2246
2304 2067
2306 2055
2325 2079
2338 2085
2349 2086
2360 2233
2364 2119
2375 2348
2461 2251
2468 2248
2517 2416
2550 2437
2665 2459
2688 2464
2692 2463
