f_0082946.png f_0082928.png
93 1
125 2
137 13
151 19
160 31
169 6
173 53
175 69
176 16
179 21
180 150
181 70
186 89
191 113
194 22
200 32
202 129
212 191
216 115
218 71
222 83
223 80
225 56
228 109
242 153
244 122
247 98
249 174
250 185
253 287
255 130
257 157
258 125
260 104
267 111
269 110
273 139
282 145
287 181
288 132
293 245
302 322
303 268
304 194
309 300
310 330
316 274
317 198
318 212
319 189
331 258
336 302
338 219
347 220
350 353
352 303
357 256
358 206
369 295
370 285
372 277
376 375
378 324
380 339
381 305
383 316
384 253
386 457
390 454
391 388
401 299
404 341
409 409
412 480
416 548
417 491
421 439
422 396
427 342
428 351
431 486
432 433
433 356
437 370
442 414
448 398
462 391
471 424
474 365
477 509
478 407
490 452
492 402
494 567
496 574
500 578
505 494
506 459
508 484
515 464
519 614
521 456
528 547
530 421
531 427
541 517
554 516
555 469
560 580
568 675
580 571
583 561
586 503
595 560
602 618
617 594
627 595
646 630
648 591
662 611
666 644
670 708
673 641
676 638
682 606
686 631
688 730
691 600
693 660
694 632
702 647
705 655
706 625
708 657
709 663
712 709
720 672
726 670
727 674
734 724
738 681
739 678
740 665
744 807
745 668
747 727
753 648
758 732
770 786
771 787
773 745
774 748
775 705
782 759
788 851
789 742
796 773
798 706
802 780
803 857
806 878
809 788
810 767
812 818
818 768
819 781
820 743
826 828
827 834
828 812
835 835
836 813
837 769
840 774
841 850
844 797
847 898
849 803
853 782
856 938
861 904
862 862
864 770
869 867
874 905
883 763
893 854
897 823
901 939
906 913
908 967
914 927
915 858
917 889
920 906
923 926
924 880
926 1009
929 870
934 935
936 915
937 912
947 958
948 955
954 1042
965 951
968 884
977 928
988 961
990 907
991 1028
997 937
1004 1072
1006 932
1007 933
1009 1047
1020 1008
1022 973
1024 960
1025 941
1036 976
1039 1082
1044 1024
1052 1013
1058 1135
1059 1012
1061 1030
1062 977
1063 1050
1073 1057
1074 1071
1078 1025
1083 1153
1084 1124
1088 1198
1098 1058
1103 1145
1105 1073
1109 1211
1116 1176
1118 1089
1121 1018
1122 1065
1123 1052
1126 1192
1127 1164
1128 1108
1131 1092
1132 1076
1135 1121
1139 1075
1141 1235
1142 1247
1146 1154
1149 1205
1150 1201
1151 1128
1152 1206
1153 1094
1157 1129
1161 1138
1162 1274
1164 1160
1171 1116
1174 1226
1175 1132
1178 1193
1179 1334
1187 1216
1190 1117
1195 1215
1201 1189
1204 1267
1206 1234
1210 1202
1211 1203
1213 1302
1215 1237
1223 1268
1224 1244
1228 1184
1235 1269
1236 1253
1239 1190
1247 1297
1252 1276
1254 1271
1258 1406
1264 1220
1268 1324
1269 1397
1272 1254
1277 1402
1278 1376
1280 1353
1281 1326
1282 1320
1284 1299
1289 1342
1290 1330
1308 1322
1311 1341
1321 1472
1323 1294
1325 1303
1332 1452
1336 1307
1337 1284
1340 1435
1347 1473
1349 1337
1355 1468
1356 1453
1367 1466
1368 1345
1369 1444
1372 1458
1373 1362
1374 1356
1375 1484
1376 1425
1380 1508
1382 1421
1385 1457
1391 1540
1395 1543
1396 1454
1408 1502
1411 1541
1413 1474
1420 1514
1422 1527
1423 1509
1428 1560
1430 1451
1434 1579
1444 1489
1446 1462
1447 1511
1449 1595
1450 1476
1455 1574
1457 1559
1458 1611
1465 1525
1468 1480
1476 1542
1477 1614
1482 1612
1486 1596
1487 1537
1490 1551
1501 1600
1506 1606
1515 1586
1517 1557
1527 1628
1533 1632
1538 1622
1550 1587
1556 1682
1557 1651
1558 1617
1559 1618
1560 1594
1573 1598
1580 1602
1587 1708
1588 1696
1591 1609
1594 1652
1599 1735
1601 1616
1603 1684
1608 1654
1618 1688
1619 1644
1632 1656
1633 1752
1634 1692
1635 1803
1636 1691
1637 1681
1640 1781
1641 1763
1644 1665
1648 1699
1652 1729
1654 1819
1656 1771
1657 1723
1666 1705
1668 1820
1674 1704
1681 1741
1683 1714
1686 1755
1688 1809
1690 1759
1691 1754
1695 1772
1697 1707
1700 1826
1701 1767
1703 1764
1708 1777
1709 1782
1711 1789
1717 1779
1719 1796
1720 1840
1723 1853
1725 1768
1726 1749
1734 1862
1746 1814
1748 1889
1751 1924
1753 1873
1756 1838
1757 1832
1760 1849
1761 1890
1766 1956
1772 1939
1774 1855
1778 1932
1780 1802
1781 1792
1785 1869
1787 1799
1788 1937
1790 1885
1791 1893
1792 1887
1793 1894
1794 1992
1795 1912
1799 1993
1800 1945
1801 1883
1804 1913
1805 1904
1808 1976
1809 1921
1810 1922
1819 2021
1822 1934
1823 1905
1825 1915
1828 1916
1833 1942
1837 1953
1841 2005
1847 2047
1853 2058
1855 1958
1859 1943
1864 2032
1867 2004
1868 2009
1875 1984
1876 1968
1879 1989
1880 1998
1883 1983
1885 1990
1888 2059
1897 2031
1898 2012
1901 2016
1910 2034
1924 2053
1929 2074
1930 2063
1931 2064
1945 1996
1949 2124
1954 2036
1955 2045
1959 2088
1975 2055
1990 2078
1996 2208
1999 2154
2004 2102
2008 2225
2012 2091
2020 2194
2025 2161
2026 2117
2035 2281
2036 2238
2041 2212
2044 2111
2060 2263
2063 2265
2066 2278
2067 2270
2079 2251
2086 2298
2088 2272
2089 2258
2093 2360
2096 2223
2098 2273
2100 2354
2102 2290
2103 2325
2117 2293
2133 2334
2148 2366
2168 2397
2174 2437
2180 2310
2182 2419
2193 2433
2201 2443
2203 2307
2211 2469
2231 2435
2235 2448
2239 2464
2249 2424
2259 2485
2261 2462
2263 2449
2291 2551
2307 2512
2309 2578
2327 2580
2355 2518
2356 2587
2357 2547
2387 2625
2401 2561
2410 2651
2411 2633
2418 2558
2432 2595
2433 2621
2442 2664
2445 2666
2477 2670
