f_0082452.png f_0082868.png
6 396
11 2110
45 25
53 883
152 554
157 1987
158 817
179 2348
211 2815
240 2640
388 2799
426 339
435 2225
476 2170
502 226
520 2966
536 931
553 1268
671 1840
674 610
678 1939
730 2159
742 2548
743 914
745 2857
771 2610
783 841
787 741
788 1109
805 239
836 2080
851 138
856 1663
889 1465
972 1996
973 494
1050 2064
1055 1180
1175 1566
1206 157
1301 2373
1407 810
1506 1270
1552 2315
1558 193
1578 972
1621 2116
1682 1017
1702 522
1717 533
1801 9
1931 2588
1939 2326
1971 2003
1976 147
