f_0082882.png f_0082858.png
132 2820
212 2674
223 2205
239 1282
250 12
256 458
312 1392
358 2503
372 631
389 1493
446 419
447 2452
469 2152
471 897
511 2742
543 1429
554 760
574 1377
584 545
592 991
601 2611
602 2850
605 2777
609 49
616 2050
654 2519
667 1355
668 900
675 2964
683 2981
700 651
716 230
740 2184
742 831
743 753
755 2370
759 1613
764 2849
771 2270
789 1147
790 2946
795 1498
804 2075
814 2189
815 2930
822 627
831 1480
854 1118
873 1883
879 187
888 2788
895 717
896 664
936 715
938 1381
948 83
950 1364
967 102
975 868
985 1139
1008 457
1020 2
1034 189
1039 2683
1045 1869
1047 2931
1054 2796
1070 2760
1076 2355
1078 1175
1095 1419
1097 2137
1113 2854
1131 740
1132 2776
1133 2501
1136 52
1147 2591
1168 373
1175 2958
1205 2634
1221 254
1260 531
1263 2861
1289 2522
1297 408
1303 1933
1311 1784
1316 2191
1324 17
1342 334
1343 1321
1366 348
1369 1333
