f_0082864.png f_0082918.png
0 102
3 2483
4 1648
12 92
17 1203
20 1506
22 893
26 24
28 103
33 2093
38 301
39 812
40 2085
41 734
44 355
47 358
50 2437
53 2058
55 370
59 249
67 1783
68 657
77 281
91 1828
92 128
93 2479
96 132
104 1672
113 1115
116 339
122 1425
136 1646
151 2246
153 2449
168 270
173 2608
180 2786
182 691
199 1112
202 890
206 118
208 2701
212 2083
221 335
236 1604
238 2931
239 136
241 848
245 120
254 1555
261 236
272 1006
279 1589
282 1889
306 1722
329 651
334 837
338 1850
339 71
349 228
350 717
365 1160
379 2778
380 905
388 386
391 1854
396 1530
399 1384
400 196
405 2976
418 2526
429 2283
431 2663
437 268
441 1410
446 478
459 1736
468 1776
479 996
480 889
495 256
497 569
499 429
502 1957
511 796
518 1582
527 1325
531 2555
545 241
560 684
565 348
568 17
573 2340
574 73
584 1029
585 690
587 127
588 13
590 832
594 254
597 1732
601 1219
607 105
613 474
618 173
623 945
638 2359
644 2234
650 876
652 1227
653 1471
659 1017
693 903
694 425
703 1333
704 595
713 2444
735 10
736 1411
738 201
739 640
790 235
827 991
829 113
841 8
845 2238
846 783
865 2022
866 1523
876 947
890 68
901 1072
902 823
908 1818
909 287
924 2744
931 157
932 244
935 2860
937 94
942 330
945 2574
946 239
948 939
961 439
967 1808
971 2033
972 2401
976 1519
977 1651
978 2615
982 2595
983 1694
986 211
992 202
996 1104
1001 1186
1004 884
1011 977
1012 2253
1014 2101
1021 23
1023 864
1028 90
1029 1849
1034 2153
1038 760
1042 93
1046 824
1057 352
1058 2847
1059 1769
1060 299
1077 1362
1083 2986
1086 2856
1088 1916
1091 64
1093 2452
1099 2128
1110 505
1113 2843
1117 1473
1119 599
1135 1763
1141 2781
1143 1466
1145 267
1152 757
1153 50
1160 2265
1175 2969
1179 1468
1187 2911
1192 2
1195 222
1196 2104
1206 1246
1210 2067
1227 2960
1228 2958
1232 885
1244 46
1249 634
1261 215
1262 2006
1280 1551
1283 1190
1284 414
1314 636
1319 2864
1320 2324
1324 533
1328 2535
1329 2712
1356 232
1377 1544
1378 2518
1384 2462
1388 2195
1391 509
1397 632
1398 2428
1399 2407
1400 1899
1409 1326
1412 737
1426 2898
1442 336
1446 603
1450 106
1451 2046
1463 1383
1464 2431
1472 2533
1473 502
1477 1369
1498 1054
1507 1864
1511 1881
1524 1311
1529 2420
1551 438
1567 566
1569 2800
1575 935
1585 1271
1596 300
1599 1596
1605 490
1611 381
1612 2780
1613 1067
1623 749
1627 393
1630 1354
1651 2410
1664 2355
1676 2789
1686 995
1690 2839
1694 961
1705 1110
1709 1606
1738 2815
1739 323
1742 2977
1746 2902
1752 1567
1786 587
1788 88
1793 2779
1796 969
1800 2008
1801 1322
1839 1735
1842 2272
1871 596
1875 293
1878 315
1879 1539
1880 2292
1882 1093
1887 606
1893 2775
1900 1926
1905 2563
1908 367
1922 2198
1947 400
1967 954
2000 1662
2008 1518
2016 1061
2018 1643
2020 452
2021 2469
2027 1992
2033 40
2041 1449
2051 1682
2060 2321
2072 1671
2074 310
2082 1253
2088 1364
2099 1516
2101 827
2121 2900
2132 1922
2135 563
2142 2207
2145 1091
2149 681
2160 166
2165 619
2166 2282
2177 556
2185 616
2206 405
2222 1950
2249 2356
2250 194
2256 2023
2263 1218
2265 1028
2279 2745
2284 1157
2290 779
2291 840
2305 1010
2306 204
2307 2803
2308 1556
2316 1660
2318 496
2319 248
2321 2988
2351 2256
2353 437
2360 2501
2375 1993
2392 2588
2397 1280
2398 349
2402 2286
2414 60
2420 2671
2437 1909
2439 899
2441 1607
2452 2353
2458 2056
2464 613
2467 2837
2468 1591
2478 2661
2481 2593
2485 463
2491 1039
2523 1272
2526 353
2530 1994
2539 2833
2562 1107
2575 63
2576 1683
2588 326
2611 2010
2614 1051
2617 934
2627 276
2629 2114
2631 469
2641 2375
2648 331
2653 1034
2660 1811
2684 2686
2689 376
2719 146
2730 2181
2733 500
2735 2507
2754 1872
2757 382
2779 1486
2791 1289
2798 394
2806 2210
2814 2572
2816 2484
2830 1294
2833 1676
2835 1375
2842 2318
2844 788
2851 2121
2855 1443
2858 2927
2874 1488
2884 208
2900 1273
2901 2893
2914 1826
2949 2090
2958 1796
2964 1531
2967 1477
2971 2934
2978 441
2999 754
