f_0082724.png f_0082952.png
30 409
159 106
194 158
239 518
241 1641
274 735
277 1747
330 706
354 2127
364 1942
384 1188
385 1919
415 1514
422 1978
441 1601
449 2051
471 1656
479 1242
487 1657
494 2088
505 1175
515 1746
532 1268
554 1839
571 2188
572 2369
578 2130
579 2159
600 1402
618 1868
626 1193
633 1908
634 2194
640 1611
641 1754
653 1732
669 1808
681 2447
692 1557
693 1879
726 2048
746 2545
755 2263
758 2174
765 2026
774 2205
779 2083
835 1528
851 2787
870 1994
874 2386
894 1534
905 1877
909 2390
911 1637
918 2755
922 1358
927 2480
943 1697
971 1415
978 2073
984 1719
986 1832
1007 2543
1020 2513
1028 2044
1032 2558
1047 2192
1053 2860
1084 2617
1096 2623
1103 1997
1108 2636
1121 2679
1129 2694
1137 2649
1144 2003
1159 2678
1162 2611
1164 1766
1170 2069
1194 2110
1204 2693
1224 2731
1230 1955
1281 2797
1348 2250
1407 2854
1423 2621
1454 2620
1459 2645
1470 2363
1483 2739
1512 2444
1594 2548
1701 2718
1718 2295
1872 2586
