f_0082924.png f_0082642.png
96 111
103 17
146 53
178 58
210 3
233 23
252 121
298 120
352 93
399 116
406 309
417 155
429 20
431 5
461 211
498 354
501 261
539 349
593 262
627 212
667 314
670 318
682 352
683 147
695 49
714 358
748 533
750 315
753 135
761 515
762 326
770 411
776 460
788 638
800 335
845 511
851 273
874 494
918 523
932 582
933 319
947 623
970 562
993 402
1006 441
1019 436
1027 583
1069 496
1071 559
1072 456
1089 478
1115 637
1170 840
1175 517
1177 484
1181 702
1189 594
1200 692
1206 531
1209 671
1218 542
1233 786
1238 841
1251 543
1252 532
1260 933
1265 837
1266 820
1271 643
1275 853
1288 885
1289 711
1291 656
1310 986
1315 815
1317 694
1333 867
1342 875
1348 737
1356 736
1367 730
1373 744
1393 876
1398 844
1400 949
1401 859
1403 1048
1409 1305
1429 909
1440 987
1444 892
1457 906
1467 1015
1468 958
1474 823
1481 1020
1482 945
1483 784
1502 869
1515 1130
1516 1070
1518 691
1520 1296
1528 1074
1530 793
1544 1090
1556 1181
1565 1352
1570 943
1573 838
1580 1174
1581 1282
1604 1327
1606 798
1611 1100
1650 1062
1659 1215
1660 1322
1666 1462
1676 923
1711 1135
1715 1497
1716 1217
1731 1096
1740 1428
1743 1450
1766 1496
1768 1235
1770 1260
1776 1247
1789 1908
1790 1874
1792 1275
1798 1523
1811 1345
1812 1177
1814 1334
1816 1629
1818 1488
1822 1268
1840 1713
1842 1564
1844 1529
1883 1872
1888 1377
1898 1653
1909 1467
1922 1427
1929 1514
1933 1774
1936 1499
1961 1771
1970 1890
1978 1531
2030 2164
2041 2010
2049 1597
2291 1846
2313 1847
2348 1888
2407 1987
2426 2294
