f_0082492.png f_0082518.png
9 10
59 11
65 41
67 18
73 9
75 1
85 7
86 19
115 17
123 42
127 37
129 35
132 57
133 28
143 58
155 44
170 36
174 77
186 50
187 73
195 75
198 91
199 86
201 64
207 67
213 68
218 72
232 101
233 78
236 83
240 97
246 116
249 74
251 93
252 79
253 92
257 103
260 120
265 90
267 124
281 121
288 110
292 108
293 119
297 139
302 104
306 194
322 170
326 127
330 122
331 129
337 132
338 140
341 137
343 136
345 130
346 156
356 163
358 164
359 162
367 159
372 185
380 168
381 169
382 166
385 153
398 172
402 195
404 183
405 167
408 224
412 184
414 182
417 176
418 187
421 196
427 222
432 179
443 189
445 203
448 220
453 215
454 211
455 210
457 206
458 239
460 202
472 217
475 233
482 237
486 256
498 234
503 242
509 218
512 255
514 238
519 214
522 248
528 229
534 250
538 241
546 257
549 258
551 261
552 249
577 266
578 270
579 288
580 276
582 294
586 267
596 285
598 279
601 301
606 298
623 315
631 313
632 292
634 325
649 319
650 326
653 336
665 333
670 317
678 334
683 346
689 354
694 340
704 355
706 351
718 339
733 362
744 359
749 374
752 406
757 365
759 371
762 373
766 366
771 400
776 372
779 380
782 382
788 387
799 401
803 395
806 398
809 399
815 413
833 418
834 414
836 427
838 409
840 467
842 421
855 403
861 426
864 436
866 412
886 434
887 474
889 459
891 437
895 457
906 446
921 466
922 464
930 470
931 458
932 472
933 477
940 462
944 455
955 465
958 475
962 480
979 482
982 478
987 489
997 491
999 481
1001 499
1002 502
1003 485
1015 494
1020 512
1022 505
1023 506
1025 507
1031 510
1061 513
1069 517
1070 518
1080 548
1090 533
1092 528
1094 540
1096 542
1098 524
1099 525
1100 522
1102 514
1105 534
1106 550
1109 523
1112 535
1121 543
1124 558
1128 566
1130 545
1143 568
1148 571
1150 554
1152 598
1158 555
1161 572
1172 563
1175 570
1176 586
1177 527
1183 587
1184 604
1186 609
1190 585
1193 602
1202 613
1203 594
1209 605
1211 603
1212 612
1218 591
1221 597
1222 628
1224 630
1225 643
1229 638
1230 580
1236 625
1238 618
1241 657
1244 647
1245 670
1252 615
1259 622
1260 631
1261 629
1263 636
1275 637
1276 653
1284 655
1295 617
1306 667
1316 651
1317 675
1318 677
1319 726
1331 689
1332 684
1337 698
1338 690
1339 699
1347 687
1354 702
1357 711
1363 701
1388 725
1392 716
1417 743
1423 740
1433 718
1441 771
1449 749
1450 778
1452 729
1465 791
1466 753
1469 722
1471 748
1483 777
1487 763
1494 785
1496 801
1505 746
1507 811
1511 790
1514 788
1517 813
1519 805
1524 767
1529 818
1530 793
1533 783
1539 789
1542 820
1545 846
1547 794
1549 821
1551 831
1552 787
1555 775
1564 804
1565 795
1567 836
1572 827
1579 848
1581 807
1582 839
1586 830
1587 870
1593 853
1594 864
1596 865
1600 847
1604 855
1605 881
1613 871
1614 849
1624 889
1629 859
1638 890
1641 880
1642 894
1652 897
1661 907
1671 861
1672 930
1683 891
1693 924
1698 916
1699 899
1702 902
1703 910
1711 927
1714 968
1728 908
1736 956
1737 987
1739 905
1741 937
1765 918
1767 982
1778 945
1785 943
1786 944
1788 993
1795 1004
1798 958
1805 1008
1808 979
1809 1007
1815 1028
1816 1020
1818 964
1832 1015
1842 984
1843 1046
1852 989
1860 1053
1861 991
1862 978
1863 996
1865 994
1869 1031
1872 1034
1875 1011
1877 1038
1880 1050
1892 1002
1906 1047
1907 1060
1908 1099
1916 1042
1919 1024
1929 1035
1930 1022
1932 1072
1935 1044
1936 1078
1937 1051
1941 1057
1955 1056
1958 1064
1959 1058
1965 1101
1966 1118
1970 1048
1972 1043
1980 1136
1988 1091
1992 1117
1995 1111
1998 1127
2000 1131
2005 1100
2008 1125
2009 1142
2026 1163
2033 1152
2039 1153
2042 1103
2043 1087
2044 1110
2048 1162
2050 1190
2053 1194
2061 1160
2065 1174
2068 1133
2085 1147
2089 1189
2090 1183
2096 1138
2098 1201
2106 1145
2107 1135
2109 1179
2113 1188
2116 1146
2123 1208
2124 1219
2126 1200
2127 1239
2129 1155
2134 1156
2135 1230
2136 1217
2138 1249
2142 1234
2145 1199
2149 1226
2150 1246
2156 1181
2160 1248
2163 1265
2173 1165
2175 1251
2176 1221
2186 1171
2188 1250
2190 1257
2193 1229
2196 1203
2199 1245
2202 1267
2210 1286
2211 1287
2214 1225
2220 1207
2224 1270
2231 1214
2233 1269
2234 1315
2236 1223
2239 1369
2242 1308
2244 1297
2245 1271
2246 1307
2253 1317
2259 1291
2260 1209
2263 1289
2271 1298
2276 1329
2281 1318
2290 1282
2291 1268
2296 1321
2302 1342
2313 1303
2315 1311
2319 1348
2320 1353
2321 1351
2323 1309
2324 1304
2329 1324
2332 1352
2345 1384
2351 1372
2359 1339
2363 1354
2365 1361
2381 1343
2383 1338
2392 1403
2404 1382
2407 1409
2421 1412
2422 1374
2426 1373
2429 1447
2430 1415
2433 1393
2443 1433
2445 1425
2450 1460
2451 1428
2466 1443
2473 1471
2480 1487
2483 1494
2485 1451
2486 1418
2495 1466
2497 1449
2506 1448
2518 1511
2523 1479
2533 1459
2540 1495
2543 1480
2556 1524
2557 1552
2560 1544
2562 1534
2564 1496
2572 1516
2574 1532
2576 1502
