f_0082776.png f_0082670.png
8 467
19 347
27 385
56 207
78 4
81 542
88 534
102 621
107 827
118 340
119 472
141 431
145 142
167 651
180 674
183 669
184 688
187 301
198 707
199 717
200 847
209 284
210 731
217 746
220 634
225 219
231 737
240 795
243 381
245 714
268 803
270 367
274 356
307 364
308 453
317 380
320 318
321 446
328 444
330 706
341 996
344 393
354 961
358 339
367 867
371 317
380 443
397 1109
399 465
404 516
411 484
413 544
414 610
420 528
435 493
438 483
444 1076
451 525
462 900
463 554
465 657
486 1175
487 1353
493 616
503 668
521 1152
522 1153
525 615
526 815
535 888
536 1008
537 1168
538 835
541 1101
557 1057
562 1047
578 562
581 702
587 919
599 929
611 752
642 1121
659 1026
665 1025
666 998
680 1186
709 1291
736 1254
743 1336
757 1253
758 1491
787 1502
821 1096
827 1141
832 784
864 1457
865 932
868 1183
874 956
883 1090
890 1334
893 1388
907 1510
908 1532
917 1396
922 1523
925 1107
928 1773
932 1165
933 1442
941 1519
954 1296
962 1437
969 1441
980 1213
987 1004
998 1103
999 1569
1011 1499
1018 1427
1026 1013
1036 1497
1042 1472
1045 1559
1079 1764
1081 1925
1088 1834
1100 1888
1111 1538
1122 1364
1132 1725
1139 1722
1145 1721
1147 1528
1154 1359
1163 1719
1166 1958
1170 1420
1180 1880
1197 1431
1200 1527
1212 1508
1223 1542
1224 1558
1235 1956
1265 2090
1332 1985
1335 1799
1363 1914
1370 1913
1371 2012
1391 2008
1404 1663
1405 1647
1406 1481
1408 2040
1410 1818
1432 1679
1440 1537
1445 2054
1449 1778
1454 2105
1491 2139
1527 1982
1529 1759
1535 2181
1576 1666
1596 1737
1621 1917
1656 2034
1696 1926
1703 1919
1723 1833
1724 2107
1788 2045
1901 1884
1942 2017
1963 1935
2081 2062
