f_0082452.png f_0082876.png
11 54
13 96
38 124
42 126
79 303
84 57
114 191
119 238
121 206
152 240
179 355
220 269
233 507
239 90
251 378
347 615
350 454
391 277
412 498
434 661
468 459
471 732
487 639
493 471
494 578
495 360
519 736
540 622
563 561
585 643
648 800
715 652
738 805
745 823
771 853
786 668
796 851
801 692
803 889
825 923
848 617
880 753
947 729
968 713
1019 727
1028 985
1070 1166
1075 881
1081 1183
1108 1235
1117 1234
1149 1098
1153 1025
1218 1174
1227 1314
1451 1292
1549 1498
1583 1132
1641 1484
1652 1377
1771 1268
1848 1278
1895 1356
