f_0082868.png f_0082926.png
0 695
1 519
2 250
21 2803
24 751
30 2046
31 910
33 2636
41 757
49 688
54 1773
62 2693
63 2389
68 1878
72 45
74 1919
77 1499
82 301
94 131
98 487
142 2076
144 153
156 474
162 1107
163 1498
174 1844
190 1648
195 1808
197 642
205 2272
212 2730
216 1927
218 1847
219 2760
221 1019
226 685
229 320
235 15
241 392
249 1298
265 1884
272 2627
284 1043
285 1912
300 1907
309 2826
316 1807
331 452
332 944
336 718
338 430
342 421
348 2374
351 1926
365 55
377 1308
380 746
386 1813
390 1373
411 442
425 1048
455 830
470 1713
478 1211
502 2755
509 869
511 1687
513 885
524 867
534 994
549 505
550 896
553 2047
556 413
559 1213
570 789
578 1390
588 707
594 2807
610 854
611 540
613 1218
614 864
615 2021
621 911
623 18
625 1081
628 565
633 1723
645 559
656 1297
657 1612
663 2094
670 913
680 382
706 1500
709 1363
720 2282
724 1810
725 463
733 2010
738 2380
753 2778
755 1317
759 1376
760 1669
766 658
769 1757
770 627
785 11
786 2099
810 1242
817 155
826 2195
851 97
865 101
877 64
880 1623
894 1877
898 613
900 29
901 726
908 799
914 840
916 258
943 1741
944 629
955 49
963 909
973 1252
977 970
978 1416
988 2240
1000 1355
1013 17
1017 2087
1018 188
1020 1981
1032 574
1035 873
1036 1119
1037 2002
1045 671
1057 1868
1061 379
1070 290
1071 1412
1074 1479
1080 2205
1104 1659
1105 208
1107 1596
1109 795
1111 881
1114 817
1117 362
1120 109
1132 368
1139 1459
1152 1366
1153 1900
1160 1010
1171 88
1175 1567
1176 1464
1189 1115
1191 61
1197 660
1209 548
1212 832
1221 139
1228 42
1230 495
1238 1863
1246 787
1259 985
1262 716
1267 1403
1282 1589
1307 1004
1310 1883
1311 106
1312 2661
1313 621
1317 2079
1326 65
1338 2371
1355 1151
1379 2026
1384 1369
1399 734
1404 962
1441 253
1462 1629
1464 1326
1471 766
1482 1239
1505 706
1506 1199
1511 235
1536 778
1542 1702
1545 116
1551 865
1571 535
1589 1549
1630 2644
1636 484
1637 607
1669 1689
1670 289
1672 744
1673 82
1691 634
1704 1940
1707 465
1715 875
1719 708
1723 1929
1724 1083
1737 693
1752 1632
1755 1904
1759 310
1771 1172
1781 414
1785 1665
1803 1545
1812 745
1819 468
1825 618
1836 1201
1841 1155
1896 647
1899 1951
1906 1320
1907 700
1930 1789
1951 1881
1956 1495
1965 709
1968 1809
1980 2057
1988 275
1996 1204
2005 21
2011 692
2019 144
2022 753
2025 1576
2028 496
2033 269
2041 136
2049 2834
2053 1829
2054 1861
2058 531
2062 2014
2067 1374
2069 2174
2089 1676
2105 2331
2111 2032
2120 1790
2149 1003
2171 1418
2172 593
2173 1367
2195 1042
2201 1159
2211 1735
2231 81
2232 1647
2255 445
2262 1232
2265 696
2280 1780
2283 855
2291 786
2305 625
2314 1177
2330 1728
2342 1732
2373 1061
2379 1435
2386 462
2395 1866
2410 853
2417 1238
2425 846
2431 2799
2471 73
2483 2564
2493 1012
2497 721
2521 776
2525 850
2526 1117
2532 1251
2539 1450
2548 822
2552 1871
2555 327
2558 698
2561 1746
2579 1973
2586 431
2592 422
2611 1931
2622 2037
2628 529
2630 450
2640 3
2663 1667
2671 626
2675 1483
2678 274
2679 810
2700 2569
2717 348
2723 1231
2741 256
2746 765
2747 424
2758 1357
2760 676
2803 735
2813 1758
2844 555
2849 1553
2857 916
2867 1331
2870 998
2872 1585
2882 1987
2888 1372
2894 1719
2911 242
2912 651
2955 428
2974 1292
2981 1156
2986 601
