f_0082620.png f_0082928.png
13 400
38 489
64 179
66 314
68 23
77 2
98 459
116 52
122 605
128 516
129 612
131 376
137 89
140 339
142 563
145 561
148 401
153 445
154 458
156 406
157 569
160 596
165 587
173 464
175 114
180 647
202 280
225 362
251 594
255 330
256 244
268 634
290 733
295 709
312 568
319 646
320 697
321 726
322 831
328 725
332 509
347 618
350 333
361 758
372 724
375 586
376 894
388 941
397 519
410 893
415 818
423 829
424 408
429 852
431 686
435 931
437 1001
442 787
450 881
458 711
462 615
466 1014
468 559
472 973
473 969
474 989
475 1051
481 844
482 676
487 796
490 1036
495 1025
498 656
504 968
509 567
512 1016
519 730
521 909
532 778
533 1011
546 1059
547 765
559 808
567 1130
569 1071
583 1139
584 687
599 666
611 1057
618 849
620 1006
622 927
624 1158
642 1209
651 920
684 987
686 873
705 801
716 1316
724 826
738 1242
740 1343
768 1080
769 1188
801 1120
809 1020
823 1163
827 1053
847 1341
855 1169
865 1419
866 1498
898 1573
907 1187
912 1204
913 1404
920 992
921 1028
924 1141
957 1194
974 1572
981 1398
982 1457
985 1594
993 1444
1001 1571
1008 1381
1013 1453
1027 1514
1036 1563
1038 1640
1056 1463
1057 1502
1065 1358
1066 1664
1080 1357
1084 1677
1090 1553
1092 1496
1130 1550
1147 1621
1148 1691
1160 1606
1179 1754
1180 1761
1201 1726
1205 1745
1210 1739
1212 1773
1224 1632
1227 1822
1242 1845
1255 1842
1267 1926
1316 1927
1328 1631
1353 1541
1356 1812
1398 1637
1476 1701
1578 1744
1598 1920
1725 1988
1743 2033
1754 2005
1789 2051
1810 2097
1821 2089
1891 2138
1920 2512
1921 2513
