f_0082412.png f_0082776.png
81 30
147 109
208 17
222 6
227 111
237 40
295 33
325 192
347 61
423 203
507 274
589 198
592 181
674 221
721 245
729 278
762 261
770 413
771 396
772 302
783 337
850 516
871 378
914 415
923 386
962 382
993 368
1023 384
1036 422
1094 433
1101 437
1103 465
1131 462
1136 470
1161 500
1172 490
1266 546
1268 471
1301 585
1315 573
1333 588
1351 622
1372 624
1394 627
1403 633
1404 651
1417 637
1418 746
1470 735
1471 658
1507 702
1508 668
1519 712
1523 696
1569 711
1570 701
1577 715
1612 751
1618 757
1619 736
1649 742
1677 772
1682 682
1745 766
1751 769
1758 781
1760 710
1776 797
1790 788
1791 806
1810 822
1811 829
1828 733
1842 812
1874 883
1882 848
1896 850
1918 836
1945 866
1997 967
2032 893
2042 907
2048 864
2081 892
2111 917
2112 933
2114 942
2127 941
2135 915
2327 980
2438 1353
2620 1096
2734 1223
