f_0082912.png f_0082918.png
0 2185
2 19
4 33
5 743
6 78
8 2314
9 109
11 997
12 949
17 86
18 1959
19 264
20 436
22 342
23 2089
25 692
26 1701
28 34
31 306
32 2431
33 343
38 1103
41 175
42 989
44 1007
47 12
48 125
50 9
57 1999
58 856
62 2544
69 1097
74 1396
75 2482
78 89
79 1552
83 825
84 1631
87 133
90 1235
94 1863
95 185
96 1018
98 1699
100 795
104 489
107 88
111 762
112 1209
123 21
124 2926
128 15
141 881
143 282
144 525
150 1924
151 2416
152 1976
162 787
166 1868
167 2227
171 2467
175 1787
179 1125
184 1356
188 55
189 2571
200 2837
202 57
207 63
208 580
217 702
219 51
227 1754
238 1084
240 656
246 138
250 0
256 572
261 1965
266 637
267 397
269 418
280 2114
281 800
287 1682
289 885
291 1046
292 172
296 1315
297 116
302 449
304 1221
305 1613
310 160
312 2722
314 2064
322 1624
328 567
332 658
335 672
344 1899
347 986
348 2635
349 2061
353 1878
358 64
366 1660
383 2308
385 58
387 1412
390 2798
397 650
398 238
407 1680
409 1854
416 145
423 1021
424 7
434 2436
436 2069
441 102
443 1686
445 345
460 119
463 1243
466 1726
467 1970
470 1371
473 1366
475 1569
488 27
489 1301
493 612
499 81
500 1089
501 1429
502 900
507 90
508 1124
510 2667
517 2953
527 2511
530 1026
541 2989
543 2570
545 348
547 2039
551 2629
558 2105
565 2244
574 1032
590 2657
596 491
605 2512
607 2414
609 1445
611 1614
615 716
616 1181
618 1098
627 1079
635 1831
637 2827
638 848
642 66
659 2023
661 2520
664 136
665 80
666 2549
667 861
670 2536
673 464
681 239
689 2674
690 308
692 971
700 2854
708 2820
719 1865
728 2943
737 847
744 225
769 1218
775 541
777 1267
779 2246
784 492
795 2116
798 2828
805 814
811 2139
812 2928
816 2772
822 2533
829 1076
834 556
835 2952
849 2665
865 2453
867 1272
868 1302
869 1657
870 1815
879 2298
887 1165
888 2353
892 2141
895 1746
898 1554
905 236
910 339
912 1415
927 1836
932 2783
938 1799
953 2035
959 403
965 1001
966 475
967 2737
968 1157
983 1230
993 218
1000 2600
1013 1077
1014 2962
1020 8
1022 1817
1027 295
1029 376
1033 144
1041 1659
1043 1616
1045 588
1066 1332
1068 712
1069 2419
1070 131
1094 2030
1095 457
1096 1675
1102 1641
1112 2327
1114 347
1120 1790
1135 610
1147 2526
1149 2776
1153 693
1154 1331
1162 925
1165 2787
1171 1387
1172 166
1177 2187
1181 2270
1184 2132
1195 369
1197 1287
1208 756
1214 1993
1215 2380
1223 1742
1225 59
1228 43
1235 471
1241 1694
1247 2423
1249 2017
1251 633
1262 2277
1263 190
1264 539
1268 634
1270 2882
1273 344
1275 784
1276 1005
1286 260
1288 2016
1294 1717
1306 775
1312 858
1320 1109
1321 1766
1322 2211
1323 627
1331 2991
1338 1186
1345 829
1346 1567
1353 1543
1365 2767
1368 631
1369 1409
1371 1757
1384 2858
1388 106
1392 1142
1404 1078
1415 423
1416 1011
1422 1731
1429 1168
1451 1860
1463 311
1467 725
1468 696
1475 2492
1487 2656
1497 2700
1499 2763
1503 662
1505 2489
1506 1696
1509 1602
1518 2839
1520 2428
1522 99
1528 1704
1529 377
1551 718
1555 2593
1562 545
1563 1765
1565 1322
1566 2966
1572 2927
1575 666
1580 1670
1587 2590
1588 690
1600 413
1611 906
1616 2209
1643 309
1655 1997
1656 340
1657 153
1664 1996
1671 842
1673 1873
1676 2306
1680 1265
1685 2582
1688 2768
1699 2325
1700 30
1701 1149
1719 2350
1720 1912
1721 2608
1725 333
1741 2541
1743 2971
1746 68
1748 1684
1752 641
1753 164
1755 894
1760 270
1763 2805
1765 184
1766 2135
1775 1071
1785 828
1791 908
1792 2946
1804 1465
1805 1855
1816 2850
1819 2210
1820 1778
1823 67
1828 2514
1834 224
1835 2317
1844 2843
1846 2830
1853 663
1855 1161
1857 865
1858 273
1866 962
1870 2152
1875 2645
1880 359
1883 2604
1889 2576
1891 428
1898 121
1902 2055
1905 2741
1908 468
1913 1839
1921 2280
1923 296
1925 704
1929 1123
1930 1544
1932 1781
1937 3
1940 300
1952 277
1954 2976
1955 1901
1956 303
1963 939
1967 2279
1968 1216
1985 1539
1986 1710
1987 1767
1997 2937
2009 231
2018 1201
2020 2047
2022 2587
2031 2437
2035 2825
2036 430
2040 1269
2041 2744
2046 1430
2047 2663
2049 1931
2050 2515
2051 931
2054 2273
2061 892
2072 1890
2078 2688
2100 414
2113 2302
2115 2470
2118 1280
2120 1692
2121 884
2133 774
2134 2868
2152 2388
2158 1793
2159 2183
2165 1286
2167 2125
2174 74
2178 1367
2184 530
2187 2782
2198 383
2200 2098
2202 1444
2207 1677
2213 2762
2214 970
2217 807
2223 2195
2225 2252
2228 1729
2236 2403
2243 2873
2248 2120
2253 507
2266 2524
2274 2237
2287 1607
2291 123
2300 1088
2302 2856
2309 2696
2312 2556
2313 557
2320 1837
2328 2410
2342 2263
2344 845
2345 2161
2346 991
2347 2979
2348 1039
2372 1545
2373 1246
2379 972
2390 1188
2394 1520
2395 2791
2396 2324
2412 1620
2418 1069
2423 667
2424 1476
2425 1700
2431 1138
2435 651
2439 2222
2450 2620
2455 16
2471 2451
2474 1669
2484 105
2491 96
2495 2616
2496 1654
2503 2985
2508 1420
2512 1196
2516 824
2523 1187
2529 1357
2538 2802
2545 1137
2548 2456
2549 1595
2563 2531
2572 2168
2574 805
2581 1816
2584 2136
2588 1442
2590 2806
2595 1484
2602 2129
2604 1963
2607 112
2609 571
2615 1245
2616 1394
2620 581
2621 1229
2632 717
2633 708
2641 2818
2643 535
2644 128
2647 1994
2653 1340
2655 361
2658 976
2663 1146
2664 262
2670 1730
2675 1481
2679 2167
2696 2577
2699 139
2714 402
2716 1636
2721 1681
2722 2892
2725 228
2727 207
2735 2463
2737 1455
2738 1671
2749 405
2755 654
2761 816
2763 463
2764 1740
2771 2970
2778 605
2785 2785
2787 681
2793 1632
2795 2731
2801 937
2803 2815
2807 1252
2812 437
2817 532
2830 2360
2844 592
2845 146
2847 1903
2849 950
2862 542
2871 100
2885 783
2887 1580
2892 794
2896 1335
2897 42
2900 1448
2907 1664
2911 1707
2913 2254
2915 1410
2921 2444
2925 2205
2931 1510
2937 2742
2947 2888
2950 257
2953 2500
2954 2626
2955 1869
2958 804
2960 2000
2964 1068
2971 1813
2978 41
2987 2045
2988 2318
2990 2301
2997 1706
