f_0082492.png f_0082776.png
58 1
125 79
235 60
257 72
303 147
323 108
438 135
451 128
468 157
475 164
476 100
507 250
512 26
515 174
540 67
564 111
571 85
592 193
600 151
607 187
608 152
631 307
635 115
638 35
643 15
657 274
673 203
674 86
680 87
681 18
685 84
692 344
699 206
708 317
727 497
730 327
731 305
734 17
737 275
739 243
744 260
759 70
766 116
789 390
826 308
828 298
831 477
845 411
854 287
855 141
859 502
874 395
885 172
889 412
902 27
906 401
907 176
910 310
921 5
928 177
994 413
1008 580
1011 81
1025 121
1051 703
1060 381
1071 414
1088 508
1089 309
1105 197
1106 170
1124 591
1141 525
1150 493
1161 442
1162 329
1167 555
1169 183
1175 610
1204 465
1213 278
1219 639
1238 469
1247 640
1252 347
1261 598
1263 556
1264 512
1265 416
1267 313
1275 198
1278 330
1284 210
1299 104
1323 217
1327 685
1328 631
1335 475
1336 607
1348 646
1388 526
1391 783
1393 621
1419 142
1434 453
1437 799
1439 708
1447 584
1461 726
1467 613
1469 869
1477 460
1506 491
1542 707
1549 662
1566 723
1586 785
1587 570
1592 695
1602 943
1611 741
1628 862
1636 735
1651 656
1670 771
1698 843
1710 870
1720 651
1730 924
1734 834
1743 650
1744 667
1752 878
1755 900
1756 827
1771 686
1783 914
1800 455
1803 786
1809 492
1811 702
1814 766
1869 774
1877 736
1878 781
1901 797
1932 822
1960 828
1962 1074
1967 807
1981 1035
1985 829
1993 643
1997 1022
2003 915
2007 927
2008 866
2012 1075
2030 893
2031 761
2037 968
2056 984
2057 926
2088 823
2097 845
2098 793
2099 683
2102 933
2144 1098
2163 728
2188 1037
2198 1205
2238 1197
2244 1236
2271 1011
2296 1042
2306 1183
2320 994
2334 1079
2373 1344
2410 1247
2451 1185
2456 1302
2463 1346
2499 996
2509 1308
2521 1405
2565 1444
