f_0082642.png f_0082918.png
15 1933
29 1205
64 118
90 1889
112 1128
128 200
138 1849
144 1872
147 2000
170 574
190 2794
199 2329
203 1
213 2035
219 2205
224 140
228 1549
230 78
232 541
234 1297
243 2064
250 2609
257 2876
258 1552
259 2046
272 998
281 2134
286 1612
293 634
347 2891
350 336
368 2474
382 1499
410 2720
437 1110
448 2862
453 2459
471 1598
479 2068
498 496
507 2493
528 1825
558 1949
564 33
583 1818
593 1847
610 410
643 1042
653 2898
675 455
679 1185
690 1000
691 590
692 256
697 2645
709 2917
725 2210
762 1284
771 305
783 1404
784 409
791 2001
800 366
804 2784
843 871
850 237
863 2075
864 546
877 1966
878 1102
897 654
910 1366
917 774
921 1254
957 1971
963 854
1014 951
1029 1292
1055 2511
1067 870
1075 381
1083 209
1143 1492
1152 876
1182 1339
1184 1704
1208 449
1213 2107
1232 234
1252 584
1260 1676
1262 1522
1279 2206
1298 2307
1302 1659
1319 373
1375 2851
1410 2354
1426 116
1465 777
1470 309
1568 1637
1571 2029
1575 850
1607 1961
1623 2152
1638 1502
1648 1746
1660 1390
1666 2961
1738 580
1743 1018
1752 2060
1800 180
1812 422
1860 2544
1894 744
1895 1867
1910 2918
1930 1027
1970 1509
2038 1363
2070 1365
2142 2413
2225 791
