f_0082946.png f_0082872.png
4 459
14 279
36 287
48 121
55 91
62 460
73 193
79 210
82 26
93 698
99 512
102 94
115 566
116 450
120 655
125 606
126 338
129 64
131 486
133 389
137 570
139 609
143 542
151 572
153 280
154 163
167 242
170 174
181 496
183 237
186 656
188 115
191 706
194 134
213 272
221 513
222 390
236 1101
242 665
243 592
244 466
251 434
254 805
258 538
265 994
267 358
268 467
271 117
282 314
287 573
296 426
303 747
309 846
310 852
324 534
326 558
331 681
336 749
338 365
339 212
346 547
349 977
350 900
354 581
357 476
358 273
368 551
369 447
375 914
376 791
380 729
382 588
387 559
396 379
401 487
406 380
408 995
411 1018
412 1026
419 240
425 1009
430 1040
441 921
443 469
451 1115
461 636
470 1195
476 1053
481 855
484 618
486 1222
492 501
495 1096
496 1071
498 502
505 672
521 574
550 725
552 619
558 1366
559 1128
560 856
566 944
573 1019
575 640
584 692
605 722
625 756
627 774
637 1042
645 1202
653 1411
660 1367
669 1394
686 713
687 1527
694 651
696 718
701 1119
702 757
705 862
706 666
718 1078
721 750
725 830
726 831
729 1591
734 1079
738 832
739 809
740 736
741 1314
743 1565
745 694
760 1159
762 1510
765 1196
767 1534
768 961
769 870
770 1160
772 1150
774 1005
775 800
781 1422
789 966
795 1559
798 811
812 1152
816 763
819 990
820 819
821 792
829 836
832 704
835 1169
837 857
840 923
841 1173
845 924
851 1024
852 967
861 1467
862 1252
864 858
866 1598
867 1575
869 1187
874 1332
882 1087
884 1206
885 992
888 1368
894 777
901 1513
906 1230
917 1088
919 1320
922 1278
929 986
935 1254
942 1123
943 1063
944 968
955 1562
964 1341
965 1284
966 1265
968 839
970 1310
977 1048
989 1298
997 1137
1020 1358
1021 1315
1023 1218
1031 1191
1032 1578
1036 1204
1041 1181
1045 956
1050 1435
1051 1396
1052 1281
1061 1280
1066 1865
1067 1385
1078 1244
1079 1245
1084 1580
1091 1446
1092 1335
1095 1334
1103 1613
1104 1623
1111 1082
1118 1412
1122 1287
1127 1528
1128 1424
1138 1430
1144 1322
1150 1542
1164 1426
1167 1652
1171 1257
1172 1142
1174 1552
1175 1344
1176 1240
1183 1757
1185 1576
1187 1500
1195 1531
1198 1183
1202 1268
1204 1605
1205 1585
1206 1560
1208 1242
1222 1812
1223 1553
1227 1456
1228 1376
1230 1889
1237 1312
1239 1224
1242 1536
1255 1291
1258 1949
1259 1670
1260 1543
1266 1704
1272 1451
1277 1839
1281 1594
1284 1538
1296 1946
1298 1539
1311 1607
1312 1568
1321 2037
1332 1965
1333 1910
1335 1694
1340 1851
1345 1586
1349 1537
1350 1482
1373 1511
1376 1608
1384 1736
1392 1473
1396 1620
1397 1463
1398 2060
1404 1493
1423 1763
1433 1437
1443 1718
1458 2126
1473 1822
1475 1691
1476 1740
1508 1845
1511 1548
1514 1899
1516 1741
1521 1702
1524 1775
1531 2127
1533 2014
1534 1975
1543 1831
1550 1753
1568 2271
1574 2123
1585 1816
1593 1810
1601 1769
1613 2017
1626 1659
1643 1917
1647 2236
1648 1953
1651 1837
1657 1940
1669 1789
1672 2008
1674 1958
1675 1738
1680 2026
1681 1967
1709 2012
1713 1776
1719 2028
1721 2043
1726 1903
1746 2031
1757 2064
1758 1941
1773 2091
1785 2086
1787 1937
1790 2117
1792 2096
1797 1995
1801 2118
1827 2175
1865 2310
1879 2186
1882 2070
1884 2180
1885 2173
1887 2111
1891 2125
1896 2302
1906 2053
1916 2345
1941 2386
1953 2196
1954 2188
1955 2169
1969 2282
1975 2170
1990 2226
2005 2151
2011 2380
2012 2244
2019 2210
2021 2265
2027 2227
2041 2402
2049 2296
2050 2292
2052 2381
2071 2515
2077 2378
2103 2516
2111 2414
2129 2352
2130 2325
2133 2411
2171 2444
2179 2493
2187 2532
2191 2383
2249 2460
2273 2448
2276 2450
2296 2593
2311 2472
2335 2611
2366 2672
2396 2577
2399 2582
2407 2518
2432 2533
2433 2598
2439 2632
2460 2625
2509 2678
2517 2619
2551 2631
2562 2684
2579 2664
