f_0082928.png f_0082942.png
7 166
10 63
16 176
17 184
19 124
20 137
22 219
23 123
28 165
31 169
32 181
35 177
39 193
47 199
48 254
58 108
60 203
62 189
65 204
66 102
67 154
69 194
71 231
72 235
77 190
80 215
82 230
86 241
91 250
94 202
96 229
99 262
103 182
109 228
111 253
121 214
122 245
124 319
128 212
132 299
133 257
139 258
140 348
151 213
153 226
156 286
157 252
162 388
168 222
170 289
172 287
174 267
176 298
182 338
183 363
187 313
188 314
191 225
192 261
194 306
202 412
206 402
207 387
223 275
233 321
234 312
238 256
241 343
246 407
250 324
252 413
254 380
260 335
261 376
268 305
269 377
271 293
276 362
280 330
282 347
289 294
296 433
299 394
305 397
307 268
311 398
314 399
316 400
317 428
319 445
324 374
329 373
335 368
340 396
341 430
342 444
345 351
346 411
350 429
353 337
354 392
355 422
356 417
362 386
370 471
372 478
373 346
374 361
375 406
380 436
383 454
385 463
388 395
390 453
391 475
396 461
404 383
408 382
409 435
410 484
413 405
416 499
419 485
421 547
427 489
428 391
430 500
431 539
435 481
437 566
445 491
447 532
454 441
457 419
458 503
463 488
465 575
469 610
471 418
476 554
477 588
480 460
483 545
486 465
489 611
495 534
496 416
503 625
511 632
512 645
527 560
537 633
540 605
544 591
546 587
550 635
554 533
560 607
561 636
580 582
581 644
589 614
591 666
592 559
598 686
601 542
602 646
603 665
608 647
610 684
614 581
621 670
626 493
633 602
634 668
635 721
638 662
641 690
643 710
644 713
652 698
653 718
654 705
661 731
663 739
670 747
672 736
674 737
675 613
676 660
679 664
683 742
692 704
697 692
700 775
702 724
707 768
708 687
709 727
710 763
716 788
717 679
719 786
723 697
727 762
730 703
732 766
738 754
770 811
771 873
773 799
774 822
777 881
778 752
779 792
781 814
787 784
788 796
798 847
801 744
804 735
816 770
818 815
824 854
832 903
834 816
835 817
840 837
841 826
845 831
850 842
852 843
859 937
867 856
871 943
872 797
878 779
881 865
883 897
884 867
886 871
888 888
889 902
890 917
892 891
893 887
894 901
897 824
905 851
906 906
913 886
924 926
928 965
930 954
931 971
933 972
934 821
936 976
940 946
945 979
949 925
952 1032
955 969
956 978
960 999
961 975
962 1018
965 864
968 985
971 890
973 982
974 968
976 1041
977 1033
978 1049
982 1014
983 1036
984 1044
986 932
987 934
993 953
1000 998
1003 1030
1005 928
1007 1034
1008 987
1010 1005
1011 1023
1013 1061
1014 1056
1016 1027
1018 1097
1024 1039
1025 1055
1032 1026
1035 1054
1040 1101
1042 939
1046 1160
1053 984
1059 1102
1060 1131
1063 1067
1064 1095
1067 1127
1069 1115
1071 1086
1073 1093
1075 1128
1081 1133
1082 1024
1084 1109
1088 1124
1094 1159
1096 1038
1098 1119
1100 1094
1103 1114
1108 1126
1109 994
1110 1008
1114 1130
1120 1084
1121 1125
1128 1143
1134 1187
1137 1150
1148 1138
1153 1099
1154 1149
1158 1168
1161 1092
1165 1140
1166 1207
1167 1197
1169 1118
1171 1148
1173 1179
1176 1117
1182 1178
1193 1189
1196 1223
1197 1226
1209 1196
1210 1222
1211 1105
1215 1211
1216 1206
1221 1257
1222 1304
1223 1228
1225 1188
1226 1199
1233 1171
1237 1225
1239 1241
1247 1154
1255 1290
1260 1233
1262 1273
1267 1215
1270 1261
1274 1176
1276 1243
1277 1256
1281 1175
1284 1330
1296 1327
1297 1253
1305 1345
1311 1283
1319 1246
1320 1272
1321 1307
1323 1295
1324 1268
1325 1269
1326 1270
1327 1294
1329 1214
1334 1209
1336 1242
1342 1301
1343 1303
1348 1267
1350 1373
1354 1322
1360 1389
1365 1306
1366 1329
1370 1344
1378 1325
1382 1292
1386 1399
1389 1281
1391 1370
1395 1312
1397 1280
1398 1332
1399 1366
1404 1365
1406 1232
1408 1393
1410 1409
1411 1362
1418 1343
1426 1311
1427 1431
1428 1310
1430 1412
1433 1309
1434 1316
1436 1379
1438 1444
1444 1383
1447 1387
1453 1367
1454 1407
1456 1452
1460 1348
1461 1359
1463 1374
1464 1463
1465 1473
1470 1464
1473 1356
1474 1441
1475 1447
1482 1404
1483 1491
1484 1382
1500 1434
1504 1490
1510 1475
1512 1488
1513 1500
1517 1443
1525 1499
1527 1419
1529 1439
1541 1438
1544 1485
1546 1426
1553 1469
1558 1537
1561 1545
1564 1531
1566 1493
1572 1539
1574 1484
1575 1498
1581 1505
1582 1521
1590 1557
1600 1528
1610 1479
1613 1575
1614 1509
1617 1549
1618 1547
1623 1543
1626 1571
1632 1536
1633 1590
1638 1542
1640 1573
1645 1534
1650 1589
1651 1550
1657 1513
1659 1544
1661 1624
1664 1601
1670 1630
1674 1639
1684 1594
1689 1621
1696 1600
1697 1595
1702 1608
1706 1676
1710 1599
1726 1623
1727 1677
1728 1617
1740 1637
1743 1715
1752 1633
1753 1636
1756 1616
1759 1683
1760 1666
1763 1644
1764 1688
1771 1651
1772 1657
1775 1620
1781 1643
1782 1703
1789 1675
1791 1697
1792 1759
1793 1635
1795 1702
1796 1718
1797 1680
1798 1692
1806 1686
1807 1745
1821 1696
1823 1760
1826 1691
1827 1746
1833 1792
1837 1717
1840 1709
1842 1733
1844 1836
1846 1670
1847 1736
1850 1773
1855 1758
1859 1757
1860 1766
1862 1732
1866 1735
1871 1685
1883 1784
1884 1755
1885 1752
1886 1769
1891 1761
1897 1756
1914 1819
1915 1814
1925 1742
1926 1803
1927 1832
1932 1789
1934 1809
1935 1818
1936 1869
1943 1848
1945 1800
1948 1849
1950 1811
1964 1855
1970 1839
1981 1884
1982 1830
1983 1844
1992 1829
1997 1799
2001 1834
2012 1890
2025 1932
2027 1845
2030 1880
2041 1914
2044 1972
2049 1905
2050 1865
2053 1946
2055 1980
2057 1820
2062 1904
2064 1959
2066 1991
2069 1926
2077 1956
2080 1928
2082 1894
2085 2071
2089 1924
2091 2028
2093 1916
2097 1962
2099 2005
2101 1963
2103 2001
2104 1967
2113 2000
2117 2062
2118 1992
2124 1995
2129 2010
2132 2023
2145 2022
2146 2014
2147 2049
2152 2027
2154 2047
2157 1960
2158 2043
2162 2127
2165 2052
2167 2048
2168 2080
2172 2040
2175 2067
2190 2056
2193 2079
2198 2045
2204 2168
2208 2066
2211 2121
2212 2108
2218 2068
2223 2131
2227 2099
2233 2084
2235 2146
2251 2145
2256 2126
2276 2074
2285 2082
2291 2092
2299 2150
2301 2261
2305 2225
2313 2275
2318 2287
2325 2133
2326 2177
2332 2165
2333 2192
2334 2230
2337 2324
2342 2320
2344 2305
2352 2202
2359 2156
2360 2148
2365 2176
2379 2348
2383 2250
2384 2366
2388 2228
2389 2237
2392 2201
2418 2234
2426 2403
2430 2272
2435 2313
2438 2254
2443 2323
2449 2382
2452 2290
2456 2263
2457 2249
2464 2344
2466 2352
2473 2282
2481 2435
2488 2332
2492 2456
2512 2428
2515 2475
2517 2330
2523 2486
2530 2447
2534 2430
2545 2373
2547 2485
2549 2381
2567 2459
2568 2432
2577 2511
2583 2453
2586 2471
2589 2462
2594 2461
2620 2514
2643 2526
2662 2509
2663 2519
