f_0082620.png f_0082872.png
55 681
107 615
115 650
116 674
127 669
128 725
141 695
155 703
178 749
191 791
231 921
236 903
273 915
274 959
290 980
307 880
318 961
322 955
328 1043
331 993
338 986
344 1006
355 1023
363 1064
368 1109
372 1047
379 932
385 951
418 1169
421 1173
428 1161
432 1179
436 807
457 1052
458 1205
471 1239
489 1249
493 1189
495 1244
499 1256
504 1298
506 1177
513 1267
529 1062
539 1341
546 1335
602 1397
629 1430
642 1471
647 1451
657 1476
693 1506
718 1523
726 1528
727 1531
728 1537
733 1544
763 1552
769 1567
777 1568
828 1606
844 1621
848 1622
852 1637
857 1630
863 1618
866 1643
887 1645
895 1648
907 1664
914 1679
925 1677
927 1678
938 1694
942 1700
961 1704
971 1725
981 1751
993 1760
1000 1777
1010 1783
1019 1809
1038 1836
1044 1821
1057 1834
1129 1967
1165 1989
1198 2043
1206 2028
1241 2076
1255 2096
1259 2110
1265 2118
1276 2170
1291 2139
1307 2196
1350 1684
1354 2203
1356 2155
1451 2153
1465 2212
1586 2442
1700 2344
1817 2590
1917 2529
