f_0082928.png f_0082968.png
217 80
243 92
247 265
249 149
312 77
341 313
354 267
382 331
450 307
462 360
470 342
583 485
590 545
630 809
641 821
724 689
757 735
775 988
787 772
796 1037
810 749
812 995
817 833
836 980
878 713
880 1499
886 979
897 901
903 1093
913 1131
916 838
961 1312
995 1272
996 1291
1000 1347
1003 1405
1007 1218
1008 1250
1011 1378
1056 1296
1058 1702
1070 1404
1108 1441
1119 1822
1121 1481
1137 1486
1145 1228
1182 1599
1194 1275
1199 1265
1200 1451
1202 1764
1206 1408
1208 1682
1237 1831
1253 1727
1260 1475
1285 1527
1309 1560
1325 1555
1326 1561
1390 1815
1421 1937
1474 1935
1486 1739
1487 1767
1502 1689
1522 1845
1524 1880
1531 1825
1565 2112
1566 1863
1569 2084
1584 1780
1618 1904
1619 2168
1640 2150
1659 1713
1691 1976
1693 2117
1695 1808
1701 1771
1723 2285
1726 2051
1744 1908
1759 2302
1767 2322
1782 2328
1841 2138
1861 1997
1889 2009
1903 2392
1935 2406
1939 2088
2012 2343
2077 2391
2080 2390
2097 2405
2109 2179
