f_0082912.png f_0082876.png
24 1643
40 378
42 832
62 1557
71 1592
74 1176
90 560
92 1769
103 379
114 915
130 981
161 487
163 1469
223 428
227 356
230 275
238 279
255 1128
297 1441
315 666
334 675
337 1775
357 1768
362 1659
366 709
385 382
398 1452
427 802
444 1107
469 1962
506 445
536 1189
543 1575
548 330
553 1860
620 298
635 263
639 864
686 1887
740 1607
743 1104
804 1051
805 851
820 1138
826 1848
879 349
900 936
910 1326
912 545
914 1533
927 683
938 1162
948 1615
954 1122
969 458
981 1395
990 391
991 1342
1000 688
1011 1616
1015 425
1020 302
1052 1288
1057 1052
1063 1900
1080 525
1088 1124
1115 1514
1146 1942
1162 1623
1218 810
1227 313
1288 1534
1289 465
1316 1788
1337 1603
1344 786
1362 843
1405 1096
1411 478
1466 629
1509 788
1510 539
1511 601
1537 1739
1547 200
1553 1850
1574 877
1640 765
1716 647
1789 1933
1802 363
1838 1365
1857 479
1864 1585
1982 1151
1989 1219
1992 890
2011 1569
2016 1668
2019 1244
2038 1061
2065 1583
2094 180
2156 502
2171 956
2191 1398
2202 130
2215 1503
2232 1692
2233 656
2243 1174
2249 1305
2299 710
2303 1803
2320 842
2330 1862
2352 1489
2376 1624
2407 1760
2425 179
2432 1509
2449 1475
2470 1091
2473 238
2476 1093
2481 1888
2523 892
2559 206
2562 1101
2610 496
2626 1948
2654 1242
2660 394
2665 1058
2733 323
2741 1006
2818 1456
2872 1371
2889 1015
2908 562
2924 2006
2941 1356
2946 1351
2947 649
2952 689
2972 160
