f_0082412.png f_0082942.png
287 417
326 55
348 252
370 213
407 488
440 261
452 526
458 438
478 553
486 517
487 511
488 538
490 499
502 572
509 523
513 571
544 351
554 680
638 255
645 786
649 442
659 432
692 405
718 766
768 297
777 832
799 846
807 630
816 420
889 765
893 916
901 416
902 976
905 317
946 942
949 975
964 470
965 479
967 970
972 991
991 551
1026 1060
1041 851
1065 1184
1084 634
1119 1168
1141 745
1154 1150
1165 1256
1169 977
1218 1322
1238 770
1267 1025
1268 1360
1274 1407
1277 1307
1294 779
1315 1085
1355 1022
1414 1267
1419 1004
1441 1293
1445 1435
1492 952
1502 1298
1530 1543
1558 868
1571 1281
1619 1480
1665 1311
1711 1348
1801 1446
1809 1072
1842 1657
1931 1266
1932 1418
1945 1641
1953 1337
1979 1648
2008 1519
2027 1699
2042 1830
2069 1882
2077 1913
2082 1957
2091 1928
2096 1956
2110 1479
2111 1620
2130 1985
2135 1592
2160 1842
2190 1492
2191 1794
2248 1834
2285 2323
2290 1731
2317 2418
2318 1799
2365 1943
2437 2185
2446 2133
2460 1850
2473 2370
2639 2506
