f_0082926.png f_0082776.png
40 164
41 135
42 128
43 114
139 212
144 92
159 344
174 239
180 56
195 194
208 152
219 234
275 399
281 260
299 286
303 411
346 276
347 224
366 459
401 35
405 87
413 451
459 230
463 18
494 596
501 125
508 610
516 597
530 287
547 141
585 640
614 493
640 360
692 631
708 442
734 762
739 512
740 468
750 288
789 329
811 509
844 197
850 42
865 179
889 478
900 110
902 862
904 112
907 785
916 170
919 355
923 1030
929 585
931 602
935 330
938 520
947 1059
948 637
952 221
956 814
960 687
962 870
964 707
970 291
986 871
993 763
997 245
1007 778
1014 184
1023 771
1024 231
1065 684
1070 879
1083 161
1087 662
1088 627
1102 887
1115 964
1117 599
1119 746
1121 222
1136 988
1149 880
1167 546
1171 302
1175 173
1195 587
1204 483
1211 944
1212 678
1218 638
1220 570
1238 983
1245 535
1251 868
1258 367
1275 573
1298 470
1301 632
1302 490
1320 622
1328 751
1341 491
1351 715
1367 1098
1371 696
1385 863
1407 348
1418 1066
1421 711
1428 120
1433 892
1436 747
1438 536
1448 1094
1449 967
1455 1197
1466 144
1467 1049
1480 600
1491 540
1503 255
1506 991
1512 654
1543 324
1552 1228
1554 1403
1558 424
1570 872
1571 642
1585 626
1586 541
1597 466
1601 968
1612 712
1613 455
1639 1010
1640 890
1647 1064
1661 1405
1668 1308
1669 1110
1676 1468
1679 1413
1704 1270
1728 1042
1729 926
1735 689
1744 448
1764 1295
1766 772
1771 1248
1776 473
1784 933
1786 761
1795 510
1806 204
1815 608
1819 542
1831 938
1834 1037
1835 992
1841 823
1842 669
1856 563
1862 559
1874 710
1876 644
1883 1016
1885 1050
1896 864
1900 1502
1901 1369
1911 1077
1914 629
1922 1493
1930 679
1933 364
1936 1011
1941 1590
1946 616
1949 1329
1992 1475
2003 719
2007 1434
2012 1660
2018 1613
2027 1261
2041 1274
2044 1582
2045 1296
2061 1327
2065 1395
2069 496
2077 934
2079 795
2086 548
2088 1291
2090 958
2092 691
2096 560
2099 1376
2108 1390
2113 1705
2114 1337
2126 1358
2128 1435
2129 1347
2134 729
2136 1150
2140 670
2142 634
2144 1377
2177 1357
2185 2035
2211 1319
2213 1088
2216 660
2226 720
2244 1238
2251 1331
2253 776
2257 1135
2271 1001
2282 1062
2283 1351
2290 1528
2292 1541
2294 1352
2297 928
2318 1140
2322 1186
2341 1575
2348 1180
2409 1830
2421 1363
2432 2139
2440 1776
2474 902
2478 1300
2480 1534
2579 1454
2589 1805
2594 809
2613 1383
2645 1311
2655 1391
2695 824
2709 1408
