f_0082724.png f_0082670.png
7 560
14 187
19 467
26 194
31 295
38 88
42 112
52 321
65 65
66 266
75 197
76 228
82 273
83 522
87 21
89 333
93 310
118 383
121 210
150 734
153 385
160 30
168 164
170 165
180 305
188 252
189 594
196 209
198 773
200 196
201 756
202 767
206 153
210 180
211 418
213 733
215 181
216 621
226 425
231 179
238 130
248 538
252 851
255 534
263 869
268 772
276 352
280 859
282 289
283 399
286 72
287 272
288 491
291 806
296 457
301 691
305 894
314 771
321 950
324 328
337 638
340 843
345 640
353 675
357 846
360 245
362 651
372 948
381 202
383 377
390 659
394 805
395 1010
398 718
400 586
401 949
405 636
407 653
412 790
419 403
428 801
433 356
437 1176
444 644
448 765
451 631
456 574
457 714
460 380
461 446
462 980
465 679
468 1300
470 795
471 868
477 444
478 488
482 409
483 1250
490 634
492 1085
493 874
499 296
519 813
520 937
524 486
525 830
526 464
528 922
532 610
540 484
541 516
542 544
544 1077
548 971
550 841
553 442
555 525
562 965
564 395
566 366
572 1394
576 554
579 1297
587 511
588 668
595 1032
604 1160
607 1453
609 1244
612 605
614 1048
615 1263
620 407
624 1113
625 602
629 565
647 835
648 360
652 591
657 1152
660 455
664 1153
667 1384
672 647
678 462
682 601
685 620
687 1337
689 1168
698 1262
700 1351
706 1209
710 1158
713 833
715 1552
716 1553
717 630
718 743
719 914
730 1299
734 553
735 650
736 656
737 926
742 1585
743 514
744 1290
749 978
753 568
757 571
763 764
764 588
768 909
770 1350
772 570
773 941
777 618
778 1094
787 673
789 1390
791 983
792 1660
793 1728
802 829
804 931
806 1477
812 686
816 763
818 760
819 1399
830 865
831 1238
832 1466
835 793
838 1188
853 1383
855 684
865 968
866 1416
870 1166
880 1429
888 685
889 863
890 1641
899 800
907 1320
915 742
919 1705
923 1207
924 1349
931 722
933 1794
939 1895
944 1491
947 1260
949 701
959 1241
966 1184
970 751
976 1811
990 1782
993 1192
994 1577
998 1515
1009 1523
1016 1529
1020 1626
1025 1510
1026 1534
1028 1142
1029 1202
1039 940
1042 991
1043 1393
1052 861
1055 956
1063 1371
1065 1756
1068 1387
1074 969
1096 1734
1102 946
1105 1568
1113 1472
1116 1819
1126 1771
1134 1298
1141 2033
1142 1888
1166 1640
1170 1374
1185 1691
1186 1847
1198 1528
1206 1295
1211 1764
1227 1750
1234 1648
1239 1288
1244 2084
1245 1621
1246 1938
1251 1590
1292 2197
1294 1733
1297 1344
1301 1382
1317 1564
1320 1887
1324 1914
1326 1898
1332 1775
1337 1582
1358 1680
1363 1647
1370 2076
1387 1816
1392 1490
1396 2120
1404 1604
1409 2127
1413 2128
1430 1992
1461 1966
1482 1970
1493 1950
1499 2168
1545 1920
1566 2026
