f_0082882.png f_0082868.png
9 2224
12 2637
13 2644
16 833
24 471
25 2051
30 2306
38 312
39 2110
40 2802
43 1831
49 2349
50 2978
55 2498
62 310
66 346
67 2272
69 1004
78 1363
80 1243
85 2847
97 2576
98 519
101 2254
103 623
106 924
111 681
114 962
117 2039
119 2405
120 403
124 581
128 1326
129 851
131 1874
132 1013
133 1288
147 1545
149 261
151 446
161 1982
162 94
165 417
166 2938
170 356
172 1354
174 2074
176 2972
182 2491
183 1585
189 1909
191 1119
196 830
197 1084
199 2024
200 971
203 2741
207 11
209 2
219 2593
221 2717
224 2044
229 7
230 561
231 151
236 541
238 2296
241 361
244 1964
248 22
250 2083
256 154
260 2852
263 555
265 1938
267 573
269 2344
273 2386
275 1
276 15
277 113
281 1190
282 2955
287 1492
289 1511
291 2844
293 1636
294 2530
295 2569
300 929
301 2172
302 944
307 556
308 1230
309 2875
311 2255
315 2774
317 1348
319 974
320 596
324 2467
327 70
331 2767
333 2196
334 2743
336 335
338 2228
344 1002
346 540
352 2554
356 2023
358 2817
361 175
362 1313
365 1262
367 2215
368 1571
369 419
370 179
374 1751
377 24
379 41
380 13
381 1053
385 1001
386 2378
390 0
391 2155
392 409
395 2016
396 2202
400 1234
402 1554
403 111
405 1246
406 2424
407 197
408 1485
410 2950
412 1566
414 1615
416 2645
420 18
422 464
424 1654
426 143
430 841
433 1109
434 2864
436 746
437 239
438 570
439 1750
440 209
444 981
446 1465
447 614
448 1551
449 186
451 721
454 2854
456 659
457 1595
463 673
464 901
467 2679
469 1960
472 2718
476 38
480 2880
484 1284
490 1999
491 509
492 1593
504 2444
506 2404
508 856
511 1200
512 1160
515 1180
518 115
520 1678
521 968
522 341
523 1866
527 2141
530 1405
533 2241
536 2234
542 2454
546 840
547 461
552 1771
554 991
556 778
557 1705
559 2995
560 814
562 17
564 2311
568 1108
571 2556
572 2527
578 1532
579 2509
581 1925
582 676
588 1049
592 1937
596 359
598 613
600 559
602 1315
603 558
604 2614
606 418
607 644
609 1440
610 266
613 1258
614 368
617 1633
627 2518
630 709
631 2937
632 2532
633 123
635 2167
636 478
639 2902
640 789
641 864
642 1488
644 2125
645 2711
649 2758
651 2833
653 2064
654 1092
663 1000
665 317
668 652
670 315
671 61
672 804
673 105
676 2099
677 77
678 37
679 2652
682 69
683 1279
686 1267
692 1181
697 176
698 2699
699 79
700 1062
701 260
703 522
705 165
706 2539
708 1225
709 2618
711 972
716 2560
723 2757
724 1847
725 871
727 937
729 1074
730 180
732 1527
733 563
734 129
735 986
737 1956
739 120
740 2837
741 1041
742 1436
744 1400
745 2692
749 979
750 845
752 2165
756 2501
762 2872
763 334
765 792
766 2649
768 1817
769 706
771 192
772 2143
781 940
782 607
784 1176
789 42
790 1462
791 1368
796 190
799 1507
806 2211
808 1362
810 843
812 2459
813 2578
816 2508
817 812
819 1387
823 2695
828 391
830 724
831 1577
832 2382
833 707
834 316
835 722
836 2905
846 2395
847 466
849 1278
850 560
852 808
853 892
857 943
858 2639
862 2963
863 101
864 2054
866 265
869 351
870 919
871 1014
872 68
874 2422
876 823
878 74
887 402
889 135
890 233
891 2740
892 1396
895 662
897 2341
899 1269
902 344
903 857
905 739
908 1431
909 2962
910 733
913 234
914 836
915 2566
917 1951
921 2062
924 629
927 2882
928 2129
929 2850
930 2119
932 295
933 2204
935 1025
938 923
942 2100
945 2269
947 2889
949 615
951 915
952 2260
953 2632
955 1379
963 1357
964 30
965 2622
966 553
968 1034
973 1328
975 1208
977 1832
980 379
982 2768
988 142
990 2596
995 6
1003 1734
1005 579
1006 26
1007 2063
1010 2069
1012 2036
1014 1603
1015 2684
1018 2993
1020 12
1023 36
1030 28
1031 108
1032 132
1033 1080
1035 375
1036 643
1040 2268
1041 475
1042 826
1044 122
1045 2104
1050 1309
1052 618
1058 994
1061 809
1064 1472
1065 1126
1066 1333
1073 458
1074 727
1079 1508
1082 828
1084 1900
1091 1611
1093 1842
1095 134
1096 1292
1099 1390
1100 1445
1103 1273
1108 408
1110 661
1113 2626
1118 751
1121 1477
1124 2433
1126 2568
1131 2951
1143 705
1149 421
1156 2710
1158 2363
1160 1217
1168 1254
1179 1853
1181 1510
1187 1093
1188 1192
1189 917
1199 1251
1201 1630
1204 117
1219 1686
1222 1586
1230 1205
1231 1660
1232 274
1242 777
1248 2055
1255 502
1256 2705
1257 2153
1266 1129
1268 2060
1278 1388
1282 2602
1285 2229
1289 2606
1292 170
1294 2481
1296 462
1297 2755
1299 1849
1300 1224
1310 373
1329 109
1334 110
1344 2634
1350 2151
1351 2094
1362 457
1363 872
1367 200
1379 960
1380 412
1386 885
1387 1677
