f_0082868.png f_0082912.png
8 1871
20 661
26 2780
28 7
37 2755
57 1285
62 1650
70 1411
83 1247
86 1260
91 334
134 180
142 137
150 472
152 1494
157 2014
162 1992
191 1692
249 2020
251 1961
252 2211
264 1941
271 2125
277 976
281 570
289 1356
323 1643
324 1470
345 2673
371 204
375 1527
389 1907
404 1852
423 402
445 1850
457 2145
458 2466
485 273
492 205
509 2315
513 310
528 716
545 148
546 410
592 2700
607 1029
621 217
636 370
674 1803
728 629
734 2672
743 2966
790 2669
797 447
812 538
840 2456
853 96
866 386
892 2987
935 682
944 1857
947 1162
959 607
1026 773
1036 2709
1047 693
1076 2876
1085 1990
1095 84
1108 130
1111 1109
1133 1991
1139 695
1153 727
1263 2474
1267 1111
1270 1382
1300 1193
1320 1332
1385 732
1386 192
1390 1649
1423 2461
1435 2637
1471 1447
1474 2011
1475 454
1512 769
1537 1046
1570 2082
1586 2480
1638 2647
1650 170
1657 1918
1683 1932
1684 414
1753 1821
1782 2736
1806 1278
1813 1133
1875 208
1882 516
1902 2210
1924 1147
1925 2158
1930 347
1941 2574
1950 535
1984 775
1991 587
2018 52
2019 1911
2024 214
2035 2336
2073 1089
2120 614
2146 1088
2178 603
2211 2080
2216 2689
2229 2599
2265 1968
2292 1647
2330 2418
2362 2908
2388 1597
2434 409
2465 1605
2499 2912
2502 1550
2504 2094
2620 956
2622 744
2650 112
2657 2552
2669 1501
2674 2247
2675 1806
2685 2152
2687 1970
2728 2084
2742 2838
2745 541
2793 1775
2814 1114
2840 747
2855 1510
2884 322
2908 863
2925 1360
2951 2405
2960 2753
