f_0082412.png f_0082702.png
41 13
44 3
82 45
143 66
175 99
210 151
211 127
236 152
237 146
239 135
247 143
250 161
289 205
294 187
308 211
336 213
339 201
349 227
355 222
356 221
367 220
378 233
424 276
437 267
466 328
481 323
487 322
491 333
507 319
513 355
514 356
553 395
560 364
592 402
609 418
674 449
749 443
754 500
772 514
777 581
807 511
808 612
829 526
856 629
888 498
935 563
946 702
983 615
1016 764
1021 614
1026 765
1030 668
1039 817
1042 785
1051 578
1065 819
1086 844
1094 790
1101 809
1119 850
1121 685
1131 814
1142 905
1169 800
1221 930
1224 853
1237 748
1250 881
1277 1000
1283 813
1287 901
1305 906
1345 1130
1362 1010
1372 999
1374 1099
1417 900
1420 938
1441 1072
1451 1204
1508 1114
1532 1247
1552 1158
1565 1200
1570 1123
1574 1092
1618 1170
1732 989
1736 1344
1752 1308
1789 1126
1796 1233
1818 1133
1952 1230
1980 1541
2065 1267
2124 1259
2195 1366
2251 1616
2259 1593
2265 1578
2340 1625
2373 1451
2375 1701
2504 1855
2613 1585
2682 1910
