# 3D point list with one line of data per point:
#   POINT3D_ID, X, Y, Z, R, G, B, ERROR, TRACK[] as (IMAGE_ID, POINT2D_IDX)
# Number of points: 419, mean track length: 2.2983293556085918
6 -1.6894589978343111 -21.097290275040173 26.364488646389916 182 107 84 0.85795010290848706 2 475 3 2800
7 7.8580045809980135 -20.234360291113379 26.41024430743763 158 85 71 1.5760925916096431 2 497 4 507
8 -0.61045594555304294 -19.979425181660783 25.803654861221791 177 97 78 1.5682810056047647 4 294 3 231 2 513
13 -7.4593794544806773 -19.499394562190943 25.153385738450915 210 98 75 1.206208669866585 2 565 4 98 3 1425
15 -1.6825803656505474 -19.471858840802795 26.036700848785241 179 91 73 0.65397045226939343 2 586 4 332
17 -1.2797625252567382 -19.52050506346918 26.387386235398672 180 92 70 0.4750937292906105 2 601 4 369 3 480
19 -2.5759851641221467 -19.449864199916853 26.286403002518377 180 95 71 1.5422730831709348 2 609 4 344 3 626
20 -0.7563607634225028 -19.776151436405669 26.819863915828385 183 94 76 0.22436231091846201 4 400 1 181
24 -1.4687639412511939 -19.023357068475381 25.943419024532556 183 90 70 0.57864532814675296 4 368 3 1207
26 0.034272779422314562 -18.887505638550117 26.394301751891213 182 97 76 1.575103499606554 2 656 4 457 3 1708
28 -2.9281463664415655 -18.802819481521258 26.284891490037456 187 98 73 0.30641242385823575 2 677 4 383
29 1.7543154090586315 -18.75051863062982 26.868525822833472 165 83 68 1.7357820044802379 2 684 4 517 1 246
31 0.24646977800114819 -18.67043414165833 26.724047700033164 180 94 73 1.5893762196318599 2 693 4 494
33 -6.8064879169784014 -18.871273864382811 26.527574731709208 203 102 79 1.1525998492156757 2 708 4 313 1 294
37 -7.9045562922788148 -17.854396239277428 25.835784007733892 213 98 68 1.5031324322978423 2 767 4 306
38 6.658853773149632 -17.112662362416234 27.106045513955877 158 87 68 1.1740396114668603 4 774 3 310
39 -5.4687946436014956 -17.625512795092323 26.201379761722272 191 102 82 2.5945815736737656 2 787 4 408 1 371
40 -6.4457511837489374 -17.464606192053331 26.31618229403373 196 102 85 1.7781318137784443 2 818 4 428 3 764 1 396
44 -1.5280365017561153 -17.183006932045899 27.110439324709169 178 92 68 0.3161716257703916 2 850 4 587
45 7.5491666729257991 -16.867160995616238 27.791358091928728 155 78 66 0.93046676934434946 2 856 4 844 1 386
46 -2.2594447815061418 -17.071734876274313 27.079698792294185 178 90 72 1.7230766227297083 2 866 4 595 3 1718
53 -9.1291066941340837 -15.978822178785027 25.728683259743203 219 107 82 1.3712456791290262 2 924 3 61 1 514
54 9.8811728315767571 -16.077061415356287 28.569164181149851 140 72 54 1.087262883298624 2 945 4 953
56 -7.8369438178739816 -16.040089885752057 26.454138249667064 203 111 88 1.0332133903272736 2 953 4 506
57 6.94559692746415 -16.681610373989692 29.128276854819099 157 87 67 0.76628770280120051 4 909 1 473
58 -5.8778380408822413 -15.886896115882497 26.718264850081614 182 93 75 2.2335000440515307 2 978 4 572 3 932
59 -7.2486057173175142 -15.903824917463822 27.007313627360691 184 96 80 0.23261876026882061 2 985 4 564
60 -4.6968227835414007 -15.746651708271777 27.115177352731216 186 94 68 0.37087274181724827 2 990 4 646
61 -12.401302645036459 -15.210710721513122 25.201557079823132 205 102 81 1.2580782972109508 2 992 3 92 1 604
68 -4.3429510269871061 -15.063806398278899 27.617879608506765 175 90 67 1.511539858863189 2 1074 4 739
72 -1.0783826203649964 -14.943178726312791 28.047132385603362 129 67 52 0.96215575333631365 2 1087 4 826
73 -7.988947915723033 -15.058183622251127 27.288511710311045 187 89 68 0.60350408431152791 2 1094 4 642 1 685
74 -1.4419420109454677 -14.975832806269006 28.189527033240445 130 64 45 0.22907381880661165 2 1097 4 823
76 -1.6581656586387132 -14.911003893938734 28.152763757961353 130 67 48 0.65946945078172381 2 1103 4 822
80 -5.5686166743792604 -14.491426282138313 27.532599149511341 171 88 73 0.4289228675731272 2 1139 4 744
84 -5.527942142164405 -14.14137029233037 26.904306853484901 171 92 75 2.4005399432975607 4 743 3 2543
85 -0.28039348494841787 -14.087613385338127 28.689153599134706 128 69 55 0.55100166836793008 2 1185 4 919
86 -6.3966570337615831 -13.997636581757439 27.552199203732474 174 88 70 0.3407396618470111 2 1193 4 771
90 -5.6631400321264103 -13.523126273985435 27.52641408052795 170 94 72 0.614565058572625 2 1219 4 806
99 -10.989301586962258 -12.817728767730575 25.980746227086879 210 104 79 1.8869937087719111 2 1259 4 653 1 828
100 -9.8813828166739857 -12.969892374272449 26.757679020491327 192 93 72 2.7284575914549634 2 1260 4 703 1 846
104 -7.7471140480819409 -12.827085421628087 27.523376845300184 172 94 74 1.789243399488905 2 1298 4 808
105 -11.856340288208157 -12.318323988211159 26.369450124338236 211 109 83 0.12700424249658085 2 1318 3 1600
106 -10.151320129580734 -12.336126734366552 26.571761305692238 199 100 78 1.0139435338142311 4 747 1 887
110 -11.477467660512694 -11.631109014865183 26.664071284032193 195 93 66 0.58584367300755114 2 1371 4 783
111 -8.7732323301818873 -11.826629402696815 27.822846354767112 179 96 74 1.9787918008468379 2 1372 4 865 1 951
113 -11.65909071357448 -12.154550871533511 28.419290487259868 214 118 91 1.307057907632053 2 1384 4 830
120 -9.3399006963416422 -10.757404867654499 28.394836044309869 174 90 71 1.949674076700612 2 1479 4 940 1 1042
122 -1.496810928568709 -11.010049929905962 32.042266606694099 120 63 46 1.7279435409781505 2 1486 4 1265
127 -9.9044094755037513 -9.926929145980834 27.773069341159413 179 93 69 0.15788243643711553 2 1535 4 948
128 -16.444987029095454 -9.9865415815191607 26.397570512604986 226 134 111 0.16631566134814199 2 1537 4 789
134 3.0778126737401856 -9.4658443215291292 32.726552996339066 117 62 44 1.7758665745641427 2 1596 4 1488
141 -3.2873667999962271 -8.7493459328563699 32.800535654893814 130 66 49 0.40034527565176442 2 1693 1 1187
145 -18.181393820032724 -8.5658670884557644 28.052052443300962 244 160 125 0.65738167697068306 2 1716 4 923
146 -2.5411678765681089 -8.1624845712503387 32.638328459826823 130 68 50 0.95632986076763604 2 1728 4 1460
149 -15.91105717771339 -7.7756530784402553 28.586363083854625 215 114 87 3.0031340751832625 2 1776 4 1037
154 0.95619078316889206 -6.816384729011955 34.196372751679242 112 57 44 1.2751785516660306 2 1824 4 1641
155 5.0050118737306972 -6.4546580151437478 35.2243812334018 97 51 42 0.35034237791573264 2 1847 4 1758 1 1296
156 1.8500153884384658 -6.4249555505778915 34.317307999247603 121 61 52 1.2519381805735761 2 1852 4 1680
158 2.7247135960167581 -6.0657709359318641 34.257298964633428 107 57 42 1.0249619959414724 2 1879 4 1708
159 5.0141208724365978 -6.1318854088841119 35.45099062571235 91 46 38 1.7740471427520754 4 1774 1 1313
160 2.9254857374284322 -5.8637210176521579 34.340427888333529 102 51 41 1.5121451296469612 2 1888 4 1732 3 2628
161 5.2114083475219486 -5.8950857296224131 35.449620532913002 88 44 36 1.7152549549937945 4 1791 3 307
167 4.2210265090757737 -4.573630909768716 35.490777842136218 110 59 47 1.081804607583976 2 1972 4 1847
178 0.51575757805057287 -1.2534298589885795 36.966523091997821 112 49 41 0.12801224995443344 2 2188 4 1992
185 -9.2372908634741862 -15.275616214210357 25.590315347672387 232 118 88 1.6904025735868373 2 989 3 7 1 558 1 578
186 5.0645503025336742 -8.9246916721415985 32.224655585615039 189 106 84 0.90794067489165498 2 1626 3 34
187 -14.984863322390073 -14.684858790736277 22.117298021528839 0 0 0 0.32109476375348456 2 902 4 68
191 0.5658969213949635 -21.309568721575413 26.120072860022937 219 114 90 2.1087717696416379 2 427 4 218 3 120
192 -8.0937256838324725 -17.623717541529558 25.548949525782366 222 111 78 1.079806987588001 2 770 3 135 1 342
193 -4.2099258571650138 -7.3163918561738477 29.388128051101219 191 95 71 0.24262074602303152 3 149 1 1241
194 -9.6626179269305279 -15.034441260571528 25.435487854718865 243 142 103 1.8154779376814041 2 1002 3 153 3 2799
196 -12.257744247556815 -10.980418607183887 26.222497304215072 224 107 82 0.31452134999687631 2 1416 3 156
197 -9.2509810480547134 -20.3054840618057 24.230209224692615 225 112 87 1.5262311890134592 2 432 3 164 1 51
198 9.0973463119795799 -12.739562878096265 29.880519579020273 249 172 148 0.56381215868131584 2 1283 1 774
202 -6.8185667985681357 -0.72747437196780695 28.913141016441397 208 106 76 0.82958650596520389 2 2272 3 204 1 1625
203 -6.7289560286065795 -17.944697631769959 25.628183337027671 221 109 84 1.538322670095102 2 748 3 216
204 -12.999646442460492 -8.4895511314396135 34.763149325547964 238 126 95 3.2887870219290498 4 1299 3 246
205 -11.885875340948335 -14.174035496797293 25.390112703980627 220 109 86 1.1393145029467713 2 1115 3 247 1 707
206 -5.4456657626648006 -20.591236878827214 25.561366331748847 223 114 90 2.3174743787827548 2 483 3 248 1 95
208 -13.04168229131168 -8.1691891440404234 26.530383441420334 214 110 86 0.29647608410437859 3 263 1 1227
209 -7.94712999788866 -20.343598458431202 25.075975663359376 244 145 108 2.4955181670129165 2 491 4 4 1 93 3 264
212 -10.857652012382543 -17.067632676601242 25.266249926817771 225 103 76 1.0313927596277903 2 817 3 350 1 413
213 10.045708442062365 -4.4401997192848484 31.737968713564992 150 73 53 0.67021368975956708 3 356 1 1318
214 -12.160983977456842 -9.0030412060086675 26.523577997427637 219 110 77 1.6858531844641167 2 1606 3 363 1 1145
218 -6.5636985324371988 -19.755797032431246 25.619276694132267 229 115 85 0.83138527927780237 2 562 3 410 1 159
219 -6.5379142047454248 -17.068684185071543 26.214905105567549 223 119 99 0.75642426765303006 2 838 3 452 1 430
223 -6.8843975301827571 -9.1192912718567829 29.107322616313432 203 95 74 2.0836544800670023 2 1615 3 493 1 1144
225 -8.8363179860186136 -18.868834955085443 24.175439932191821 230 121 87 0.23216744872611972 2 561 1 149
227 4.664477177848898 -21.870629759159602 27.445186199084965 214 102 76 0.6056721220303527 2 437 3 552
228 -6.4728615400539127 -19.636289618146073 25.093143664954692 231 124 92 0.21102539305813051 2 534 1 134
229 3.5535900267251437 -12.747010340410672 30.638553828465582 177 87 68 3.5244663911958121 2 1339 3 567
231 -12.27684777899286 -10.864185047370984 25.623005402700656 224 112 88 1.4684236404315065 2 1409 3 584 1 988
232 -0.021603658678201628 -5.6568005941927888 32.176946034442786 189 96 73 2.4756314595220932 2 1905 3 599 1 1329
233 3.7354907775143764 -3.7432729409242329 33.77449279843318 157 76 58 0.28806780099954876 3 606 1 1411
234 -12.668223950199158 -11.552479753371589 25.503245858913218 218 108 84 0.63438472989534145 2 1358 3 607 1 936
237 -7.3183866425493536 -15.628835933472292 25.791187437672853 217 114 92 1.5743799173279225 2 957 3 634
239 -14.404811679846429 -12.119310486424821 24.607242344360618 209 103 82 0.40438127594978435 2 1293 3 637
241 -6.6722422800273673 -13.030051038665023 26.926782328896017 208 108 86 0.055048073228360681 2 1246 3 665
244 4.8754465935094053 -20.949811029510041 25.575324468795834 220 112 90 1.1578133605138619 4 298 3 690
246 9.6617838869743533 -15.025430427710159 30.947438975387179 215 115 88 0.3196352225756709 2 1140 3 714
247 -10.481350005306666 -8.9844843472963056 27.701758214536117 223 110 81 1.2858137957713103 2 1616 3 726
248 -2.2201865894075588 -7.1259319489703881 31.094717848844908 195 98 76 1.0283874328309004 2 1787 3 737
250 -7.3910750931573777 -11.293697234498396 28.913691140936535 0 0 0 1.8966307640853246 2 1425 4 966
251 1.6968917385323843 -13.824026002010175 28.231607702732422 182 91 71 0.23193852387943292 4 935 3 754
252 5.2605287612209537 -14.857460857632347 27.852294329211464 220 119 94 1.8573526318867661 4 921 3 757
254 4.0642008683485829 -9.2529298072724959 32.755940990445026 0 0 0 0.32300278811774119 2 1613 4 1514
257 -0.51230393388041984 -20.728758259139511 26.036403088724562 199 99 85 1.0291419126375898 4 254 3 803
258 -7.941808434655071 -16.259566853463809 25.924808633915717 224 113 89 1.9845362379731182 2 906 3 805 1 489
259 2.8183871310697182 -21.413212084599092 26.939045230487736 232 121 88 1.4698486570713536 2 451 4 354 1 62
261 2.6399860712933982 -21.191497091672044 27.00674305112199 224 113 84 1.4345849940137601 2 485 3 830 1 74
262 -5.9438351461195529 -20.38740591185682 25.718697272105825 230 128 98 1.0170938624147465 4 111 3 833
263 6.3381535500542547 -1.2428738403408977 33.409491856902662 152 68 51 1.634348903395205 2 2153 3 850
265 7.5203848212358739 -12.953001138686121 29.841704902569397 0 0 0 0.27902996835589655 2 1269 4 1216
267 -6.5527974474693851 -20.777548844022743 25.343692260880811 224 115 86 2.3866759442423748 2 460 3 872 1 68
268 -0.045679003792619591 -15.159643741402476 29.350989305492575 0 0 0 0.96599977580439256 2 1124 4 884
269 -10.255508393912541 -15.379646861673933 25.871583843603347 239 133 100 2.0283063596594295 2 988 3 885 1 605
274 5.0673447351459018 -5.1464117857970839 35.094086874562514 128 65 46 1.1997192150452498 3 939 1 1351
275 -10.344865786892818 -17.743398173125382 24.928805053659406 234 128 93 0.44257791161100418 2 739 3 945
276 6.9442846938486786 -14.140208667970105 29.175919861984674 0 0 0 0.37972865982652532 2 1161 4 1068
278 7.3776398528958653 -20.058745539370552 29.614477966870584 206 106 78 0.9234355750576384 2 702 3 966
282 -11.759383915019919 -5.6910001039808522 29.01848802306549 0 0 0 0.2399924117524061 2 1933 4 1298
285 -12.222558403979294 -11.229396149153105 26.607051243561319 229 113 86 2.6783026313962424 2 1412 3 1050 1 993
286 -9.830372045825106 -19.423428019342882 24.674599858017693 235 116 88 0.59083060064177062 2 544 3 1059
287 -4.4257916280630729 -19.752202899601077 26.502969573247693 217 112 88 0.042102894234772988 4 291 3 1068
290 -0.20539256974584921 -5.1647988629850268 34.194398964811683 0 0 0 0.59901522313099775 2 1943 4 1704
291 -11.876841127006204 -14.436131444992915 25.378721894370994 211 101 79 2.6141433691817459 2 1091 3 1111 1 681 1 683
292 -6.9877352063506084 -16.862594853466785 26.247155706116292 216 113 87 0.89297029241175085 2 865 1 446
293 -9.4066925142777489 -7.182249124824839 28.139480170057581 223 110 76 2.4237491224585956 2 1777 3 1115 1 1299
295 -15.782101290973351 -12.663287251433017 24.123380773603213 215 110 84 0.35119478360086748 2 1233 3 1119
297 9.8999776895861569 -9.3119238994846416 31.522790282375336 143 68 45 0.65678430266263355 2 1548 3 1154
298 -6.0443296973721781 -7.5611194435228981 29.717635960946406 206 105 77 1.6643032782930856 2 1756 3 1166 1 1249
299 -7.3349552638086175 -17.314644059871931 25.756543272323142 229 125 89 0.55239659642862615 2 799 3 1175
300 9.29860643907009 -11.226440062629159 31.168659596615896 175 87 66 0.86702851115743318 2 1401 3 1177
305 -9.1967471958401088 -17.525134749387238 24.094912818895072 229 119 85 1.9791999778077451 4 150 3 1239 1 255
306 -12.442599888491509 -13.086284003364767 25.555061366707179 225 115 90 1.8003504584626786 2 1218 3 1251 1 804
307 10.400922715208019 -7.2135718922968035 32.013101805859165 143 62 45 2.7142113219170008 2 1711 3 1273 1 1150
309 -12.201921168886523 -10.170785429247763 25.586248051092582 229 120 91 2.2759678303979611 3 1290 4 816 2 1460
310 -9.5823711808494298 -21.441179061893692 24.648149768421341 219 115 86 0.47597213656859938 2 359 3 1310
311 10.117507534749789 -4.6438503437787091 31.770731677517499 158 82 61 0.033272141132925502 3 1311 1 1309
312 -8.3500479280199222 -7.7928547440293965 28.815956193186267 214 104 78 0.66365472945086634 2 1732 3 1314
313 7.5840400830026748 -10.484086884091823 33.045583852752493 143 71 53 1.4613376669183802 2 1511 3 1318 1 1021
314 -8.508018653141896 -17.834311986161811 25.176389413757029 242 131 98 1.8705957116969552 2 741 3 1323 1 307
315 -6.6013241106150744 -19.523236385176464 25.894557963338119 229 113 90 1.7220898996321159 2 607 4 188 3 1335 1 195
316 -8.3436215930771436 -15.722439340817127 25.769250663393297 235 132 96 1.0166356038818416 2 948 3 1338
317 -10.429619650066025 -18.741579202304479 24.197405791477468 218 108 83 1.4506835884987372 4 17 3 1340
319 -14.033329672899763 -17.535700616579152 22.296989637615091 210 111 86 1.1977586051551883 2 600 1 170
320 -4.6230116682932447 -15.17713509976843 27.160621651425974 218 114 79 0.44684347446794159 4 692 1 618
321 -11.378160290683953 -10.29135417728102 26.432344352392761 231 118 88 0.81076705087626788 2 1473 3 1370
322 -8.5865533021734137 -16.785700250404446 25.252092642166904 233 141 99 1.1984609852697896 2 831 3 1396
323 -15.356499691687898 -10.336740097429326 25.132694976535742 214 115 92 0.71227243251480687 2 1456 1 1059
324 -4.2241187597152079 -6.0690757799886184 31.240305640817276 188 89 68 1.3276820010099899 2 1884 3 1410 1 1346
325 -16.21332284805602 -10.976949769841413 23.611012938725768 227 122 100 1.9495581211215296 2 1364 3 1420
328 -8.097591788994901 -19.436006646388922 24.869411250308787 234 128 93 0.11311383021067761 2 550 3 1458
329 7.0147689263793467 -14.677240178999133 31.289906643663798 166 78 55 1.9347734988579468 2 1198 3 1464 1 726 1 730
333 -11.400455768327912 -8.3371150642565421 26.781323670590012 218 111 85 0.019835688600495713 2 1669 1 1189
334 0.31179017181336649 -15.345692455153801 28.229511024346962 0 0 0 0.25938533817425408 2 1045 4 833
335 -14.895415321337884 -15.84652191901762 23.567768893515545 210 110 83 0.45599096560144747 2 861 3 1536
338 -12.476111302464956 -9.6873626409594138 26.024605312581251 226 121 92 2.7323716342615163 2 1515 3 1581 4 860
339 9.8159971392364049 -11.616596914778892 30.934884338150479 197 107 83 1.2650724155433049 2 1368 3 1599
341 -8.3704529824492173 -0.56896711976345937 28.211807865913151 199 97 68 0.58870547308816135 2 2291 3 1613
342 0.22962384335341404 -9.1580081310848538 32.186159560903327 193 94 71 1.3355117693381706 2 1633 3 1623
343 -9.9884743575737147 -11.275894683021857 27.627456205073816 221 114 89 1.2427140893574971 2 1419 4 874 3 1628
344 -9.2639877145619476 -14.712220064408241 26.336144338928094 224 110 85 2.0212374903973465 2 1093 3 1633 1 684
346 2.8537417754852425 -20.477714140407869 27.591521393392906 251 150 122 0.93598164234725623 2 575 3 1646
347 1.9836926033154172 -7.2444530867081314 32.688445605753209 176 87 71 1.0664086466555585 2 1781 3 1653
350 6.5027334390243388 -20.792638593785561 28.835702579610654 214 109 83 0.12872220531808737 2 597 3 1675
351 -8.8869929914080412 -15.144846087618028 26.049811673221786 231 124 94 2.1964682725528788 2 1005 3 1687 1 617
352 -10.777154266051301 -15.560794793729201 24.933887839337117 233 110 83 1.2689886371274379 2 942 3 1730 1 512
353 -4.7439188517649171 -20.995471519284376 25.812322387256408 215 112 85 1.0581028704233635 4 105 3 1732 2 450
354 4.4965440339420066 -3.5143185177907301 33.992852926295889 172 91 75 1.3640591256149421 2 2037 3 1738
356 -9.8874573849109684 -17.4348847572378 26.140894769963893 246 142 106 1.1081913447911673 3 1760 1 425
358 -7.6086817695202855 -17.215846209626307 25.481240965796665 237 135 100 1.4210492516192386 2 790 3 1774 1 375
359 -10.750976432788793 -10.54613144664892 27.20816534757871 228 116 90 2.3008539196187932 4 900 3 1785 1 1041
361 -8.8366910353369956 -15.515725752853148 26.048739476578302 228 125 92 2.3391302209301941 2 993 4 500 3 1838
362 8.4568405693549487 -12.06194783665039 30.357581667711312 158 72 53 1.0925447750171677 2 1346 3 1839 1 841
363 7.1267607648517854 -17.315549330862428 27.336561141798718 161 77 62 1.8373397848899236 2 795 4 787 1 331
364 -8.3480215101340551 -14.587848767289241 27.156331566668726 236 121 96 1.0909242059059034 4 667 1 717 2 1131
365 -8.5385423888504857 -9.569228699814424 28.00829980511352 217 109 79 1.6068370754484429 2 1567 3 1869
366 -3.338597131569498 0.18884155586759488 30.909826096493433 193 98 64 1.6902427039891372 3 1875 1 1632
370 3.7489763734336479 -21.104995113636306 27.52571132193891 225 122 87 0.1276293220737531 2 506 3 1923
371 -7.1991319330423513 -20.918098352182124 24.886850046189206 219 100 76 3.0312209471830891 2 415 3 1944 1 28 2 406
372 -13.501242651256419 -8.7478670731588704 26.106961917852193 217 106 80 1.8059954290078497 2 1625 3 1947 1 1175
376 -6.9148101260556878 -17.94044715848915 25.387160988438136 0 0 0 0.63353038913691573 2 725 4 293
378 2.2327147090488286 -10.979240869819169 31.071559448412408 190 95 75 0.99563618834128009 2 1452 3 2030
381 0.69853232624139761 -7.7784288240477224 32.692251333903613 143 74 61 0.94631461525310367 2 1738 4 1546 1 1216
384 -7.481237193738445 -16.17843059453741 25.771427798567125 222 114 91 1.3433553743152615 2 909 3 2169 1 475
386 3.0456847497695332 -14.121815684312461 29.349207571105779 170 81 61 1.3959098833304229 4 981 1 732
387 -8.5115669364253073 -15.429751785154531 25.922640645421616 228 124 91 1.5000879972711156 2 982 3 2222
388 -5.6044760291477802 -8.3185801102268915 29.999464635688565 208 108 83 0.4509597329110383 2 1697 3 2228
389 5.3000828722634408 -13.863632228301245 28.022862960459712 167 75 54 0.5288014748692319 4 982 3 2242
390 -7.4062111556282169 -19.046117427330689 25.527773312231425 247 137 104 0.75954577966910619 2 633 3 2256 1 216
395 -15.004550436384978 -10.674596167668787 25.277626857821833 228 125 98 0.084506380512350918 2 1431 3 2295
396 5.70360196722888 -17.881956426941205 27.810041642247175 0 0 0 0.51039669362541518 2 789 4 740
397 4.7209685477339463 -6.0541127810605397 33.882154256334864 162 85 70 1.1866818629230027 2 1868 3 2354 1 1302
398 4.8701635824402283 -16.044657188535261 29.310145440877324 217 114 87 1.5475172420723147 2 1006 3 2363
403 -9.6662115812159737 -13.361838192598777 25.625989233292767 227 123 90 0.18336083798405081 2 1191 3 2390
404 -8.6549599941635371 -20.902891596375486 24.80973708845308 229 114 86 1.0295233562779413 2 418 3 2400 1 43
405 -4.513203024863663 -7.4927241327004293 30.546370152445402 186 85 62 2.5334775629051518 2 1762 3 2448 1 1255
407 -9.8930605389007447 -3.7770824544514898 28.431346562555575 215 105 79 0.15627065155846934 2 2076 3 2462
409 -15.049646972290892 -14.62770573380479 24.306467025838657 228 125 96 0.56021285519133501 2 1025 3 2465
410 0.5285649555056019 -19.026482412131177 27.124802302811862 222 118 89 1.2023230803163287 2 694 4 491
411 -5.2975252310808836 -18.120413210430129 26.653329436002902 216 117 89 1.0120029835247435 4 417 1 348
413 -8.4029344230786727 -9.7579045002106977 26.87432584249855 214 104 79 1.0252545926686301 3 2548 1 1073
415 0.56428642124461115 -20.793104834206432 26.89324195672047 224 114 92 0.87228411366506509 2 505 3 2590
419 10.948329216807505 -21.609135967592636 26.813806644932573 0 0 0 0.19532040879926477 2 390 4 484
420 5.3408840741659764 -4.9883951741146975 35.595419363910942 124 62 44 0.36714859088915719 3 2658 1 1357
421 5.4010105064781779 -0.96475177439605064 32.487460434848344 153 76 55 1.6187641074753552 2 2176 3 2682
423 -7.2097226566602597 -21.121537415842599 24.824313143391372 229 120 91 0.33277935249167734 2 385 3 2698 1 18
424 -10.692052001286672 -15.36555262072125 25.752516858558998 241 129 99 1.6261671598711807 2 987 3 2720 1 600
425 -10.778352855130509 -12.161653946082019 26.598711556668455 0 0 0 0.33402794162130323 2 1334 4 757
426 -12.094159409765412 -8.4603928722632133 26.520078625635147 228 117 88 0.75233680017616811 2 1648 3 2747
427 -7.0986738136338685 -20.405859373335183 25.140389200065545 230 117 84 2.1926370483594813 2 479 3 2757 1 94
428 -10.97545334680273 -15.603375385335999 25.453644215811927 231 109 84 0.28473568249728393 2 960 3 2758
431 -4.8946616774957699 -10.743224602071805 29.461107918896122 196 94 68 1.7688514807444122 2 1476 4 1083 3 2781
432 -10.070740220064692 -14.484348770900413 25.309840171465147 233 115 87 1.8735174268090018 2 1064 3 2795 1 654
434 -1.0869276544522721 -21.429310535031345 26.503808738081112 197 110 84 1.0314267480517545 4 210 1 63 2 444
435 5.1597947966840438 -3.4807556777183564 35.250810509311272 164 88 70 1.1747127414320293 2 2032 3 2830 1 1421
436 1.0623524003167648 -21.575867772699979 26.417199156322571 225 115 83 0.50551614905746345 2 416 3 2831
437 -10.099041133147617 -11.586581800325535 27.316422056833296 226 112 89 1.7411724297447533 2 1390 4 851 3 2841
440 -14.380618666228287 -15.236264719528528 23.643808139983065 220 114 90 0.012573267718630226 2 923 3 2950
441 3.7503524877763508 -20.71037358787347 27.948515128411696 221 116 89 0.65825801470135592 2 570 3 2963
443 5.0570884801006546 -18.997101251860876 28.378814038722727 232 136 111 1.3964283524791954 2 744 3 4
444 -5.9205982655255092 -17.272955988171965 26.194145497474466 226 122 98 1.0353753367627101 2 819 1 406
445 -7.3081395002675889 -10.168227077983161 27.430782808274884 206 101 78 1.7907273537210671 3 62 1 1047
446 -4.1145836889955332 -21.43341488980057 25.199889983650106 207 104 85 2.38418597928381 2 369 3 174
447 -25.323553806038159 -1.6651866842912646 34.584147045301549 242 149 121 0.45058565281185203 4 1493 3 191
448 -7.6682264232186883 -19.35025484534339 25.677252333263411 241 124 93 0.48924003094883028 4 162 3 193
449 0.61853567405121201 -15.499430198886008 26.293014277903779 201 104 82 0.59827374834975156 4 721 3 260
450 -7.7602407588469919 -19.109795698583589 25.82587575516262 242 137 99 0.6958243301549949 4 201 1 239
452 4.8499572844016896 -5.6444607536809803 34.231697850349356 155 82 64 1.8333809986531566 2 1895 3 349 1 1322
453 -9.7520001566707784 -17.591786167478972 24.757890501257425 227 111 82 1.9298265324854036 2 740 1 302 1 319 4 177
454 -8.5527343792955968 -20.2845759401613 25.546792573635607 229 124 87 0.10822687748874006 2 520 1 139
457 -11.920391935762847 -6.278844318674901 26.721333925747917 211 108 84 0.48526783902092152 2 1874 3 691
458 -10.267224968976493 -14.114938885875063 25.895410261310399 226 115 86 0.80555110822375919 2 1135 3 708 1 715
459 1.9552088269575474 -6.9968307486410088 33.490393995384785 187 102 83 0.03082843504915991 3 743 1 1269
460 -10.857742135502143 -14.538826808942993 25.941851984408988 230 111 85 0.076830693057673413 4 529 3 755
461 -0.84521990779728318 -11.244685065120485 29.928108816343045 202 106 82 3.2819553594396593 2 1433 3 920
462 4.4761339636283486 -9.7837788719897958 32.875973034499793 163 78 54 1.3317741944227564 4 1489 1 1084
463 7.552676668407682 -13.437915094140093 30.39620463847023 183 83 55 0.99099161792064649 2 1254 3 1078 1 759
465 7.2438288079515472 -19.077391010614882 29.595559064580296 209 112 86 2.5265721619651904 2 779 3 1339
466 -1.8367417072207883 -8.4142055536817821 31.480060926074419 184 87 68 2.4643980871499727 2 1698 3 1341
468 -10.878594793623536 -17.839323936399669 23.901316650953678 214 108 78 0.89727257805268712 2 669 1 238
469 -10.04771191470031 -17.550963236147332 25.041724067521503 233 117 86 2.234029030253847 2 758 3 1442 1 336
471 -12.018506421426288 -18.620668186716728 24.562754925664148 195 93 75 0.39232303868845009 2 631 3 1640
472 -1.5395995808915428 -16.780750431574379 28.292993669262305 214 111 85 3.4120895490272036 2 949 3 2022
473 10.991339272160479 -18.188761172820165 30.320992845979422 203 100 76 1.4738845368922064 2 844 3 2121 1 408
474 -7.8284012017287168 -4.904150181572664 29.760198466433973 222 111 80 3.323254801160576 2 1967 3 2160
475 8.0799992475081979 -20.694966420536467 29.343780004418615 213 113 86 1.0772350302062297 2 636 3 2206
476 -8.0960793084345948 -8.5121503845178808 28.228906426579709 213 106 81 0.87717211281118224 2 1656 3 2269
478 11.242794117102084 -16.415418954783995 31.143802535401903 200 97 72 0.74726293935444132 2 1009 3 2310
479 -0.29896961457950499 -8.7143502140388804 32.490571226310038 186 85 62 2.8423652168748861 2 1682 3 2369
480 -4.2811923946803692 -7.5685002836938216 29.481068074255216 199 103 79 0.29208897504908521 3 2371 1 1229
481 -12.170240411268376 -14.884539978325963 26.310026318961906 220 110 83 1.355224716284096 4 490 3 2382 1 700
482 -12.584320939128769 -14.802708925733116 24.722094631911439 213 109 87 0.99684654969527686 2 1008 3 2432
484 -12.257582882951196 -18.456230485412259 22.911633999752244 207 105 85 0.075163175091733342 2 532 1 123
485 -9.0262755275659501 -19.277147939534469 24.18800293747498 231 118 81 0.82683787840582978 2 523 1 122
486 0.29773374923744528 -21.674001119461302 25.517425149033102 211 131 105 2.2587184875297024 4 127 3 2870
487 -9.6668112446606429 -19.974366692536993 23.305804227552695 221 107 84 1.317555427381413 2 389 1 1
488 -9.3933984313701675 -21.259917529883214 24.661581430050703 238 135 109 1.0177339468839852 3 1916 1 3
489 6.9962800892888053 -23.232381764207663 28.610103501948348 162 78 61 0.76068106920564693 3 492 1 12
490 -13.789550309992814 -19.614230206769179 22.53802347326101 212 109 85 0.37982445234222917 2 394 1 16
491 -3.811705961896958 -21.551439220441662 25.845586289793786 203 100 81 1.7561404673002743 2 401 4 64 1 32
493 -7.9696313373673675 -21.196042593467649 25.268515822092663 231 118 86 2.2610942410336796 2 419 3 1492 1 44
494 -9.2896182075447484 -19.927883604565803 23.873588564977631 228 108 82 1.1615296867679306 2 442 1 55
495 -3.8055865117197833 -21.339580153093561 25.952454709280467 201 101 80 1.1004938336299102 4 91 1 56
497 -9.14581723933156 -20.570285668555599 24.796268391215278 244 133 99 1.3368122843225181 2 449 1 70
498 -2.6740440627126798 -20.927251754981626 26.093320016229555 202 106 85 0.30805778025580588 2 474 1 76
499 -13.089046564606157 -18.463765064993851 22.401616440934593 227 127 97 1.9057758648905532 2 503 1 92
500 -8.7627599165374637 -20.164180537716835 24.786514115964607 241 145 109 0.20392812362973839 2 488 1 97
501 -11.137357359699804 -20.092145541915301 25.001550646387773 0 0 0 0.8899860687543848 2 504 3 2480
502 -12.430909451240852 -18.081009175860824 22.359537005023494 221 118 91 0.07686623471447987 2 531 1 113
503 -9.6563072107310681 -20.144293024173439 24.996257614006353 229 115 85 1.8058105340177191 3 391 1 114
504 12.520989740766298 -23.403097452501505 31.609487605362876 123 61 48 0.56511200074615087 3 2379 1 126
505 -0.97357302285165204 -19.939769627150962 26.491301878975598 215 111 87 0.32776935486027375 4 345 1 157
506 7.2850892077333649 -20.860246530017481 28.997484042907512 179 96 76 1.4245414699219199 2 598 3 923 1 164
507 -3.8276654194699455 -20.045983068138192 26.427916193027539 216 111 87 1.1222161914598832 4 265 1 167
509 1.6488730066688764 -19.041403276060112 26.41390618536478 209 107 84 1.7927063555197584 2 635 4 461 1 192
510 -1.94162217139907 -19.803783266748951 27.359554451148284 224 121 95 0.94850144364989497 3 2391 1 226
511 -1.4127560459826938 -19.836272712217699 27.477077827865074 219 111 86 2.1094425951185998 2 649 3 30 1 228
512 -7.5576464845387292 -18.888616590514911 25.684072906426305 230 122 87 0.73153474699421095 2 655 1 244
513 -7.0161714346825184 -20.039425406852271 27.233638219881524 232 126 93 2.0161569207663965 2 647 1 248
514 12.212903749590572 -20.168421870326132 30.476708842741516 137 69 55 1.7744874191594593 3 917 1 250
515 -7.4650840809959194 -18.712380032904665 25.796438136219866 231 125 88 1.9520685710942878 2 675 3 1453 1 257
516 -1.1138364009095623 -19.036069419017508 27.257825469305317 217 119 88 1.1935299009322504 2 696 4 474 1 266
519 -12.824664449697856 -17.882793641510013 24.625871913517258 213 117 98 1.4395320068124979 2 723 1 305
520 -7.2213467950486905 -17.908807175122767 25.544173891494182 235 118 87 0.39861404363297659 3 2017 1 309
521 -10.936306554720289 -17.569858417792446 24.554922258278527 240 135 99 0.34033443971844379 2 737 1 311
522 7.6751868181951171 -19.073066612735314 29.715417544770549 176 94 76 1.2308152682466988 3 1848 1 324
523 6.2699341384523093 -19.530210813225917 30.036289771928089 178 93 74 0.3552133795074861 3 2324 1 330
524 -11.602311738315976 -16.431792954967488 23.588729718054815 225 115 91 1.5598511147082001 2 782 3 1959 1 356
525 -10.063698471843013 -16.915351300370574 24.51232722668426 242 126 95 1.5924441013763175 2 778 1 366
526 -9.8582555924435713 -17.67034535018351 25.767432551665493 248 160 120 0.70161117085239499 2 783 3 2575 1 377
527 10.580568852586341 -18.576403552426338 30.612201855177528 152 78 59 1.0568796223231536 3 2284 1 387
528 9.6206830824083625 -17.030138708850416 28.333362337177075 151 76 58 2.0201301793557258 4 880 1 393
530 -1.1207982189106784 -16.922387823330265 27.524613464504128 222 113 81 0.72525274949439489 2 893 1 451
531 4.3708524964799684 -17.961507479952346 29.992930180090884 198 102 76 0.19456245837639327 2 894 1 453
532 -9.5974906760497927 -16.267538294264501 25.150295484475237 248 155 116 1.7040559838558966 3 540 1 462 4 342
535 -1.617174666785556 -16.899516525261777 28.346288465447184 215 115 89 1.0249907899844115 2 929 1 502
536 3.601525679445416 -16.486197407673679 28.951208806665001 203 107 80 1.2123768984029883 2 961 1 507
537 -9.3580965441259369 -16.04511752768952 25.844272423153555 236 133 95 0.60555357813791433 2 928 1 513
538 -8.2513299859941878 -16.159275424521006 26.512472969690638 242 148 115 0.92692850972635321 2 943 3 2673 1 531
539 -1.0743807240002519 -17.167484606800755 29.56503194952959 209 114 92 0.35695286453120362 2 958 1 532
540 -12.671618025613819 -14.482139632403163 23.748822664487538 0 0 0 0.20647506650477043 2 995 3 96
541 -9.8996926019514664 -16.115950589395499 26.727330777543575 237 138 94 0.24891077312516388 2 970 1 569
543 -15.372847400438953 -16.683139255756775 26.780268945877335 231 125 99 0.67146712987784629 3 2037 1 587
544 -8.3056274804921486 -16.256563094836942 27.812478628633109 229 113 95 0.18907504391694602 2 996 1 609
545 -15.178028863905435 -15.876138739129846 26.092028564233161 237 125 101 0.35895022760113415 3 970 1 625
547 3.2409840581057923 -15.627544368525649 29.962740672941951 159 73 58 1.4663954718041681 4 936 1 645
548 4.1123871073958762 -16.308700024818119 31.239115044829571 156 74 58 0.17240039469947882 2 1075 1 649
549 4.2382874559294281 -14.67173036138464 28.952362523488375 150 68 52 0.19464992921223964 4 955 1 660
551 4.9604492460120184 -13.802415500759825 29.339787015852231 150 75 60 2.3356621736060248 4 1048 1 735
552 -9.8090727430288833 -13.340097124426794 25.517380651128683 0 0 0 0.33478141947979656 2 1190 3 2661
553 0.5487285690645054 -13.688183014645801 28.871160219890317 164 81 63 0.72311878458653533 4 944 1 756
554 -9.7213188604580019 -12.500759544587703 24.184351803755028 244 158 121 1.1609076890321668 4 571 1 760
556 8.9771469258845169 -12.687008984284127 30.251855610509377 148 83 59 0.94003331615693997 2 1295 1 792
557 -10.867400621089295 -13.220917373065316 26.158699822038368 244 138 102 0.55723076717567921 2 1228 1 803
558 -9.3753511179999833 -13.122225199959734 26.443937059290509 225 118 97 0.73822985302151167 2 1239 1 805
560 7.8796146951194688 -12.44591327339994 29.739438219374239 129 59 42 1.6795672945256408 2 1306 4 1244 1 810
561 8.8326803357911601 -11.839592138022734 29.275982412336685 200 147 127 0.66132375717333924 2 1330 1 817
562 7.1097539899011535 -16.713581583244714 38.401670419160169 142 73 58 0.17825596527106602 2 1249 1 818
563 -10.664678323675433 -12.867892562974006 26.235732058042817 254 154 117 2.4611577631551373 2 1268 1 825
564 -11.478380701844666 -12.479197851199181 25.536940746907625 237 127 94 1.0344530223703163 2 1282 1 845
565 -8.8577192401459257 -12.899114745082663 27.421308279544057 232 128 87 0.12565284767948348 3 1423 1 857
566 -10.541338447919911 -12.947032892845366 27.140513807312715 242 136 103 1.9493446449459864 3 99 1 866
567 8.9889088303000175 -11.283052715942967 30.328850329505954 136 59 48 1.9431712364796851 2 1387 3 1381 1 884
568 9.7635473679215519 -11.031850625477592 30.343032804029541 140 84 60 1.8800475679780828 2 1394 3 1626 1 900
569 -5.4543989521902656 -12.132849544945376 28.494617363884888 0 0 0 2.0020689872024278 2 1351 3 950
570 -3.6323397644581434 -11.970735388737792 29.06595743546907 182 90 71 1.2259823145555331 4 1004 1 923
571 3.7132966373552958 -12.132756340409504 31.513136253591924 162 77 63 1.7222924296957642 2 1375 3 886 4 1266 1 924
572 -2.8599528235248939 -13.136087540872015 32.181447722317621 177 94 76 0.48827548875491544 2 1362 1 934
573 4.8984737945067174 -11.719187533930594 31.856936530082724 155 83 64 1.7094705663132597 4 1347 1 939
574 -10.718828719755479 -11.402181444866841 26.761512125010654 239 136 98 0.88455689385523228 3 925 1 968
575 5.0021066610385212 -10.683990221444033 30.445758993672491 133 63 45 0.37191867058998618 2 1445 1 969
576 -6.3781796402529602 -11.064421804876888 27.826952515815751 198 99 78 1.6809506271624022 2 1410 3 751 1 979
577 10.175518732396576 -9.4550587232534991 30.007079105855397 175 94 76 1.9788484435883285 3 5 1 980
579 7.3242370079599404 -11.010674289268305 34.032112367880167 121 64 48 1.0779486147042929 3 2551 1 1017
580 -10.953111929884432 -11.054015494703815 27.611379759906026 228 119 88 1.3236393034414413 2 1442 1 1023
581 2.0281372643145192 -10.333544223843415 31.500257843899103 160 79 61 1.0646429872484995 4 1368 1 1037
582 7.6165361085196324 -11.199443820339047 36.179023108467966 117 63 52 0.24373861053913143 2 1516 1 1043
583 -7.6062603567904574 -9.8898774197063481 28.456649370799866 203 101 79 0.54511208536685984 3 2690 1 1088
585 -11.495571202941004 -9.3405836946843692 26.920941959936528 241 137 104 1.6392838600466353 3 2089 1 1133
586 -9.0257295397450914 -9.4847900857858569 29.354188505441535 225 118 88 1.105366615205964 2 1611 1 1140
589 -3.3322601168663759 -8.5019931463271696 30.51681015506432 178 90 72 0.0034223118361093306 3 2373 1 1166
592 5.4976678293367671 -8.155209823538728 34.886652621134068 112 52 41 1.532125581638202 2 1719 3 2094 1 1177
593 -8.4582294336079507 -8.0739909428895729 27.357733788573253 233 131 93 1.5478442848674936 3 919 1 1185
594 -3.0381785295131025 -8.3786198789949697 31.607479360287684 171 83 67 1.0958486956787981 3 957 1 1191
595 5.3679004723599091 -7.7821479687077408 34.703495039042643 114 59 48 2.0923650451902387 2 1747 3 750 1 1198
597 5.0896308270090413 -7.3973055958599732 34.088797035524792 108 53 42 1.5339066288738457 2 1766 3 1817 1 1220
598 -13.098220605933115 -7.2163972641864564 23.794845888056734 227 127 97 1.36502222611944 2 1734 1 1248
601 -5.793746619487413 -7.5617522143784175 30.54953913383207 201 100 75 1.0558553363128176 3 1539 1 1264
602 -9.7688766488593171 -7.4676570099657962 27.938221953461245 228 120 86 1.8855740734580233 3 2377 1 1274
603 -9.8537962152520642 -7.1005318789331673 27.103879983116332 231 123 87 1.89701123533581 3 378 1 1292
604 -6.5296073241432273 -6.81105388338091 28.237196721448644 212 106 75 0.85059065159112968 3 2127 1 1293
605 4.7118448842626499 -6.2028978110643269 34.85428253651461 121 65 52 0.34997485564976194 2 1867 3 1204 1 1301
606 9.9071372387868184 -4.1228225219580166 31.558464258264873 118 50 37 0.32755322798420483 3 1289 1 1331
607 2.3070066005305967 -5.3123079206620796 31.768215930164359 143 75 55 1.6798454233506304 2 1901 1 1335
613 -10.801919850660553 -4.9508165245958971 27.551965771292899 234 126 92 0.069360747699390088 3 1815 1 1440
614 -0.41657154725308576 -4.0728500328146851 35.512021690118921 148 78 61 0.9862796759484731 4 1806 1 1441
621 7.5765226340878389 -1.5741073966744996 32.488059282435323 109 48 36 0.79815750355523218 3 1960 1 1488
622 7.2697719813494679 -1.4216517787521077 32.320630583831075 112 50 37 0.72193822915754791 3 1349 1 1493
625 10.886642521209811 -1.1010295612463632 46.406274671359938 116 55 41 3.2408058889245082 4 2316 1 1520
626 -5.2335047273867197 -2.2668897171322757 32.247113011968608 180 88 67 0.54031282289079419 2 2161 1 1545
629 2.0767767739856904 0.0091540376975269861 33.452570200210005 159 78 58 1.036758253373651 3 251 1 1593
630 14.536840283962071 3.7677364372418531 47.344679881483884 127 62 45 2.2546497141732096 1 1623 3 74
631 -5.1926404755557263 -19.884707081530021 26.204943305851057 97 47 38 1.9467045174379134 2 572 4 238 1 175
632 10.292228819464494 -8.1899354038834158 32.12926795942542 151 69 53 2.0528765459600309 3 2463 1 1100 2 1640 3 1200
633 5.4116995725827737 -4.5851356120530706 36.222540283994107 49 24 18 1.0214053560017635 3 207 1 1369 4 1876
634 -0.75202079809527456 -20.4908732958055 25.29007778133494 211 112 92 2.9948761130703216 2 440 1 41
635 -8.2929130035002441 -21.081913519785967 25.039755953634977 226 109 79 1.5643409583441732 2 404 3 1807 1 47
636 -8.5916499362105103 -21.121379937234423 25.080818907546181 228 112 83 0.076771091122951496 3 684 1 52
638 -10.845590701226287 -18.102967040282913 22.653173129372615 210 112 90 1.9860183487019518 2 533 1 121
639 4.4767655612003079 -21.473888979846823 28.911879262581618 189 87 67 0.017580260788673217 3 327 1 152
640 -12.710728124331514 -17.087536963029478 22.142134518773993 211 108 86 0.39313638857030747 2 626 1 187
641 0.78778823996156377 -21.426707559378599 29.019176469796353 206 99 75 1.4062216858086027 2 581 1 188
642 -7.2875545426043047 -19.383240157975596 25.786302786413966 235 129 97 1.8090520976573674 2 606 1 211
643 -8.702079925233333 -19.478308526323438 26.004998405827983 243 141 104 0.30145512341051789 2 622 1 229
644 -9.8508681868039449 -17.527795188672954 23.958425669278892 241 151 113 1.57524109664794 3 1610 1 259
645 10.847000508443996 -19.648333738261041 30.272166544876939 142 70 55 2.8411874454340875 3 1671 1 283
646 7.6441657973626604 -17.714293671390102 27.590944817408811 168 86 70 0.4637511865990116 4 778 1 299
647 -8.8682146989636195 -17.983110320557401 25.992143400479836 243 155 114 0.35073952494737526 2 762 1 353
648 -11.76316912928532 -16.423355342267168 23.97692558568178 238 132 99 0.35822321733824913 2 808 1 395
649 -9.2839505749043916 -17.625240472465915 26.159072856511063 243 166 124 0.93466194111555323 2 798 1 412
650 -12.93055229820234 -15.091332361662284 22.328820951974002 245 131 107 1.7692544785855904 2 862 1 421
651 -11.148290708380475 -15.609975268008396 24.977767179733572 241 120 93 2.9988648154493776 3 1118 1 511
652 -1.5112928114285513 -15.401608464401823 27.307139437215238 201 109 88 2.8745149544036082 4 732 1 571
653 -2.8855832730744577 -14.529971340638477 26.600703167241857 206 110 86 1.3349314445805547 4 730 1 627
654 2.8484917244763119 -15.430182409070444 29.392113534329511 160 77 62 0.48519362417280321 4 920 1 636
655 7.8736486707404243 -12.966787307678308 30.316109960143297 137 66 49 0.6922724249994614 3 859 1 785
656 1.2384283662877027 -15.997797267906098 34.890963910837932 167 82 63 0.71439908806861974 2 1229 1 809
657 8.8148941383543047 -9.6824064593629071 28.975191127332636 139 66 50 2.6240203415570926 2 1462 1 957
658 9.5531154363582154 -9.7465137880407955 30.325203739884923 139 67 53 2.1539966500888816 3 1037 1 975
659 -12.297246980149334 -10.968525535351548 26.483750723503523 240 141 109 2.769947388494669 2 1432 1 1008
660 -1.4134052624939204 -12.97848933682908 35.918675038429804 166 89 71 2.0335840544960906 2 1443 1 1014
661 -1.5101903103247278 -12.253349836416886 34.513798010495485 162 84 68 0.94411842875714536 2 1458 1 1025
662 9.9022752049199472 -8.5238265156795432 30.61535436511965 129 61 49 2.7524492360842538 3 1120 1 1057
663 12.915010381937233 -10.701487292369322 38.535271420107186 91 39 33 0.92705524017819507 2 1565 1 1074
664 -7.5797689289755175 -11.24644342264183 31.85315020646166 201 100 77 0.03920985504059761 2 1509 1 1079
665 -4.6103903305555853 -8.7988640269341367 27.296055007541785 195 97 73 0.92485357871036933 3 1192 1 1102
666 -12.901124313876396 -9.4910280103301545 26.050114054397689 238 136 100 2.2089989596477881 2 1563 1 1109
667 -7.9448489926401047 -11.095731610672724 34.172359943615682 203 98 75 1.2679577664500186 2 1572 1 1127
668 2.2100233795671995 -8.7994715289156034 31.553397234045082 0 0 0 1.0285986145081287 2 1636 3 2927
669 -4.5240980448602182 -11.432583217992475 36.968994130315707 174 90 74 0.65728847741085472 2 1579 1 1132
670 0.036493766668348179 -8.7932452312681058 32.095514152029786 169 84 63 2.2060188927865698 4 1456 1 1147
671 -0.47945225181948353 -10.576034539609502 38.225782231187551 160 76 57 0.37067685232331904 2 1632 1 1159
672 -2.5229937486881768 -8.4660542101346188 30.243702545407277 176 88 72 0.64280852846110581 3 1689 1 1161
673 5.505573994806622 -8.4131327141062346 34.736651365807766 112 54 42 1.6763526146783327 3 1093 1 1167
674 -14.93746230426714 -8.9687549211628692 25.993358021783919 234 132 105 2.6841647875668069 3 2203 1 1169
675 -10.390088421275182 -7.7468785091754047 27.293446804795181 226 113 78 0.88877823086143481 3 801 1 1240
676 6.3829889831700353 -5.0172860400662644 27.408293065307983 88 44 36 0.39819150124521008 2 1860 1 1265
677 -8.6393365816148187 -6.7603757048153472 27.316823707638601 228 122 92 1.0527252125355231 3 381 1 1300
678 -9.3141203437992015 -6.8020046901711231 30.40380437418608 234 129 101 1.2346625593992444 2 1856 1 1334
679 9.2256148862041059 -4.4034563814834398 32.602837342985794 75 39 34 1.2541759814381823 3 915 1 1336
680 1.9385235486120078 -5.7405308552086822 36.290388199112755 150 79 57 2.3712942619896862 4 1773 1 1350
681 8.6086307233454296 -2.5572375827662093 33.779978956402715 0 0 0 2.1390863348059632 2 2070 3 439
682 7.0131031987532042 -2.059718976881189 34.233611297796536 96 42 33 1.1742603505207687 3 1445 1 1476
683 -10.629008741710656 -3.9829549173633096 27.456801832125144 226 116 87 1.9296077497553159 3 2613 1 1499
684 -9.7900129552023945 -3.7651937074313575 27.722192063980927 215 113 83 2.8819924563330703 3 2076 1 1506
685 -9.3525761000498431 -3.5486617866186356 28.607727348346433 215 103 75 1.7122553522172981 2 2100 1 1510
