f_0064722.png f_0064886.png
5 2
32 18
40 31
85 84
86 43
101 77
102 78
112 83
135 36
148 186
154 35
155 24
176 96
197 5
204 201
216 143
217 115
221 46
223 7
225 208
236 194
253 51
257 311
268 138
270 8
277 236
279 223
282 26
294 136
299 242
302 262
303 154
310 283
314 16
333 195
344 277
347 68
348 37
356 74
361 97
363 331
373 198
379 45
389 306
390 269
391 66
392 70
401 67
415 254
417 111
423 279
425 58
429 391
433 386
435 92
452 129
456 100
459 11
461 498
464 106
484 423
501 132
502 140
509 76
515 116
527 150
536 722
537 670
544 112
553 477
555 503
566 478
573 182
586 491
588 89
589 616
591 504
592 400
596 557
599 184
600 187
604 523
605 492
620 265
622 166
627 218
640 141
644 537
650 271
652 202
657 205
663 239
667 567
672 575
687 273
689 249
691 188
697 142
704 228
707 418
714 248
728 259
736 592
739 250
747 789
751 312
753 705
759 641
760 577
766 640
781 342
783 307
787 624
790 303
796 341
797 352
806 363
807 350
808 233
809 234
816 323
819 388
821 313
822 284
828 364
829 344
834 668
847 719
849 714
853 778
863 738
871 715
877 938
886 694
889 479
895 745
906 824
918 463
919 353
923 766
924 494
929 510
931 450
934 780
936 532
939 706
946 528
947 403
950 1038
957 1041
964 547
968 828
970 433
974 378
976 533
984 520
988 614
993 554
1001 470
1002 414
1009 658
1032 867
1035 583
1036 891
1040 607
1043 834
1045 601
1046 584
1051 644
1070 688
1073 562
1079 511
1088 736
1090 634
1114 892
1122 512
1126 940
1132 595
1134 990
1136 716
1145 713
1146 681
1149 585
1153 1071
1156 659
1170 781
1172 602
1173 630
1174 1190
1176 977
1185 759
1188 1077
1197 660
1201 782
1213 786
1219 1157
1228 677
1231 797
1232 810
1237 813
1263 1446
1264 1336
1268 654
1272 1058
1277 760
1278 731
1280 1133
1285 695
1291 829
1293 691
1297 1085
1300 918
1303 814
1305 798
1307 953
1308 872
1311 746
1313 1471
1320 917
1323 753
1324 1316
1326 1132
1330 851
1334 721
1335 1352
1336 1158
1353 803
1354 804
1368 885
1369 737
1371 1047
1372 884
1375 1477
1377 961
1378 889
1381 962
1386 707
1387 1060
1390 1028
1391 948
1392 932
1394 926
1395 858
1396 873
1397 954
1398 763
1404 852
1405 830
1407 775
1412 1022
1414 921
1415 969
1425 927
1427 1503
1428 1234
1431 1584
1435 1601
1440 733
1443 1406
1445 1282
1446 1171
1447 1072
1450 1273
1453 900
1454 922
1455 854
1457 1518
1458 1000
1459 988
1462 1348
1465 1097
1467 1036
1468 1590
1470 1204
1474 1136
1480 1230
1486 936
1488 1484
1490 941
1494 1196
1502 1172
1503 1052
1504 1031
1505 1185
1510 1079
1514 1482
1517 1216
1518 1206
1524 1675
1529 937
1533 1340
1536 1207
1537 1140
1540 1305
1542 949
1547 1002
1552 1116
1553 1101
1569 1617
1583 1549
1589 1268
1592 1164
1593 1008
1595 1360
1602 1081
1606 1149
1611 1066
1612 1075
1613 1054
1617 1408
1618 1771
1619 1729
1641 1102
1643 1409
1646 1328
1648 864
1651 1724
1652 1804
1656 1292
1658 1103
1663 1144
1666 1361
1667 1342
1669 1003
1673 1434
1675 1129
1678 1792
1680 1218
1681 1143
1684 1700
1687 1295
1690 1642
1706 1495
1709 1177
1713 1334
1726 1891
1729 1324
1731 1242
1732 1130
1733 2097
1736 1509
1738 1506
1739 1296
1742 1805
1743 1685
1746 1364
1747 1232
1751 1388
1755 1680
1758 1211
1759 1180
1763 1542
1765 1335
1766 1311
1768 1493
1770 1528
1772 1278
1773 1459
1774 1269
1777 1725
1778 1681
1780 1496
1781 1381
1782 1243
1783 1219
1784 965
1792 1714
1793 1462
1794 1460
1795 1302
1796 1223
1799 1741
1803 1166
1806 1343
1807 1279
1810 1870
1814 1398
1817 1899
1820 1435
1821 1436
1822 1417
1823 1930
1827 1585
1828 1454
1829 1442
1830 1443
1831 1363
1833 1298
1839 2074
1841 1782
1844 1376
1849 1428
1851 1535
1852 1463
1867 1308
1872 1478
1876 1591
1877 1444
1878 1286
1880 1448
1891 1270
1893 1657
1896 1252
1897 1155
1899 1816
1901 1974
1905 1507
1908 1489
1910 1568
1918 1701
1924 1449
1926 1918
1928 1425
1929 1658
1933 1391
1934 1900
1941 1659
1942 1632
1945 1260
1947 1743
1951 1345
1952 1860
1955 1593
1959 1313
1961 1761
1962 1664
1965 1716
1976 1500
1977 1508
1981 1789
1988 2064
1989 1919
1993 1922
1994 1824
1995 1660
2002 1581
2005 1524
2007 1767
2011 1697
2018 1717
2019 1687
2021 1400
2024 1794
2026 2256
2028 1604
2029 1472
2031 1412
2032 2154
2033 1993
2035 1852
2039 1533
2041 1479
2043 1401
2048 1828
2049 1745
2051 1537
2054 1801
2058 1594
2067 1808
2076 1734
2079 1886
2083 1704
2086 1947
2089 1546
2090 1553
2091 2398
2095 1836
2102 1473
2104 2065
2105 1846
2114 1719
2117 1582
2118 1534
2120 1920
2127 2209
2128 2210
2132 1895
2133 1560
2137 1829
2138 1768
2142 1887
2144 1646
2146 1608
2149 1822
2150 1830
2161 2104
2162 2113
2164 1705
2172 2452
2176 1765
2180 2131
2182 2057
2187 2469
2188 1672
2192 1690
2201 1817
2202 1776
2211 1924
2212 1869
2218 2048
2219 1711
2221 2170
2227 1797
2228 1620
2234 2222
2237 2105
2239 1818
2240 1633
2245 1843
2251 1786
2253 2123
2254 2043
2258 1949
2263 2146
2265 1833
2268 1638
2276 2399
2278 1979
2279 2477
2282 2268
2283 2107
2284 2059
2286 1831
2287 1766
2289 2267
2290 2202
2291 2044
2292 2031
2297 2058
2298 1987
2302 1693
2303 2067
2306 2181
2307 2011
2310 2306
2312 1791
2315 1820
2316 2325
2324 2348
2327 1737
2331 2337
2332 2363
2334 2060
2335 1879
2336 1849
2338 1769
2341 2447
2346 1777
2351 2046
2353 2496
2356 2082
2357 1874
2358 1780
2362 2147
2364 2099
2365 1905
2368 2478
2371 1903
2376 2194
2381 2012
2383 1915
2387 2177
2388 2195
2393 1962
2399 2133
2400 2134
2409 2152
2412 1988
2420 2383
2421 2279
2423 2184
2425 1827
2426 2426
2428 2320
2430 2178
2432 2171
2434 1925
2440 2384
2442 2157
2446 2027
2450 2100
2452 2490
2454 2004
2459 2556
2464 2185
2472 1999
2473 2432
2474 2411
2477 2226
2491 2259
2493 2084
2494 2052
2499 2005
2505 2215
2508 1917
2511 2115
2512 2150
2516 2572
2522 2433
2532 2546
2538 2036
2550 2127
2551 2274
2554 2339
2555 2620
2557 2095
2560 2395
2563 2329
2570 2640
2573 2290
2575 2136
2577 2291
2583 2280
2588 1863
2597 2200
2598 2760
2600 2294
2601 2201
2610 2365
2611 2340
2612 2292
2624 2405
2627 2229
2629 2761
2637 2642
2639 2558
2643 1946
2645 1929
2647 2762
2648 2707
2649 2542
2652 2672
2654 2261
2659 2137
2661 2883
2663 2498
2674 2331
2677 2413
2690 2216
2693 2304
2698 2323
2706 2203
2711 2517
2718 2927
2721 2505
2725 2835
2726 2523
2730 2356
2732 3037
2733 2956
2734 2428
2735 2371
2738 2281
2739 2162
2740 2702
2742 2724
2743 2508
2745 2255
2753 2446
2755 2283
2759 2813
2767 2525
2770 2770
2778 2958
2780 2344
2787 2837
2788 2787
2795 2449
2796 2625
2798 2350
2800 2313
2802 2972
2806 2324
2807 3077
2810 2661
2814 2587
2821 2596
2823 2332
2832 2588
2835 2822
2836 2710
2837 2560
2838 2461
2843 2647
2844 2632
2849 3085
2851 2741
2852 2913
2853 2829
2857 2873
2862 3082
2866 2902
2868 2713
2870 2576
2876 2372
2877 2345
2885 2824
2888 2617
2889 2518
2891 2397
2893 2901
2904 2567
2924 2488
2927 2681
2928 2528
2934 2663
2938 3116
2941 2682
2948 2869
2950 2754
2953 2917
2965 2538
2967 3122
2972 2893
2977 2961
2980 2602
2987 3040
2993 2668
2999 2749
3003 2894
3008 2946
3009 2903
3013 2592
3021 3033
3022 3028
3024 2764
3028 2947
3035 2698
3036 2714
3037 3034
3040 3152
3054 3046
3059 2607
3061 3090
3065 3022
3070 3017
3071 2967
3072 2968
3073 2933
3075 2844
3078 2502
3083 2840
3090 2519
3091 3220
3093 3059
3095 2969
3099 2975
3100 2921
3101 2773
3105 2976
3110 3072
3114 3047
3120 2904
3123 2986
3128 2999
3132 2896
3136 3098
3144 3018
3150 2858
3169 3134
3171 3314
3179 3226
3186 3207
3189 3257
3202 3276
3205 3053
3215 3065
3217 3186
3222 2923
3230 3078
3233 3264
3235 3197
3240 3113
3245 3337
3247 3191
3249 3163
3259 3235
3262 2792
3267 3108
3268 3000
3276 3179
3278 3026
3282 3119
3291 2990
3296 3147
3298 3243
3310 3204
3315 3129
3324 3462
3327 3222
3334 3201
3353 2898
3356 3165
3357 3317
3359 3164
3362 3115
3364 3271
3365 3173
3367 3486
3371 3253
3375 3263
3376 3198
3386 3131
3389 3174
3391 3167
3394 3244
3395 3223
3400 3325

f_0064636.png f_0064962.png
5 385
11 1054
24 823
40 596
54 1105
167 1207
203 750
225 1519
232 1047
238 612
246 1553
250 1266
251 1597
263 634
274 1002
290 649
291 822
304 1265
305 1369
315 707
317 1401
326 1229
332 744
337 1436
348 845
349 994
350 1408
360 1527
367 1133
405 785
425 288
429 975
436 863
452 349
456 1414
457 1686
458 325
462 966
473 673
490 915
491 1015
493 1776
513 1315
523 1219
531 696
542 1040
551 1355
557 743
586 1026
601 970
602 1062
605 1756
608 1690
609 1858
622 987
631 805
635 1750
659 1108
670 1376
686 1547
687 1995
689 695
698 1161
699 1772
705 739
719 721
720 1287
721 1380
722 1954
734 1885
740 804
741 1177
753 1771
760 1379
764 816
765 2008
771 749
772 826
777 897
796 1385
797 1534
805 1228
808 819
818 778
821 1876
828 871
829 912
841 2375
851 1820
862 870
869 855
870 934
874 1390
877 843
878 974
879 1039
880 1286
882 1851
883 2051
891 1253
909 895
911 918
912 1033
920 784
924 1314
933 882
934 1664
935 1736
936 1884
972 869
976 1926
984 1927
985 2044
1004 928
1007 1486
1014 1258
1019 1952
1021 1375
1023 2127
1035 1595
1036 2353
1047 1738
1071 1694
1072 2390
1081 776
1082 1001
1083 1367
1091 1428
1097 630
1098 702
1101 1160
1102 1448
1106 2141
1111 830
1127 2023
1141 1441
1148 2168
1149 2218
1153 1203
1154 1405
1163 1285
1164 1323
1165 2083
1167 894
1168 949
1169 1019
1171 1796
1191 2442
1195 2105
1206 1283
1208 1741
1225 2208
1239 1191
1240 1342
1246 2043
1261 672
1263 910
1272 1282
1274 1782
1275 2090
1281 1190
1284 850
1287 1516
1300 981
1305 2022
1316 999
1318 1341
1320 1545
1323 2229
1328 849
1339 1478
1344 947
1347 2049
1350 1045
1352 1979
1360 1088
1367 2021
1370 967
1371 1313
1372 1866
1381 1272
1382 1440
1383 1562
1386 2410
1396 1493
1398 1818
1403 1233
1405 2031
1406 2268
1409 1038
1417 1938
1418 2087
1419 2181
1422 1281
1423 1349
1425 1923
1432 1892
1439 1291
1440 1899
1446 1018
1449 1999
1450 2029
1451 2364
1456 2913
1461 1057
1462 1561
1473 1117
1480 1044
1483 1998
1492 1991
1495 738
1501 2027
1502 2070
1510 1403
1511 1625
1512 2436
1515 1013
1517 2244
1525 1201
1527 1560
1528 1781
1529 2586
1531 1029
1532 1093
1536 2500
1540 2013
1541 2286
1552 1817
1556 1148
1561 1897
1567 1111
1568 1732
1569 2415
1573 2186
1574 2636
1581 1973
1583 2357
1589 2173
1591 2289
1592 2308
1597 854
1599 908
1601 1116
1603 1372
1614 1413
1616 1949
1622 2343
1623 2777
1628 2232
1639 2198
1644 2062
1648 1604
1655 2568
1673 1525
1676 2582
1680 1099
1681 1672
1692 1172
1694 2476
1695 2585
1696 2747
1715 2172
1716 2350
1718 2945
1720 917
1725 2138
1726 2334
1730 720
1732 1340
1741 2227
1744 1167
1745 1384
1749 2111
1755 2450
1756 2726
1758 1087
1760 1464
1762 3001
1767 1200
1770 1680
1772 2221
1773 2321
1774 2349
1775 2519
1779 1170
1785 2660
1788 1114
1791 2388
1792 2431
1795 2834
1798 1017
1803 818
1807 2171
1809 2348
1812 1053
1818 1434
1822 2804
1826 1141
1831 2382
1832 2486
1833 2534
1834 2670
1839 2363
1840 2564
1845 1577
1853 2611
1857 1570
1860 2724
1861 1339
1862 1522
1865 2314
1870 2499
1871 2605
1874 1218
1876 2891
1881 1366
1887 2642
1890 1065
1892 1064
1894 1412
1895 2318
1898 2634
1905 1457
1912 2398
1913 2473
1914 2547
1915 2668
1925 1084
1929 2249
1930 2305
1933 1556
1934 1557
1936 2205
1943 2356
1945 3100
1950 2417
1951 2484
1955 1098
1956 1109
1958 2699
1962 2414
1963 2604
1964 2693
1965 2755
1968 1250
1969 1295
1974 2355
1978 1023
1980 2447
1988 2273
1990 2618
1994 1261
1995 1270
1998 2036
2001 1698
2006 2803
2008 1153
2010 1419
2016 861
2020 2536
2027 2567
2030 2603
2031 2925
2039 1050
2042 2424
2044 2518
2045 2633
2052 1186
2053 1492
2055 1864
2062 2423
2066 2248
2072 2455
2087 2309
2088 2685
2093 1915
2094 2475
2097 2573
2099 1365
2102 2858
2110 2397
2111 2753
2123 1394
2125 3113
2128 1977
2131 2610
2134 2584
2142 2403
2143 2555
2148 2684
2149 2783
2154 1091
2161 2517
2166 3136
2167 3174
2169 1239
2171 2461
2172 2641
2174 1418
2175 2237
2176 2617
2177 2752
2179 1399
2186 2704
2197 2676
2202 2683
2203 2909
2208 3047
2211 1543
2216 2533
2217 2602
2222 2123
2223 2713
2224 1248
2227 1650
2234 2841
2235 2938
2241 2329
2252 2110
2257 2647
2258 3216
2262 3076
2266 1331
2267 1359
2276 2789
2284 1071
2288 2572
2289 2750
2295 2692
2311 2823
2313 2993
2316 1445
2325 1569
2331 2496
2338 3187
2339 1131
2341 2495
2345 1780
2348 3087
2349 3180
2357 2646
2361 3272
2368 2963
2372 1824
2378 2698
2405 1956
2412 3024
2414 3149
2415 3199
2418 2640
2421 838
2423 2856
2425 2954
2428 1530
2437 1060
2442 2331
2443 2506
2445 2697
2446 2821
2447 2933
2452 1726
2454 3163
2463 2615
2473 2820
2484 3192
2492 2601
2493 2912
2496 2723
2497 2819
2500 1066
2502 3191
2505 2775
2506 2780
2512 2137
2517 3017
2519 1551
2526 790
2532 2711
2534 1763
2536 1948
2539 2571
2541 2690
2547 1415
2555 1591
2558 1592
2560 2770
2566 2562
2567 3126
2570 2645
2594 2961
2595 3130
2607 1583
2614 2129
2615 2786
2620 3306
2624 1345
2626 2330
2627 2481
2629 2923
2641 2966
2644 1689
2650 888
2659 3316
2665 1217
2668 2991
2669 3121
2670 3270
2671 3385
2677 3226
2679 878
2686 2814
2695 2878
2708 3084
2712 2191
2716 1633
2717 2180
2723 1426
2747 2190
2750 1903
2759 3372
2765 3097
2768 3144
2771 2852
2773 2952
2774 2974
2777 3093
2790 1794
2796 2651
2799 3330
2807 3092
2815 3086
2820 2163
2822 1330
2824 1467
2827 2876
2828 3424
2835 2960
2847 3106
2860 2973
2866 3153
2873 3105
2877 1503
2882 1136
2886 1316
2889 3000
2901 3072
2903 3458
2906 2542
2908 3439
2913 1822
2914 2038
2923 1983
2932 1363
2937 3022
2939 3186
2975 3280
2986 2103
2990 3492
3005 1392
3009 2199
3012 3020
3020 3168
3022 2471
3029 1688
3039 2875
3055 2650
3062 2796
3080 3470
3089 3251
3092 1631
3098 3279
3109 2294
3145 2911
3152 2370
3178 2339
3186 2656
3207 3314
3226 3449
3240 1707
3260 2278
3267 2231
3271 3016
3273 1975
3275 3134
3280 2622
3288 2325
3336 2778
3360 3378
3388 3549
3395 2025
3408 3491
3419 3478
3433 1909
3462 2001
3466 3548
3467 3539
3474 2694
3491 3360
3493 1987
3494 3166
3514 3434
3517 3067
3522 1739
3532 3220
3533 1691
3534 2235
3553 2256
3555 3204
3563 3473
3589 2019
3612 2234
3651 1974
3685 2982
3690 2255
3697 2812
3698 2981
3709 2730
3735 2220
3737 3116
3748 3165
3752 3479
3756 3224
3777 3042
3791 3528
3794 3185
3809 2898
3817 3441
3828 2710
3836 1928
3839 3538
3841 2664
3844 2337
3853 2046
3854 2416
3855 3399
3866 3148
3870 3533
3876 3504
3877 3527
3892 2162
3899 2297
3901 2393
3904 3489
3925 3052
3926 3322
3946 2101
3962 2128
3966 3173
3983 3477
3997 3445
3998 3494
4020 3523
4026 3138
4037 3015
4057 3266
4064 3003
4070 3129
4075 3498
4081 3235
4093 2219
4127 3503

f_0064556.png f_0064962.png
7 72
156 404
216 60
406 698
444 1391
454 1293
476 501
481 281
510 298
545 351
616 690
652 497
657 1104
670 1480
688 823
735 428
738 1175
746 1494
816 836
853 517
881 375
942 176
957 471
969 1537
1021 99
1038 1266
1056 1155
1057 1299
1077 1700
1085 209
1086 584
1117 1047
1122 462
1133 285
1135 1528
1138 331
1158 1620
1186 944
1188 1386
1218 1002
1226 1873
1240 454
1252 982
1257 955
1265 806
1266 976
1299 421
1333 845
1342 384
1345 1564
1349 1942
1354 409
1355 612
1371 576
1374 1450
1383 1083
1389 119
1394 1134
1411 524
1415 835
1425 1133
1426 1618
1440 382
1447 1315
1455 773
1494 1219
1501 541
1503 1305
1514 1510
1517 307
1522 1638
1531 648
1541 1015
1560 1397
1562 1885
1566 565
1568 971
1580 361
1581 688
1595 1103
1616 1026
1622 1118
1632 640
1633 1826
1639 1534
1654 1062
1667 725
1673 610
1674 632
1686 673
1693 1925
1719 1596
1745 1442
1765 913
1771 1912
1774 961
1810 805
1812 1572
1816 2319
1817 2419
1824 739
1840 1563
1841 1630
1846 984
1852 624
1858 1101
1860 2056
1866 2105
1871 44
1874 872
1881 1606
1892 1736
1898 1738
1901 706
1908 1645
1935 476
1942 816
1943 826
1948 2410
1973 192
1995 1276
2004 721
2005 1486
2010 1694
2018 764
2019 819
2030 871
2053 2016
2072 778
2083 1946
2087 677
2097 1839
2098 1871
2100 2203
2123 1850
2153 1406
2154 1448
2155 1879
2160 518
2166 1993
2173 784
2199 777
2209 815
2211 2022
2222 1405
2247 2507
2256 1717
2257 1866
2258 1979
2266 2365
2272 1471
2284 1748
2289 1500
2322 1923
2332 1674
2333 2373
2335 1190
2338 1516
2340 2343
2341 2476
2349 702
2355 474
2359 608
2362 1637
2365 2944
2371 1814
2373 1899
2396 1985
2400 894
2411 1562
2417 1341
2421 1931
2424 1138
2441 1585
2442 2521
2444 981
2452 1973
2453 2042
2466 2568
2497 2634
2502 2534
2507 2112
2538 2139
2552 2635
2556 1781
2564 2722
2603 2693
2628 1348
2645 2275
2652 2363
2698 960
2705 2081
2721 2170
2726 2498
2727 2596
2735 794
2749 2754
2767 2630
2785 2783
2800 2414
2804 1029
2811 2545
2838 998
2841 1439
2843 1111
2846 1855
2850 738
2854 1836
2868 2205
2886 2243
2890 938
2893 2683
2925 1684
2938 1679
2954 3192
2966 1617
2982 1577
2998 1570
3002 1257
3015 1544
3036 1251
3037 1279
3058 1328
3059 1557
3068 2909
3075 2832
3083 1087
3103 2879
3108 917
3112 2483
3115 1261
3118 3271
3124 1295
3138 2595
3155 3290
3174 3239
3202 1394
3232 2313
3244 1760
3297 3350
3334 2888
3337 904
3349 2667
3358 2655
3360 3385
3387 2878
3441 2494
3443 2787
3453 782
3492 1770
3517 2225
3540 2246
3566 847
3600 2299
3636 1248
3643 2706
3645 860
3647 1126
3650 2060
3659 1984
3663 1445
3692 1622
3718 2078
3772 1061
3813 1169
3851 1131
3884 1802
3904 1415
3940 2322
4024 1383
4030 3039
4173 3220
4221 2184
4228 3269

f_0064556.png f_0064886.png
1640 40
1657 21
1658 37
1668 8
1766 7
1825 127
1898 99
1917 338
1920 66
1928 63
1951 257
1978 187
1991 22
1998 377
2008 2
2010 52
2014 184
2019 18
2036 357
2037 335
2043 228
2058 383
2068 414
2072 31
2076 245
2082 4
2091 313
2100 284
2136 105
2153 44
2168 344
2211 255
2220 60
2224 218
2279 539
2285 271
2289 126
2296 463
2297 481
2302 376
2305 194
2307 270
2322 237
2323 317
2333 432
2370 277
2374 621
2381 562
2400 236
2401 243
2428 488
2463 231
2468 630
2478 394
2480 290
2481 533
2502 549
2516 626
2546 391
2564 646
2576 593
2577 608
2606 527
2620 747
2624 746
2625 753
2707 625
2713 713
2719 332
2720 418
2726 644
2728 703
2729 804
2735 113
2744 619
2752 359
2766 382
2777 133
2799 664
2801 690
2811 682
2814 614
2821 852
2845 873
2856 676
2862 712
2875 487
2876 741
2880 810
2881 460
2885 504
2900 782
2911 922
2927 942
2928 1009
2940 908
2941 936
2944 209
2952 518
2954 941
2958 525
2962 947
2972 785
2975 885
2982 546
2989 957
2995 964
2998 552
2999 813
3004 963
3015 568
3021 802
3024 1096
3034 680
3045 567
3046 598
3048 1150
3058 575
3071 582
3074 932
3076 1103
3088 592
3096 347
3104 1102
3116 662
3127 1081
3128 1223
3129 441
3137 845
3138 954
3139 988
3140 1119
3155 1176
3159 1091
3168 642
3179 898
3180 962
3187 1013
3188 1118
3198 1090
3215 1015
3221 366
3224 871
3225 1302
3231 641
3233 993
3246 953
3258 652
3260 1050
3267 992
3284 679
3287 1052
3295 1101
3296 1241
3305 1285
3322 1073
3324 1390
3335 1479
3339 1355
3348 1029
3349 1078
3351 1116
3352 1164
3358 1063
3359 1088
3363 1343
3369 667
3374 1026
3376 1049
3378 1217
3383 1061
3386 1098
3393 557
3400 1202
3401 1239
3416 1034
3418 1148
3431 719
3432 749
3438 745
3439 946
3440 955
3441 1048
3443 1238
3445 666
3447 1444
3456 1398
3458 685
3467 985
3468 1231
3479 1323
3496 739
3512 1005
3525 1112
3531 1033
3542 1553
3557 1515
3565 1490
3572 1196
3591 1012
3623 1369
3647 878
3652 1086
3661 1454
3671 1230
3677 1463
3678 1594
3682 1158
3694 1580
3695 1646
3701 1205
3707 984
3723 1780
3743 1653
3753 881
3755 1257
3767 1711
3771 1811
3782 1531
3802 1182
3804 1747
3828 1786
3842 1214
3845 1561
3888 1849
3902 1832
3909 1756
3941 777
3959 1427
3967 1337
3982 1496
3983 1843
3984 1942
3993 1905
4051 2051
4085 2101
4090 1829
4109 2017
4115 1896
4116 2094
4129 2136
4135 1543
4136 1842
4138 1395
4185 1421
4194 1625
4212 2200
4215 2126
4238 2011
4259 2046

f_0064886.png f_0064962.png
2 721
4 1259
6 1563
8 1826
9 2239
10 2281
18 819
20 1177
22 912
31 778
37 1927
40 2114
43 870
47 1969
58 2209
60 1332
68 1907
69 1925
70 1952
74 1738
79 2091
80 594
81 1509
85 1940
89 2452
91 1375
95 784
96 1032
100 2016
102 2558
105 869
106 2023
111 1783
116 2136
127 2056
136 1258
140 1986
141 2296
142 2679
166 2208
167 2389
178 1674
183 2090
184 2113
188 2365
190 2442
191 2662
194 1030
197 2624
202 2207
203 1866
208 555
213 1283
214 1663
222 1979
224 2049
225 2548
226 2557
227 2088
229 763
235 850
246 2245
247 2285
249 2276
254 1341
255 2087
256 2522
257 2598
259 2268
261 923
265 1865
269 1198
271 2029
272 2030
273 2055
280 1440
281 1999
283 1094
284 2404
286 1922
288 2607
290 921
296 1349
302 2027
303 2364
311 728
312 2144
313 2464
314 2716
317 2124
318 2244
319 2777
321 854
323 2335
326 342
327 2058
331 990
333 2013
334 2222
336 2805
342 2174
344 2436
345 2586
349 1431
352 2351
362 2186
363 2212
364 2415
365 2427
368 2357
370 2748
373 986
377 2850
378 2946
380 1413
386 1057
387 1038
392 1978
393 2061
394 2112
396 2500
399 741
401 2054
403 2776
407 2678
419 2568
423 1068
424 1836
425 2521
430 1957
431 2232
432 2343
434 2945
438 2399
440 905
443 1681
445 2373
447 2451
450 2556
453 2487
454 2520
461 2081
462 2138
463 2582
467 751
469 2143
472 1142
480 2409
493 1680
497 3001
498 965
504 1262
509 2170
510 2349
512 3033
519 2068
523 1200
527 2348
528 2382
532 2388
534 2431
537 1257
538 1934
542 2275
547 2463
548 2486
549 2534
550 2700
552 1570
558 2274
559 2314
560 2670
561 2724
562 2837
565 1181
567 1318
570 1256
575 1339
579 1278
580 606
583 2642
587 2825
591 1412
593 2485
594 2677
597 1521
598 1557
600 2581
601 2634
608 2547
609 2574
610 1505
611 3014
612 3137
614 2249
618 2178
626 2755
628 1327
629 1775
630 3018
633 2604
636 1755
637 2447
638 2693
640 1365
642 1698
644 2498
646 2699
651 665
653 2803
654 3181
659 2925
678 1249
680 2079
681 2817
688 2424
690 2512
693 1399
694 1594
703 2659
705 1022
706 1774
708 3142
711 2166
712 2475
713 2740
716 2630
720 2066
723 2193
724 2610
729 2397
731 3113
732 3229
734 2309
740 2259
741 2555
747 3136
749 1359
753 3135
761 2617
768 2216
770 2972
771 1197
775 3283
777 573
779 1719
781 2497
782 2683
785 2446
786 2713
787 1943
793 3047
797 2616
800 1364
801 1610
804 3094
808 2712
809 2201
810 2790
813 2563
815 2938
817 2283
818 2313
821 3069
824 1346
831 1120
839 1469
841 2422
844 2185
851 2937
858 3087
859 3180
862 2495
867 1568
868 1702
869 2781
871 2412
872 2765
878 1415
879 1255
882 1538
884 2882
885 2935
888 1584
891 1455
894 2164
897 2402
899 2934
908 3131
914 2331
926 2840
927 2954
930 2242
932 2821
933 2933
937 3352
939 1489
941 3192
946 2300
949 3325
950 1411
960 2532
961 2723
962 2775
966 840
968 2819
969 2912
979 2347
981 3126
991 2493
999 2770
1000 2906
1001 3017
1005 2303
1007 3323
1008 3324
1009 3350
1010 3405
1013 2869
1020 1822
1021 2440
1022 2719
1035 2579
1041 1145
1042 2078
1045 2644
1048 2658
1049 2779
1050 2923
1058 2148
1060 2472
1061 2629
1062 2708
1072 2674
1073 2848
1074 3121
1077 1933
1079 2967
1088 2900
1094 2454
1097 2707
1098 2814
1100 3012
1106 1921
1107 2034
1108 2593
1114 2609
1115 2878
1116 2991
1119 3270
1120 3282
1124 2544
1127 2887
1136 2774
1138 1961
1139 2371
1141 3032
1147 1616
1157 1895
1159 2673
1164 3111
1165 3118
1169 1932
1170 2287
1171 2458
1173 3073
1179 2759
1182 2354
1184 2682
1194 2420
1196 2758
1197 3144
1200 2773
1202 3086
1204 2543
1207 2881
1208 3238
1221 3011
1224 2199
1226 3169
1228 2460
1229 2592
1239 3092
1245 1574
1248 2302
1250 3157
1255 1602
1258 2861
1281 1768
1283 2504
1290 2376
1292 3083
1294 3106
1308 3471
1311 3335
1322 2578
1323 3105
1324 3221
1332 3045
1336 2020
1338 2317
1342 3022
1361 2916
1364 3186
1365 3311
1379 2184
1381 3280
1382 3409
1386 2577
1387 2875
1395 2009
1396 3068
1407 2531
1408 2650
1415 1718
1416 2383
1419 2868
1447 2666
1452 2098
1454 3252
1459 3082
1460 3152
1463 3176
1466 2231
1467 2638
1478 3251
1484 2147
1485 2065
1486 3010
1489 3279
1496 2904
1505 2587
1507 3329
1514 2757
1515 3500
1521 1337
1523 3275
1531 3206
1535 3039
1545 3096
1551 3296
1556 1424
1579 2672
1585 2838
1603 3379
1613 3134
1632 3043
1644 2941
1645 3269
1650 2438
1657 2874
1659 3026
1664 3095
1671 2695
1680 2444
1688 3420
1689 3462
1709 2990
1710 3401
1719 3436
1731 2262
1743 2894
1752 2465
1753 2873
1756 3452
1761 2958
1763 3295
1764 3297
1782 2560
1783 2983
1788 2235
1789 3005
1793 3124
1796 3255
1807 2922
1814 2234
1821 2794
1824 2971
1860 2701
1870 2337
1872 3139
1886 3037
1888 3356
1912 2835
1918 2470
1919 2664
1921 1773
1922 2764
1924 3268
1986 3030
1993 2880
2010 3004
2055 2393
2058 3267
2064 2524
2067 3313
2068 3339
2080 2893
2081 3052
2089 2653
2106 3203
2107 3278
2123 3099
2146 3148
2159 3327
2161 3441
2166 3370
2177 3322
2183 3448
2192 2998
2195 3338
2197 3489
2205 3393
2220 2161
2252 3138
2258 3060
2265 3504
2267 2957
2279 3277
2287 2734
2288 2844
2297 3003
2307 3129
2310 3447
2317 3445
2320 3245
2327 3410
2348 2940
2378 3446
2382 2538
2385 3235
2400 2956
2425 2680
2426 3110
2433 3265
2438 3248
2447 2705
2448 3466
2455 3244
2462 3066
2463 3503
2478 2733
2479 3172
2490 2884
2542 3397
2559 3377
2565 3543
2572 3089
2591 3154
2600 2526
2610 3302
2615 3171
2625 3502
2642 3259
2673 3347
2699 2717
2702 3312
2813 3247
2845 2953
2880 3264
2901 3333
2940 3531
3085 2928

f_0064636.png f_0064886.png
706 27
719 2
747 11
776 18
795 20
818 31
824 36
861 65
868 77
907 95
908 84
914 172
917 40
920 83
922 39
925 38
926 58
932 78
934 52
942 96
971 243
972 105
982 235
984 75
1008 79
1019 70
1058 91
1071 88
1093 120
1127 106
1128 116
1137 119
1165 127
1178 137
1195 173
1196 141
1204 242
1205 212
1225 196
1232 165
1242 156
1246 183
1252 174
1264 195
1275 184
1276 187
1281 253
1300 306
1305 182
1306 215
1317 269
1323 250
1343 216
1347 227
1353 245
1364 339
1366 214
1367 218
1372 203
1376 204
1377 224
1380 391
1383 217
1385 222
1405 238
1406 259
1410 278
1412 289
1415 244
1418 255
1423 296
1431 229
1436 230
1449 271
1450 272
1451 303
1463 270
1464 299
1470 295
1475 335
1488 298
1489 313
1492 286
1498 274
1501 327
1512 344
1540 333
1541 368
1551 400
1557 322
1558 365
1559 396
1569 364
1573 362
1574 407
1588 374
1590 444
1626 392
1627 394
1632 401
1649 438
1650 416
1653 431
1655 419
1664 447
1665 450
1668 422
1676 451
1693 424
1696 481
1717 429
1724 418
1725 462
1738 448
1749 449
1750 320
1755 489
1758 468
1759 436
1761 479
1768 469
1769 495
1773 494
1774 510
1788 490
1798 475
1799 487
1804 567
1808 527
1819 493
1822 562
1827 516
1830 505
1832 548
1833 549
1834 560
1840 554
1845 546
1848 526
1849 518
1857 552
1862 576
1864 507
1865 559
1871 583
1885 519
1887 584
1898 601
1902 498
1907 595
1910 605
1911 553
1914 600
1925 564
1934 598
1943 606
1946 701
1954 739
1964 638
1973 614
1978 627
1979 625
1989 619
1992 659
2005 637
2008 613
2017 661
2018 710
2031 665
2032 677
2043 664
2059 618
2061 676
2072 689
2077 713
2081 679
2088 703
2091 719
2098 705
2099 650
2100 657
2118 716
2125 731
2129 680
2133 699
2140 687
2166 753
2180 674
2181 711
2211 727
2232 723
2237 803
2253 740
2263 804
2270 787
2286 768
2304 826
2313 842
2314 832
2327 854
2338 852
2340 773
2348 858
2349 859
2359 828
2361 880
2366 873
2367 818
2376 841
2379 875
2380 833
2394 877
2413 908
2414 900
2415 886
2423 884
2425 899
2427 824
2436 912
2456 892
2485 891
2502 957
2542 964
2544 778
2550 989
2571 939
2595 1046
2598 1054
2602 1017
2622 1028
2623 1081
2632 1080
2639 1012
2642 1074
2648 1130
2670 1119
2677 1117
2696 1088
2709 1149
2719 1060
2735 1141
2745 1047
2757 1172
2765 1173
2766 1164
2767 1165
2768 1160
2770 1077
2778 1209
2779 1129
2795 1122
2798 1222
2808 1197
2813 1194
2815 1202
2821 1240
2828 1269
2831 1171
2836 1303
2844 1138
2845 1182
2852 1200
2871 1296
2879 1224
2887 1229
2904 1399
2907 1311
2909 1466
2910 1214
2924 1276
2927 1349
2946 1385
2957 1365
2961 1364
2963 1429
2964 1411
2970 1451
2975 1381
2980 1275
2987 1305
2990 1437
2994 1397
2995 1398
2999 1330
3018 1338
3022 1339
3024 1388
3032 1428
3040 1472
3043 1436
3044 1359
3046 1375
3048 1454
3054 1386
3063 1448
3080 1490
3092 1518
3095 1460
3097 1416
3100 1630
3128 1638
3134 1546
3146 1419
3148 1578
3154 1447
3156 1427
3158 1477
3169 1575
3174 1595
3179 1486
3181 1459
3194 1523
3196 1834
3200 1462
3207 1559
3212 1594
3218 1558
3230 1606
3232 1617
3241 1493
3251 1691
3265 1876
3277 1528
3287 1513
3291 1543
3292 1535
3293 1545
3295 1677
3305 1593
3307 1574
3308 1632
3310 1676
3316 1798
3325 1811
3330 1544
3332 1568
3343 1688
3344 1689
3352 1881
3357 1564
3358 1586
3360 1734
3362 1738
3368 1592
3373 1794
3375 1661
3377 1785
3386 1585
3387 1763
3389 1803
3398 1719
3414 1733
3415 1953
3416 1898
3417 1717
3418 1768
3419 1756
3426 1644
3429 1862
3434 1906
3438 1713
3441 1832
3449 1755
3452 1697
3453 1826
3455 1879
3464 1814
3465 1830
3466 1843
3485 1838
3488 1701
3489 1796
3490 1822
3491 1829
3492 1915
3495 1890
3496 1914
3508 1709
3510 1925
3513 1783
3526 1841
3529 2111
3534 1868
3539 1976
3543 1842
3548 2138
3552 1931
3555 1846
3557 1860
3563 1896
3565 1983
3592 2051
3596 1888
3598 1900
3601 1988
3607 1962
3625 1922
3626 1949
3628 2017
3638 1924
3650 2534
3652 1918
3653 1824
3675 1981
3676 2136
3685 1954
3691 2031
3692 2100
3693 2187
3694 2143
3698 1901
3704 2089
3708 2149
3710 2046
3711 2150
3713 2060
3714 2201
3727 2082
3738 2083
3739 2200
3748 2043
3751 2099
3752 2157
3758 2183
3759 2153
3762 2244
3766 2236
3770 2029
3776 1997
3777 1986
3778 2324
3781 2134
3782 2185
3790 2161
3793 2164
3794 2042
3802 2172
3803 2225
3809 2251
3810 2025
3812 2215
3825 2372
3826 2408
3829 2213
3831 2254
3833 2397
3839 2260
3845 2265
3855 2196
3860 2092
3866 2146
3872 2371
3876 2270
3878 2312
3879 2323
3881 2341
3882 2356
3896 2288
3904 2259
3907 2301
3908 2319
3909 2291
3914 2239
3915 2113
3919 2368
3926 2240
3933 2223
3934 2289
3942 2340
3943 2361
3948 2104
3949 2367
3968 2461
3969 2489
3972 2132
3978 2366
3982 2310
3983 2328
3984 2388
3985 2402
3988 2309
4007 2389
4009 2441
4012 2428
4015 2430
4020 2412
4022 2457
4024 2446
4031 2272
4036 2485
4039 2528
4040 2268
4041 2449
4042 2554
4046 2584
4048 2506
4051 2525
4058 2448
4062 2505
4064 2297
4065 2494
4067 2577
4070 2307
4077 2395
4080 2306
4082 2508
4084 2432
4085 2560
4087 2363
4088 2391
4095 2510
4096 2551
4102 2530
4103 2511
4109 2452
4113 2565
4128 2523
4129 2588
4131 2553
4133 2606
4134 2644
4136 2725

f_0064556.png f_0064636.png
239 93
274 403
515 33
523 54
567 197
598 57
599 618
658 220
680 90
688 24
690 167
708 108
738 187
747 554
752 135
754 268
764 245
797 217
824 94
868 264
900 122
915 350
937 232
958 39
969 351
1003 379
1004 360
1010 30
1011 18
1026 438
1033 66
1039 385
1060 29
1068 244
1069 748
1072 17
1086 23
1104 89
1105 52
1117 205
1123 121
1128 702
1138 101
1139 231
1156 84
1164 275
1171 65
1175 326
1187 718
1195 159
1219 605
1226 840
1241 113
1255 896
1264 163
1265 257
1305 174
1318 533
1320 582
1333 291
1356 592
1357 635
1360 59
1373 421
1396 734
1405 162
1411 161
1415 401
1424 315
1427 744
1429 151
1445 468
1455 383
1469 831
1481 469
1483 474
1487 512
1500 71
1501 229
1513 742
1516 51
1518 270
1531 272
1571 895
1578 617
1579 88
1587 511
1599 490
1607 549
1610 1025
1611 1400
1616 602
1622 650
1632 365
1634 1009
1646 601
1649 1107
1657 963
1669 999
1672 460
1673 358
1674 373
1675 1036
1678 454
1679 622
1686 455
1690 679
1694 1196
1698 445
1702 520
1703 659
1704 698
1708 648
1720 1209
1726 589
1727 466
1737 696
1738 708
1756 714
1760 1197
1764 532
1772 1056
1775 751
1776 1256
1779 741
1784 1190
1793 795
1799 810
1809 253
1821 893
1824 606
1825 1137
1826 1354
1843 333
1844 613
1848 847
1852 568
1854 891
1857 706
1859 863
1865 892
1876 1224
1898 1054
1901 668
1913 915
1924 705
1925 740
1934 465
1935 738
1943 772
1945 837
1955 879
1957 1022
1963 689
1965 988
1966 1015
1976 962
1978 1254
1982 717
1985 873
1986 1125
1991 829
1992 878
1993 912
2005 1007
2008 771
2010 1071
2012 1172
2014 1275
2026 794
2030 828
2031 836
2032 870
2034 1332
2042 1045
2051 1086
2055 1171
2057 1529
2060 910
2065 1451
2066 1536
2068 1656
2072 818
2075 1145
2082 1141
2094 909
2095 950
2097 1178
2104 1092
2105 1103
2111 639
2112 1147
2114 979
2115 1144
2116 1146
2129 1114
2136 908
2137 1170
2144 1211
2146 1158
2151 933
2160 646
2168 1518
2173 920
2184 1152
2187 1207
2192 1304
2199 907
2207 1464
2209 987
2216 1206
2217 1231
2222 1251
2224 1385
2231 803
2233 1004
2236 1240
2240 1265
2248 1769
2250 1286
2253 1584
2255 1065
2257 1372
2264 1376
2271 1319
2272 1320
2273 1583
2274 1216
2276 1569
2277 890
2283 1330
2285 1449
2291 1665
2298 1835
2301 1433
2302 1622
2305 1131
2323 1503
2325 1649
2326 1810
2336 1382
2338 1383
2339 1483
2341 1664
2345 1318
2347 1365
2349 978
2350 1396
2369 1167
2371 1397
2373 1440
2391 1501
2396 1492
2415 1683
2422 1628
2425 1371
2427 1742
2435 1589
2442 1834
2447 1618
2448 1853
2450 1527
2451 1620
2452 1557
2453 1540
2460 637
2466 1860
2473 1872
2478 1627
2488 1110
2497 1871
2498 1992
2503 1887
2507 1652
2514 1506
2516 1939
2521 1422
2532 2047
2539 1831
2541 2032
2564 1958
2565 2125
2583 1533
2584 1509
2585 1505
2588 1965
2597 1706
2598 1852
2603 1963
2604 1525
2606 1839
2616 1648
2619 2063
2620 2167
2622 1487
2624 2198
2625 2166
2636 1473
2640 1748
2649 1647
2659 1895
2667 2150
2672 1673
2675 1580
2680 1913
2681 2013
2686 2078
2702 1912
2706 1929
2708 2050
2712 1943
2719 1643
2720 1723
2723 1108
2726 1951
2727 2027
2728 2045
2738 1686
2740 1805
2744 1957
2745 1974
2749 2077
2752 1671
2753 1705
2757 1625
2762 2258
2768 1123
2780 2088
2781 1028
2785 2162
2802 2118
2806 2042
2810 1906
2812 2173
2823 1747
2824 2043
2829 2219
2839 1670
2845 2304
2850 1067
2855 1949
2857 2218
2862 2094
2863 2134
2869 2130
2870 2101
2871 2186
2880 2234
2883 2176
2899 2110
2907 1789
2916 2142
2926 2060
2930 1732
2931 2275
2932 2313
2938 1830
2949 1578
2952 1849
2957 1326
2958 1848
2962 2413
2966 1858
2971 2100
2972 2242
2980 2484
2987 1818
2989 2502
2995 2542
2999 2282
3000 2424
3003 1817
3007 1453
3011 2140
3021 2273
3022 2507
3029 2182
3034 2129
3041 1935
3047 2378
3065 1431
3067 2517
3068 2567
3072 2331
3074 2446
3076 2609
3087 1894
3088 1905
3103 2595
3113 2418
3121 1468
3126 2286
3127 2623
3137 2356
3139 2522
3140 2670
3150 2376
3164 1538
3168 2124
3173 2759
3176 1598
3178 2252
3179 2462
3180 2505
3181 2659
3186 2488
3187 2561
3200 2698
3206 1596
3209 1619
3214 2461
3242 1701
3245 2386
3246 2492
3253 2054
3254 2612
3264 2081
3267 2540
3268 2799
3286 2630
3294 2629
3295 2631
3296 2778
3304 2147
3321 2570
3334 2768
3344 2146
3347 2566
3349 2646
3352 2766
3354 1737
3357 2460
3358 2657
3362 2658
3366 1842
3367 1843
3376 2664
3378 2765
3379 2849
3383 2621
3386 2686
3394 1978
3406 2353
3407 2707
3411 2964
3418 2741
3429 2600
3433 2773
3438 2250
3441 2704
3442 2740
3443 2772
3445 1750
3446 2662
3451 2694
3462 1923
3468 2835
3477 2487
3478 2797
3479 2873
3488 2880
3497 2039
3503 2017
3504 2431
3513 2901
3525 2739
3531 2661
3539 2511
3541 3134
3542 3127
3547 2806
3549 3081
3552 1984
3555 2814
3557 3091
3564 2872
3571 2359
3572 2842
3586 2738
3590 2371
3593 2974
3600 2626
3601 2796
3607 2439
3618 2858
3633 2691
3636 2293
3643 2888
3648 2306
3649 2451
3654 2911
3657 3252
3658 2495
3661 3042
3663 2370
3665 2401
3666 2618
3673 2402
3678 3208
3692 2582
3693 3023
3694 3162
3701 2846
3706 2513
3717 2562
3720 3089
3721 3098
3750 3095
3755 2949
3764 2969
3766 3056
3769 2581
3777 2638
3782 3118
3788 3161
3793 3324
3796 3045
3813 2478
3814 2529
3840 2805
3843 2979
3845 3218
3855 3181
3858 3429
3863 2653
3873 3344
3875 3389
3888 3442
3894 3111
3903 2483
3905 2750
3921 2489
3931 3206
3936 3360
3946 3497
3967 2761
3969 3156
3973 2896
3974 3155
3977 3154
3978 3492
3979 2580
3983 3466
3984 3510
3987 2610
3989 2790
3991 2972
3994 3597
3999 3292
4001 3565
4021 3167
4022 3592
4028 2769
4032 2606
4034 3277
4039 3566
4045 3216
4055 3576
4057 3484
4058 3590
4060 2579
4061 2742
4065 2782
4069 3044
4073 3495
4082 3124
4089 3489
4091 3601
4097 3269
4098 3331
4115 3563
4116 3670
4121 3291
4123 3642
4129 3676
4137 3544
4148 3646
4160 3619
4176 3561
4183 3494
4191 3151
4197 3761
4203 3008
4207 3405
4212 3787
4213 3740
4215 3654
4221 3245
4227 3508
4230 3051
4231 3260
4239 3675
4249 3288
4253 3474
4255 3797
4258 3570
4259 3710
4263 3372
4264 3382
4265 3448
4268 3882
4270 3060
4279 2998
4281 3144
4282 3131

f_0064722.png f_0064962.png
10 796
16 1564
23 1164
24 678
29 1450
41 971
47 1040
50 116
57 897
58 984
71 1586
79 1173
89 1381
110 1742
112 784
113 934
114 987
128 882
129 1264
132 1942
138 1102
145 534
149 1241
154 1101
166 834
172 1771
178 1286
193 1354
194 1563
198 540
199 560
206 1729
209 1100
218 1385
219 1601
223 1630
231 1407
233 2146
237 1031
238 1881
248 1606
250 2024
253 1390
259 1160
272 502
281 1791
286 1841
304 1884
306 1595
307 2159
310 1014
314 1880
317 656
321 1969
331 671
346 1738
347 1907
348 1927
362 1917
364 2125
367 999
369 1872
371 2072
377 1404
378 1540
379 1954
390 1198
399 1517
400 1783
415 1282
425 2209
431 1516
432 1613
434 1420
437 2203
456 2016
460 549
487 905
490 1117
493 2151
504 917
508 2141
513 1349
515 2136
527 2022
528 2015
532 997
543 1526
544 2194
549 2043
562 1818
565 1087
576 2105
587 2182
588 2452
599 2113
607 2049
610 1374
613 1625
622 2208
626 1740
632 1644
635 1231
638 1923
649 1938
651 2154
671 829
673 1991
679 2029
682 1838
687 2030
704 2268
708 1883
712 1353
717 1366
721 1458
723 2410
730 2400
738 1973
743 1577
744 1732
747 860
748 1570
751 2144
755 1544
758 2013
761 1661
767 2070
776 2062
780 1505
782 2286
788 1521
790 2364
799 2607
805 1945
808 2599
812 1050
814 1836
815 2061
816 2351
822 2464
827 1430
829 2436
837 2143
840 926
854 2007
855 2068
856 2343
866 2488
874 1845
875 2006
878 1650
881 2373
882 2227
884 2777
889 2334
898 1217
901 2521
905 978
914 2864
918 2582
925 2849
929 2348
935 2037
936 2388
939 1786
941 2108
946 2382
953 2274
955 2920
964 2463
969 2363
973 2834
976 2418
979 2318
980 2943
985 2799
992 2398
1006 1943
1009 2167
1010 2355
1016 2945
1024 2611
1025 2762
1040 2485
1050 2248
1059 2580
1066 2193
1067 2423
1068 2414
1070 2424
1073 2837
1076 1956
1077 2130
1088 2379
1089 2699
1106 2455
1110 2512
1114 1769
1115 2403
1129 2596
1131 2119
1136 2630
1139 3014
1140 1948
1145 2740
1152 1216
1154 1834
1155 2721
1160 2372
1170 2497
1173 3018
1176 1988
1183 2060
1185 2684
1191 3065
1195 2648
1196 2683
1199 1904
1202 2753
1219 1895
1225 2412
1226 2483
1231 2595
1233 2972
1235 2495
1236 2496
1237 2563
1240 2713
1250 2925
1254 2692
1260 2396
1265 2200
1266 2879
1272 2191
1273 2246
1277 3047
1283 2908
1284 2909
1296 1878
1298 2299
1300 2697
1302 2750
1308 2765
1320 2615
1330 2924
1331 3135
1333 3229
1344 2077
1345 2440
1351 1960
1361 1932
1368 2963
1369 3273
1372 2882
1377 2775
1381 2739
1382 2822
1388 2505
1390 2645
1397 2788
1403 2954
1404 3187
1406 2481
1409 2655
1416 2985
1425 2978
1428 2241
1432 2802
1433 2848
1438 2855
1439 3414
1444 2912
1447 2674
1455 3300
1458 2906
1459 2968
1462 2294
1465 2707
1466 2869
1471 2818
1476 3199
1479 2814
1482 2317
1490 3192
1493 2651
1498 2815
1499 2923
1503 2984
1507 2887
1508 2900
1510 2967
1513 2948
1530 3353
1536 2881
1537 2862
1540 2613
1542 3325
1547 3257
1548 3291
1551 2773
1552 2991
1553 3073
1580 3179
1592 3111
1593 3349
1602 3227
1605 2065
1607 3336
1611 3282
1619 1739
1628 3011
1629 3144
1647 3382
1667 3022
1673 2830
1687 3160
1688 3342
1692 3316
1709 3404
1717 2064
1722 2235
1725 3385
1729 3221
1738 2807
1757 3040
1765 3285
1766 3335
1778 2466
1781 3280
1792 2437
1827 2838
1828 3252
1829 3253
1831 3364
1837 3409
1852 3155
1859 3134
1866 3152
1867 3471
1872 3251
1874 2874
1880 3345
1881 3315
1887 2845
1909 2885
1932 3296
1940 2812
1958 3314
1961 2958
1985 3529
1994 2795
1996 3496
2004 3379
2007 3067
2017 3167
2018 3250
2038 3505
2046 2627
2047 2981
2057 3037
2062 3139
2064 3462
2079 3053
2088 3297
2098 3009
2110 3204
2111 3510
2113 3436
2119 3030
2137 3375
2149 3360
2151 3435
2156 3260
2162 3052
2191 3434
2194 3549
2207 3116
2229 2957
2243 2293
2257 2932
2260 3455
2275 2306
2283 3224
2291 3348
2296 3148
2297 3267
2304 3339
2314 3278
2317 3173
2325 3210
2341 2705
2364 3433
2372 2687
2376 3249
2387 3322
2408 3370
2410 3479
2415 3266
2428 3245
2429 3327
2432 3490
2441 3393
2449 3344
2463 3369
2469 3235
2473 3128
2474 3248
2480 3244
2481 3504
2498 3447
2500 3209
2504 3477
2518 3527
2522 3265
2533 2956
2546 3381
2554 3489
2555 2811
2561 3419
2599 3089
2605 3526
2613 3109
2620 3008
2624 3522
2647 2999
2649 3383
2662 3397
2679 3147
2684 3320
2720 3334
2726 3532
2787 3264
2803 3542
2893 3333
2910 3332
2948 3514
2988 3418
3021 3482
3027 3331

f_0064556.png f_0064722.png
1427 238
1585 73
1669 465
1737 217
1775 154
1785 664
1794 631
1797 84
1816 690
1817 691
1840 222
1848 219
1866 576
1874 57
1898 374
1908 248
1910 730
1929 600
1953 925
1957 280
1977 549
2008 5
2033 303
2065 790
2152 259
2209 236
2233 229
2237 399
2273 984
2278 434
2285 679
2291 931
2306 310
2333 881
2335 513
2444 367
2473 1046
2477 376
2479 298
2497 1045
2512 597
2513 592
2606 969
2651 943
2652 992
2708 1155
2712 1022
2722 928
2727 1129
2728 1164
2743 1010
2761 1051
2800 1068
2806 1058
2819 706
2847 336
2848 243
2862 1106
2893 1196
2900 1249
2901 1201
2931 1309
2972 1142
2978 935
3015 756
3032 734
3057 813
3066 788
3071 736
3089 803
3113 1300
3116 987
3164 666
3233 1433
3264 1176
3294 1499
3303 917
3304 939
3316 1193
3320 1390
3342 968
3344 1175
3346 1013
3350 1508
3362 1471
3365 906
3367 932
3369 989
3414 1055
3438 1230
3570 1083
3604 1134
3661 1828
3883 1560
3995 1531

f_0064636.png f_0064722.png
310 17
448 14
550 11
605 130
608 143
616 44
632 41
680 69
690 158
696 58
698 74
713 88
744 238
753 179
776 32
777 57
786 156
793 24
798 322
809 103
811 167
839 197
874 193
877 102
890 98
892 218
894 241
916 248
920 112
921 321
925 371
933 128
936 320
943 341
946 56
956 438
962 200
967 217
974 369
980 418
996 163
998 402
1007 284
1013 166
1023 457
1035 306
1051 603
1053 295
1054 356
1070 268
1071 360
1084 407
1085 412
1086 391
1088 456
1091 312
1099 127
1101 259
1107 661
1108 28
1110 192
1111 188
1116 355
1117 368
1126 463
1128 515
1135 443
1136 435
1137 464
1148 544
1157 228
1164 303
1165 495
1170 326
1171 417
1176 340
1178 480
1183 502
1188 383
1189 410
1195 526
1206 333
1208 452
1209 623
1212 501
1223 576
1224 587
1232 499
1234 302
1237 432
1242 527
1244 279
1246 549
1254 600
1274 492
1276 599
1283 145
1294 434
1295 431
1303 470
1304 521
1305 598
1306 616
1317 390
1318 415
1323 652
1330 423
1331 450
1341 514
1345 729
1346 572
1347 607
1352 563
1353 651
1367 627
1379 216
1380 398
1383 507
1385 633
1386 784
1406 728
1418 663
1425 638
1427 703
1440 621
1444 215
1449 679
1450 650
1458 620
1464 683
1465 885
1475 823
1482 542
1484 832
1488 722
1490 575
1492 686
1512 828
1517 807
1535 682
1537 925
1539 289
1540 758
1543 613
1545 258
1558 866
1560 332
1562 768
1582 819
1600 414
1612 488
1617 776
1620 707
1639 838
1647 645
1654 881
1655 918
1662 469
1663 541
1669 478
1673 660
1693 744
1695 931
1697 985
1712 705
1714 795
1717 805
1726 889
1741 882
1744 538
1756 1025
1759 524
1770 742
1772 887
1774 913
1779 565
1782 814
1785 1000
1788 532
1790 922
1791 936
1793 964
1794 984
1799 727
1805 855
1808 924
1809 929
1812 487
1819 762
1822 1060
1827 556
1828 804
1839 944
1840 993
1841 1073
1846 743
1849 761
1853 1035
1857 756
1859 875
1862 760
1865 943
1871 1023
1872 1046
1881 693
1885 912
1890 531
1894 736
1897 712
1898 1054
1900 1139
1903 617
1909 654
1912 992
1920 900
1929 928
1930 953
1933 803
1934 788
1946 547
1949 941
1955 578
1958 1089
1959 1172
1965 1090
1966 579
1970 874
1972 927
1973 942
1974 1010
1976 1119
1979 1022
1981 1051
1992 1156
1994 681
1998 935
2001 846
2010 735
2012 991
2019 998
2033 1245
2035 590
2043 1068
2056 666
2062 1067
2066 1015
2071 779
2081 827
2082 904
2087 1044
2088 1164
2096 1110
2100 1021
2116 786
2129 1014
2133 1050
2134 1144
2148 1185
2149 1202
2150 1277
2160 951
2161 1143
2162 1217
2174 826
2182 1103
2183 1115
2189 716
2202 1196
2203 1284
2207 1232
2208 1310
2213 956
2215 1142
2223 1240
2234 1241
2237 1347
2246 1261
2250 895
2277 1288
2280 1006
2289 1276
2299 747
2304 1374
2308 1169
2312 1330
2315 835
2319 1275
2345 983
2348 1395
2349 1454
2356 1207
2361 1460
2367 1184
2376 1225
2380 801
2386 1180
2393 818
2403 990
2405 1076
2406 1200
2414 1453
2415 1476
2418 1300
2424 1372
2447 1413
2452 1037
2454 1486
2457 1162
2473 1392
2479 932
2487 1179
2493 1415
2496 1377
2497 1391
2520 1260
2521 1438
2522 1459
2536 1140
2539 1328
2549 1433
2550 1504
2554 1342
2564 1126
2565 1346
2569 1224
2570 1390
2573 1135
2574 1214
2593 1412
2594 1467
2620 1613
2623 1580
2626 1327
2639 1298
2641 1510
2658 1471
2659 1709
2662 1447
2668 1528
2671 1725
2678 1759
2685 1239
2692 1134
2694 1465
2696 1507
2698 1680
2706 1474
2708 1559
2709 1606
2712 1271
2726 1365
2733 1506
2743 1238
2747 1280
2751 1338
2758 1537
2761 1161
2763 1497
2768 1629
2771 1505
2784 1494
2790 1192
2795 1411
2796 1493
2797 1536
2798 1714
2804 1220
2806 1517
2809 1740
2812 1257
2821 1644
2825 1362
2828 1802
2831 1446
2846 1464
2849 1766
2857 1470
2858 1558
2880 1713
2899 1729
2900 1492
2901 1674
2911 1591
2917 1888
2924 1554
2935 1445
2939 1746
2943 1831
2944 1928
2949 1540
2973 1646
2980 1534
3013 1830
3022 1533
3025 1820
3028 1270
3032 1849
3048 1828
3050 1295
3055 1617
3063 1880
3068 1771
3080 1977
3081 1996
3088 1872
3092 1335
3095 1794
3111 1679
3112 1757
3114 1949
3117 1866
3134 2089
3155 1640
3157 1712
3161 1932
3173 1672
3174 2177
3194 1958
3201 2145
3208 2141
3226 2050
3241 1768
3249 2001
3250 2028
3269 1662
3275 1910
3281 1787
3284 2558
3287 1655
3288 1698
3302 1700
3305 1955
3309 1975
3323 1931
3325 2256
3326 2585
3343 2083
3370 2163
3375 2020
3377 2175
3383 2315
3384 2320
3386 1875
3400 2643
3407 1995
3410 1919
3411 2063
3414 2151
3418 2138
3429 2377
3434 2405
3435 1690
3442 2336
3449 2049
3451 1893
3454 2300
3494 2036
3497 2436
3509 1965
3511 2723
3513 1961
3514 2212
3517 2007
3518 2100
3523 1826
3537 1980
3538 2270
3555 2110
3559 2062
3563 2309
3565 2455
3576 2394
3579 2883
3589 1689
3592 2494
3597 2576
3600 2412
3617 2035
3628 2445
3632 2258
3633 2446
3634 2739
3639 2444
3642 2513
3648 2756
3658 2211
3660 2628
3663 2308
3667 2183
3676 2575
3677 2608
3683 2023
3691 2292
3698 2047
3707 2401
3710 2351
3711 2511
3713 2334
3714 2574
3715 2706
3720 2291
3721 2682
3729 2785
3738 2356
3740 2601
3747 1989
3750 2304
3751 2364
3752 2410
3757 2255
3759 2391
3761 2675
3766 2704
3770 2303
3776 2094
3777 2119
3780 1971
3781 2400
3782 2442
3783 2667
3786 2443
3791 2477
3803 2464
3804 2529
3810 2182
3813 2505
3814 2738
3818 2800
3820 2735
3823 2297
3824 2409
3829 2432
3830 2433
3832 2994
3838 2363
3845 2481
3847 2665
3856 2797
3864 3010
3866 2263
3867 2408
3876 2518
3882 2730
3886 2046
3897 3029
3906 2155
3907 2551
3913 2082
3914 2161
3916 2200
3917 2355
3918 2595
3926 2387
3929 2441
3931 2491
3932 2103
3933 2325
3939 2104
3940 2169
3942 2611
3949 2607
3951 2872
3968 2838
3972 2290
3973 2606
3974 2672
3976 2179
3978 2610
3979 2677
3980 2703
3983 2525
3984 2582
3985 2632
3988 2498
3997 2490
3998 2572
4001 2429
4005 2421
4006 2604
4007 2630
4020 2614
4021 2206
4024 2753
4026 2375
4032 2571
4035 2277
4036 2702
4039 2976
4040 2282
4048 2752
4055 2217
4057 2415
4058 2561
4060 2624
4062 2670
4064 2281
4065 2722
4085 2815
4087 2332
4103 2743
4113 2623
4128 2726
4129 2832
4131 2888
4132 2895

