f_0064636.png f_0064722.png
310 17
448 14
550 11
605 130
608 143
616 44
632 41
680 69
690 158
696 58
698 74
713 88
744 238
753 179
776 32
777 57
786 156
793 24
798 322
809 103
811 167
839 197
874 193
877 102
890 98
892 218
894 241
916 248
920 112
921 321
925 371
933 128
936 320
943 341
946 56
956 438
962 200
967 217
974 369
980 418
996 163
998 402
1007 284
1013 166
1023 457
1035 306
1051 603
1053 295
1054 356
1070 268
1071 360
1084 407
1085 412
1086 391
1088 456
1091 312
1099 127
1101 259
1107 661
1108 28
1110 192
1111 188
1116 355
1117 368
1126 463
1128 515
1135 443
1136 435
1137 464
1148 544
1157 228
1164 303
1165 495
1170 326
1171 417
1176 340
1178 480
1183 502
1188 383
1189 410
1195 526
1206 333
1208 452
1209 623
1212 501
1223 576
1224 587
1232 499
1234 302
1237 432
1242 527
1244 279
1246 549
1254 600
1274 492
1276 599
1283 145
1294 434
1295 431
1303 470
1304 521
1305 598
1306 616
1317 390
1318 415
1323 652
1330 423
1331 450
1341 514
1345 729
1346 572
1347 607
1352 563
1353 651
1367 627
1379 216
1380 398
1383 507
1385 633
1386 784
1406 728
1418 663
1425 638
1427 703
1440 621
1444 215
1449 679
1450 650
1458 620
1464 683
1465 885
1475 823
1482 542
1484 832
1488 722
1490 575
1492 686
1512 828
1517 807
1535 682
1537 925
1539 289
1540 758
1543 613
1545 258
1558 866
1560 332
1562 768
1582 819
1600 414
1612 488
1617 776
1620 707
1639 838
1647 645
1654 881
1655 918
1662 469
1663 541
1669 478
1673 660
1693 744
1695 931
1697 985
1712 705
1714 795
1717 805
1726 889
1741 882
1744 538
1756 1025
1759 524
1770 742
1772 887
1774 913
1779 565
1782 814
1785 1000
1788 532
1790 922
1791 936
1793 964
1794 984
1799 727
1805 855
1808 924
1809 929
1812 487
1819 762
1822 1060
1827 556
1828 804
1839 944
1840 993
1841 1073
1846 743
1849 761
1853 1035
1857 756
1859 875
1862 760
1865 943
1871 1023
1872 1046
1881 693
1885 912
1890 531
1894 736
1897 712
1898 1054
1900 1139
1903 617
1909 654
1912 992
1920 900
1929 928
1930 953
1933 803
1934 788
1946 547
1949 941
1955 578
1958 1089
1959 1172
1965 1090
1966 579
1970 874
1972 927
1973 942
1974 1010
1976 1119
1979 1022
1981 1051
1992 1156
1994 681
1998 935
2001 846
2010 735
2012 991
2019 998
2033 1245
2035 590
2043 1068
2056 666
2062 1067
2066 1015
2071 779
2081 827
2082 904
2087 1044
2088 1164
2096 1110
2100 1021
2116 786
2129 1014
2133 1050
2134 1144
2148 1185
2149 1202
2150 1277
2160 951
2161 1143
2162 1217
2174 826
2182 1103
2183 1115
2189 716
2202 1196
2203 1284
2207 1232
2208 1310
2213 956
2215 1142
2223 1240
2234 1241
2237 1347
2246 1261
2250 895
2277 1288
2280 1006
2289 1276
2299 747
2304 1374
2308 1169
2312 1330
2315 835
2319 1275
2345 983
2348 1395
2349 1454
2356 1207
2361 1460
2367 1184
2376 1225
2380 801
2386 1180
2393 818
2403 990
2405 1076
2406 1200
2414 1453
2415 1476
2418 1300
2424 1372
2447 1413
2452 1037
2454 1486
2457 1162
2473 1392
2479 932
2487 1179
2493 1415
2496 1377
2497 1391
2520 1260
2521 1438
2522 1459
2536 1140
2539 1328
2549 1433
2550 1504
2554 1342
2564 1126
2565 1346
2569 1224
2570 1390
2573 1135
2574 1214
2593 1412
2594 1467
2620 1613
2623 1580
2626 1327
2639 1298
2641 1510
2658 1471
2659 1709
2662 1447
2668 1528
2671 1725
2678 1759
2685 1239
2692 1134
2694 1465
2696 1507
2698 1680
2706 1474
2708 1559
2709 1606
2712 1271
2726 1365
2733 1506
2743 1238
2747 1280
2751 1338
2758 1537
2761 1161
2763 1497
2768 1629
2771 1505
2784 1494
2790 1192
2795 1411
2796 1493
2797 1536
2798 1714
2804 1220
2806 1517
2809 1740
2812 1257
2821 1644
2825 1362
2828 1802
2831 1446
2846 1464
2849 1766
2857 1470
2858 1558
2880 1713
2899 1729
2900 1492
2901 1674
2911 1591
2917 1888
2924 1554
2935 1445
2939 1746
2943 1831
2944 1928
2949 1540
2973 1646
2980 1534
3013 1830
3022 1533
3025 1820
3028 1270
3032 1849
3048 1828
3050 1295
3055 1617
3063 1880
3068 1771
3080 1977
3081 1996
3088 1872
3092 1335
3095 1794
3111 1679
3112 1757
3114 1949
3117 1866
3134 2089
3155 1640
3157 1712
3161 1932
3173 1672
3174 2177
3194 1958
3201 2145
3208 2141
3226 2050
3241 1768
3249 2001
3250 2028
3269 1662
3275 1910
3281 1787
3284 2558
3287 1655
3288 1698
3302 1700
3305 1955
3309 1975
3323 1931
3325 2256
3326 2585
3343 2083
3370 2163
3375 2020
3377 2175
3383 2315
3384 2320
3386 1875
3400 2643
3407 1995
3410 1919
3411 2063
3414 2151
3418 2138
3429 2377
3434 2405
3435 1690
3442 2336
3449 2049
3451 1893
3454 2300
3494 2036
3497 2436
3509 1965
3511 2723
3513 1961
3514 2212
3517 2007
3518 2100
3523 1826
3537 1980
3538 2270
3555 2110
3559 2062
3563 2309
3565 2455
3576 2394
3579 2883
3589 1689
3592 2494
3597 2576
3600 2412
3617 2035
3628 2445
3632 2258
3633 2446
3634 2739
3639 2444
3642 2513
3648 2756
3658 2211
3660 2628
3663 2308
3667 2183
3676 2575
3677 2608
3683 2023
3691 2292
3698 2047
3707 2401
3710 2351
3711 2511
3713 2334
3714 2574
3715 2706
3720 2291
3721 2682
3729 2785
3738 2356
3740 2601
3747 1989
3750 2304
3751 2364
3752 2410
3757 2255
3759 2391
3761 2675
3766 2704
3770 2303
3776 2094
3777 2119
3780 1971
3781 2400
3782 2442
3783 2667
3786 2443
3791 2477
3803 2464
3804 2529
3810 2182
3813 2505
3814 2738
3818 2800
3820 2735
3823 2297
3824 2409
3829 2432
3830 2433
3832 2994
3838 2363
3845 2481
3847 2665
3856 2797
3864 3010
3866 2263
3867 2408
3876 2518
3882 2730
3886 2046
3897 3029
3906 2155
3907 2551
3913 2082
3914 2161
3916 2200
3917 2355
3918 2595
3926 2387
3929 2441
3931 2491
3932 2103
3933 2325
3939 2104
3940 2169
3942 2611
3949 2607
3951 2872
3968 2838
3972 2290
3973 2606
3974 2672
3976 2179
3978 2610
3979 2677
3980 2703
3983 2525
3984 2582
3985 2632
3988 2498
3997 2490
3998 2572
4001 2429
4005 2421
4006 2604
4007 2630
4020 2614
4021 2206
4024 2753
4026 2375
4032 2571
4035 2277
4036 2702
4039 2976
4040 2282
4048 2752
4055 2217
4057 2415
4058 2561
4060 2624
4062 2670
4064 2281
4065 2722
4085 2815
4087 2332
4103 2743
4113 2623
4128 2726
4129 2832
4131 2888
4132 2895
