f_0064722.png f_0064962.png
10 796
16 1564
23 1164
24 678
29 1450
41 971
47 1040
50 116
57 897
58 984
71 1586
79 1173
89 1381
110 1742
112 784
113 934
114 987
128 882
129 1264
132 1942
138 1102
145 534
149 1241
154 1101
166 834
172 1771
178 1286
193 1354
194 1563
198 540
199 560
206 1729
209 1100
218 1385
219 1601
223 1630
231 1407
233 2146
237 1031
238 1881
248 1606
250 2024
253 1390
259 1160
272 502
281 1791
286 1841
304 1884
306 1595
307 2159
310 1014
314 1880
317 656
321 1969
331 671
346 1738
347 1907
348 1927
362 1917
364 2125
367 999
369 1872
371 2072
377 1404
378 1540
379 1954
390 1198
399 1517
400 1783
415 1282
425 2209
431 1516
432 1613
434 1420
437 2203
456 2016
460 549
487 905
490 1117
493 2151
504 917
508 2141
513 1349
515 2136
527 2022
528 2015
532 997
543 1526
544 2194
549 2043
562 1818
565 1087
576 2105
587 2182
588 2452
599 2113
607 2049
610 1374
613 1625
622 2208
626 1740
632 1644
635 1231
638 1923
649 1938
651 2154
671 829
673 1991
679 2029
682 1838
687 2030
704 2268
708 1883
712 1353
717 1366
721 1458
723 2410
730 2400
738 1973
743 1577
744 1732
747 860
748 1570
751 2144
755 1544
758 2013
761 1661
767 2070
776 2062
780 1505
782 2286
788 1521
790 2364
799 2607
805 1945
808 2599
812 1050
814 1836
815 2061
816 2351
822 2464
827 1430
829 2436
837 2143
840 926
854 2007
855 2068
856 2343
866 2488
874 1845
875 2006
878 1650
881 2373
882 2227
884 2777
889 2334
898 1217
901 2521
905 978
914 2864
918 2582
925 2849
929 2348
935 2037
936 2388
939 1786
941 2108
946 2382
953 2274
955 2920
964 2463
969 2363
973 2834
976 2418
979 2318
980 2943
985 2799
992 2398
1006 1943
1009 2167
1010 2355
1016 2945
1024 2611
1025 2762
1040 2485
1050 2248
1059 2580
1066 2193
1067 2423
1068 2414
1070 2424
1073 2837
1076 1956
1077 2130
1088 2379
1089 2699
1106 2455
1110 2512
1114 1769
1115 2403
1129 2596
1131 2119
1136 2630
1139 3014
1140 1948
1145 2740
1152 1216
1154 1834
1155 2721
1160 2372
1170 2497
1173 3018
1176 1988
1183 2060
1185 2684
1191 3065
1195 2648
1196 2683
1199 1904
1202 2753
1219 1895
1225 2412
1226 2483
1231 2595
1233 2972
1235 2495
1236 2496
1237 2563
1240 2713
1250 2925
1254 2692
1260 2396
1265 2200
1266 2879
1272 2191
1273 2246
1277 3047
1283 2908
1284 2909
1296 1878
1298 2299
1300 2697
1302 2750
1308 2765
1320 2615
1330 2924
1331 3135
1333 3229
1344 2077
1345 2440
1351 1960
1361 1932
1368 2963
1369 3273
1372 2882
1377 2775
1381 2739
1382 2822
1388 2505
1390 2645
1397 2788
1403 2954
1404 3187
1406 2481
1409 2655
1416 2985
1425 2978
1428 2241
1432 2802
1433 2848
1438 2855
1439 3414
1444 2912
1447 2674
1455 3300
1458 2906
1459 2968
1462 2294
1465 2707
1466 2869
1471 2818
1476 3199
1479 2814
1482 2317
1490 3192
1493 2651
1498 2815
1499 2923
1503 2984
1507 2887
1508 2900
1510 2967
1513 2948
1530 3353
1536 2881
1537 2862
1540 2613
1542 3325
1547 3257
1548 3291
1551 2773
1552 2991
1553 3073
1580 3179
1592 3111
1593 3349
1602 3227
1605 2065
1607 3336
1611 3282
1619 1739
1628 3011
1629 3144
1647 3382
1667 3022
1673 2830
1687 3160
1688 3342
1692 3316
1709 3404
1717 2064
1722 2235
1725 3385
1729 3221
1738 2807
1757 3040
1765 3285
1766 3335
1778 2466
1781 3280
1792 2437
1827 2838
1828 3252
1829 3253
1831 3364
1837 3409
1852 3155
1859 3134
1866 3152
1867 3471
1872 3251
1874 2874
1880 3345
1881 3315
1887 2845
1909 2885
1932 3296
1940 2812
1958 3314
1961 2958
1985 3529
1994 2795
1996 3496
2004 3379
2007 3067
2017 3167
2018 3250
2038 3505
2046 2627
2047 2981
2057 3037
2062 3139
2064 3462
2079 3053
2088 3297
2098 3009
2110 3204
2111 3510
2113 3436
2119 3030
2137 3375
2149 3360
2151 3435
2156 3260
2162 3052
2191 3434
2194 3549
2207 3116
2229 2957
2243 2293
2257 2932
2260 3455
2275 2306
2283 3224
2291 3348
2296 3148
2297 3267
2304 3339
2314 3278
2317 3173
2325 3210
2341 2705
2364 3433
2372 2687
2376 3249
2387 3322
2408 3370
2410 3479
2415 3266
2428 3245
2429 3327
2432 3490
2441 3393
2449 3344
2463 3369
2469 3235
2473 3128
2474 3248
2480 3244
2481 3504
2498 3447
2500 3209
2504 3477
2518 3527
2522 3265
2533 2956
2546 3381
2554 3489
2555 2811
2561 3419
2599 3089
2605 3526
2613 3109
2620 3008
2624 3522
2647 2999
2649 3383
2662 3397
2679 3147
2684 3320
2720 3334
2726 3532
2787 3264
2803 3542
2893 3333
2910 3332
2948 3514
2988 3418
3021 3482
3027 3331
