f_0064636.png f_0064886.png
706 27
719 2
747 11
776 18
795 20
818 31
824 36
861 65
868 77
907 95
908 84
914 172
917 40
920 83
922 39
925 38
926 58
932 78
934 52
942 96
971 243
972 105
982 235
984 75
1008 79
1019 70
1058 91
1071 88
1093 120
1127 106
1128 116
1137 119
1165 127
1178 137
1195 173
1196 141
1204 242
1205 212
1225 196
1232 165
1242 156
1246 183
1252 174
1264 195
1275 184
1276 187
1281 253
1300 306
1305 182
1306 215
1317 269
1323 250
1343 216
1347 227
1353 245
1364 339
1366 214
1367 218
1372 203
1376 204
1377 224
1380 391
1383 217
1385 222
1405 238
1406 259
1410 278
1412 289
1415 244
1418 255
1423 296
1431 229
1436 230
1449 271
1450 272
1451 303
1463 270
1464 299
1470 295
1475 335
1488 298
1489 313
1492 286
1498 274
1501 327
1512 344
1540 333
1541 368
1551 400
1557 322
1558 365
1559 396
1569 364
1573 362
1574 407
1588 374
1590 444
1626 392
1627 394
1632 401
1649 438
1650 416
1653 431
1655 419
1664 447
1665 450
1668 422
1676 451
1693 424
1696 481
1717 429
1724 418
1725 462
1738 448
1749 449
1750 320
1755 489
1758 468
1759 436
1761 479
1768 469
1769 495
1773 494
1774 510
1788 490
1798 475
1799 487
1804 567
1808 527
1819 493
1822 562
1827 516
1830 505
1832 548
1833 549
1834 560
1840 554
1845 546
1848 526
1849 518
1857 552
1862 576
1864 507
1865 559
1871 583
1885 519
1887 584
1898 601
1902 498
1907 595
1910 605
1911 553
1914 600
1925 564
1934 598
1943 606
1946 701
1954 739
1964 638
1973 614
1978 627
1979 625
1989 619
1992 659
2005 637
2008 613
2017 661
2018 710
2031 665
2032 677
2043 664
2059 618
2061 676
2072 689
2077 713
2081 679
2088 703
2091 719
2098 705
2099 650
2100 657
2118 716
2125 731
2129 680
2133 699
2140 687
2166 753
2180 674
2181 711
2211 727
2232 723
2237 803
2253 740
2263 804
2270 787
2286 768
2304 826
2313 842
2314 832
2327 854
2338 852
2340 773
2348 858
2349 859
2359 828
2361 880
2366 873
2367 818
2376 841
2379 875
2380 833
2394 877
2413 908
2414 900
2415 886
2423 884
2425 899
2427 824
2436 912
2456 892
2485 891
2502 957
2542 964
2544 778
2550 989
2571 939
2595 1046
2598 1054
2602 1017
2622 1028
2623 1081
2632 1080
2639 1012
2642 1074
2648 1130
2670 1119
2677 1117
2696 1088
2709 1149
2719 1060
2735 1141
2745 1047
2757 1172
2765 1173
2766 1164
2767 1165
2768 1160
2770 1077
2778 1209
2779 1129
2795 1122
2798 1222
2808 1197
2813 1194
2815 1202
2821 1240
2828 1269
2831 1171
2836 1303
2844 1138
2845 1182
2852 1200
2871 1296
2879 1224
2887 1229
2904 1399
2907 1311
2909 1466
2910 1214
2924 1276
2927 1349
2946 1385
2957 1365
2961 1364
2963 1429
2964 1411
2970 1451
2975 1381
2980 1275
2987 1305
2990 1437
2994 1397
2995 1398
2999 1330
3018 1338
3022 1339
3024 1388
3032 1428
3040 1472
3043 1436
3044 1359
3046 1375
3048 1454
3054 1386
3063 1448
3080 1490
3092 1518
3095 1460
3097 1416
3100 1630
3128 1638
3134 1546
3146 1419
3148 1578
3154 1447
3156 1427
3158 1477
3169 1575
3174 1595
3179 1486
3181 1459
3194 1523
3196 1834
3200 1462
3207 1559
3212 1594
3218 1558
3230 1606
3232 1617
3241 1493
3251 1691
3265 1876
3277 1528
3287 1513
3291 1543
3292 1535
3293 1545
3295 1677
3305 1593
3307 1574
3308 1632
3310 1676
3316 1798
3325 1811
3330 1544
3332 1568
3343 1688
3344 1689
3352 1881
3357 1564
3358 1586
3360 1734
3362 1738
3368 1592
3373 1794
3375 1661
3377 1785
3386 1585
3387 1763
3389 1803
3398 1719
3414 1733
3415 1953
3416 1898
3417 1717
3418 1768
3419 1756
3426 1644
3429 1862
3434 1906
3438 1713
3441 1832
3449 1755
3452 1697
3453 1826
3455 1879
3464 1814
3465 1830
3466 1843
3485 1838
3488 1701
3489 1796
3490 1822
3491 1829
3492 1915
3495 1890
3496 1914
3508 1709
3510 1925
3513 1783
3526 1841
3529 2111
3534 1868
3539 1976
3543 1842
3548 2138
3552 1931
3555 1846
3557 1860
3563 1896
3565 1983
3592 2051
3596 1888
3598 1900
3601 1988
3607 1962
3625 1922
3626 1949
3628 2017
3638 1924
3650 2534
3652 1918
3653 1824
3675 1981
3676 2136
3685 1954
3691 2031
3692 2100
3693 2187
3694 2143
3698 1901
3704 2089
3708 2149
3710 2046
3711 2150
3713 2060
3714 2201
3727 2082
3738 2083
3739 2200
3748 2043
3751 2099
3752 2157
3758 2183
3759 2153
3762 2244
3766 2236
3770 2029
3776 1997
3777 1986
3778 2324
3781 2134
3782 2185
3790 2161
3793 2164
3794 2042
3802 2172
3803 2225
3809 2251
3810 2025
3812 2215
3825 2372
3826 2408
3829 2213
3831 2254
3833 2397
3839 2260
3845 2265
3855 2196
3860 2092
3866 2146
3872 2371
3876 2270
3878 2312
3879 2323
3881 2341
3882 2356
3896 2288
3904 2259
3907 2301
3908 2319
3909 2291
3914 2239
3915 2113
3919 2368
3926 2240
3933 2223
3934 2289
3942 2340
3943 2361
3948 2104
3949 2367
3968 2461
3969 2489
3972 2132
3978 2366
3982 2310
3983 2328
3984 2388
3985 2402
3988 2309
4007 2389
4009 2441
4012 2428
4015 2430
4020 2412
4022 2457
4024 2446
4031 2272
4036 2485
4039 2528
4040 2268
4041 2449
4042 2554
4046 2584
4048 2506
4051 2525
4058 2448
4062 2505
4064 2297
4065 2494
4067 2577
4070 2307
4077 2395
4080 2306
4082 2508
4084 2432
4085 2560
4087 2363
4088 2391
4095 2510
4096 2551
4102 2530
4103 2511
4109 2452
4113 2565
4128 2523
4129 2588
4131 2553
4133 2606
4134 2644
4136 2725
